2.336973100609611789e-03
7.551231541583547694e-05
4.390173087813309231e-05
2.969515273434808369e-05
2.116993904564878958e-05
1.549099123621999603e-05
1.190426900393504136e-05
9.603773505659774488e-06
7.931203490443295681e-06
6.909707535669440641e-06
6.135534990789892990e-06
5.319371673522255422e-06
4.798041450158052815e-06
4.411890465689793657e-06
4.211975935959344565e-06
3.974407329678797193e-06
3.968663047544396656e-06
3.758419422865699676e-06
3.769312081658426820e-06
3.511656013870379058e-06
3.591133322515816148e-06
3.673230289678031147e-06
3.322607392419740706e-06
3.766215843370446067e-06
3.903151846316177262e-06
2.897521026170579767e-06
3.407969045383651787e-06
4.219293186906725100e-06
3.578136033866030460e-06
2.804804277047878510e-06
3.725757444499322294e-06
3.399256354441604514e-06
4.930330165962005058e-06
2.629132145557378156e-06
3.827867180916655004e-06
3.361121939633448888e-06
3.980977400033225557e-06
3.443724103817657881e-06
3.488838417524675792e-06
4.111014934551349278e-06
4.047517900289676719e-06
3.104013063648380752e-06
3.661222572191036340e-06
3.797060350052561346e-06
3.779739266747128720e-06
3.687077326048893223e-06
3.671404246006204579e-06
4.344420713096042028e-06
2.735743724997519065e-06
3.259739135046402242e-06
3.630910971423872996e-06
3.154027011760262935e-06
3.333832995622287684e-06
3.281804242760699539e-06
3.372688895524334116e-06
3.290044265895630832e-06
3.349287189848837409e-06
3.508749158527279901e-06
3.364167644122062382e-06
3.558273712087611818e-06
3.232818148717342427e-06
3.162380027674771503e-06
3.087596667228353908e-06
3.676519689861379600e-06
2.894716393484486820e-06
3.040571077690401479e-06
3.860249945546456661e-06
3.833269968254171409e-06
2.971026577824886602e-06
3.199734250074470697e-06
3.045657012421543135e-06
3.071937184131456939e-06
3.032560672409090279e-06
2.986270354199405035e-06
2.962796664860434282e-06
2.928710721334937414e-06
2.931898001747867932e-06
2.872969321856544547e-06
2.793425198319709984e-06
2.846169869599179913e-06
2.858573075741332861e-06
2.742224357916711495e-06
2.696395073371604735e-06
2.688729235842401841e-06
2.655017860320185634e-06
2.622340651328158822e-06
2.640649148588636393e-06
2.605556751973381477e-06
2.589192989717048544e-06
2.520795810028175613e-06
2.511614684408414008e-06
2.515452187026312424e-06
2.406701804034128179e-06
2.501861285963969009e-06
2.375459552581560308e-06
2.443375009875126125e-06
2.285760290874350125e-06
2.472021599260188093e-06
2.205326326247814181e-06
2.421318740744027191e-06
2.189322727303988172e-06
2.313230992854187325e-06
2.227584791398839923e-06
2.190458502013825755e-06
2.155553319767022981e-06
2.271206794262070548e-06
2.138662098900567866e-06
2.197953048153067221e-06
2.163914293760172062e-06
2.167544632243334473e-06
2.088971447165022458e-06
2.130658155579112746e-06
2.056863179973333713e-06
2.141571947049669536e-06
1.998777889866687474e-06
2.105394556792816848e-06
1.961660033771295461e-06
2.046077702857473889e-06
1.945894310324547219e-06
2.043428270894765000e-06
1.891210372946261512e-06
2.105388441577815480e-06
1.822928853130179118e-06
2.073038021990214610e-06
1.779079121888571451e-06
2.074262663427361969e-06
1.790591164194665941e-06
1.936907915478513957e-06
1.783796237191381781e-06
1.884790048620743695e-06
1.784203632837488840e-06
1.897508540196213382e-06
1.764572261606645077e-06
1.909788612692864161e-06
1.702335495679108135e-06
1.811821106230127069e-06
1.903997648469157832e-06
1.415157168480618642e-06
1.631762671081560163e-06
1.893515233177822758e-06
1.662390505998700897e-06
1.752165616153433803e-06
1.658920353406756383e-06
1.685263973172368508e-06
1.690786900780949441e-06
1.383607362868133384e-06
1.342846750844728436e-06
1.918362508490645184e-06
1.698992919045849678e-06
1.600061253839157964e-06
1.314069679381191151e-06
1.281942589912432544e-06
1.541660350028450938e-06
1.825437394131768087e-06
1.355250213919134609e-06
1.543836861230829535e-06
1.763741306604060768e-06
1.231406636179599479e-06
1.297713185977045256e-06
1.599192608523480919e-06
1.555191579427628397e-06
1.203436218872866473e-06
1.270449894263947414e-06
1.492363301736077204e-06
1.712739755248549147e-06
1.452549715565965067e-06
9.943221937191992511e-07
1.041533716943377032e-06
1.062200553008096963e-06
1.333718687703822079e-06
1.279035571144504586e-06
1.596088215194413309e-06
1.057789392291397243e-06
1.246476541041374781e-06
1.176873196868655239e-06
1.141077204067642006e-06
1.529511563376217990e-06
1.285080416266737336e-06
1.136343914822646108e-06
1.043605228687738409e-06
1.114311950232149718e-06
2.036483363667684949e-06
7.851812495118792401e-07
1.080781479743109137e-06
1.190587112773755414e-06
1.110416508822709071e-06
1.153169719430025057e-06
1.389615447351388891e-06
1.195298836762503958e-06
9.945769122055025522e-07
1.275284415385158371e-06
9.718297454242018977e-07
1.227026047274648531e-06
9.791254504420976954e-07
1.685763996874811676e-06
6.957267299867453572e-07
9.432144494780913678e-07
1.495542087184276263e-06
7.334133314884639033e-07
1.158923987532034432e-06
1.078694002103475230e-06
1.540273837008498874e-06
7.317233897197184444e-07
1.044831447245542120e-06
1.000215407316318373e-06
9.591250923790540435e-07
1.162577785294161080e-06
1.122439496441529644e-06
7.902670685666635066e-07
1.055517271026928837e-06
9.619974676411402893e-07
1.006562235659202904e-06
1.133495436249631826e-06
9.207933888433217616e-07
9.285547733384191392e-07
1.413641853957869958e-06
7.178484261771700107e-07
9.255671847085977449e-07
9.868633463838705126e-07
1.019180356820470436e-06
1.010420541831536024e-06
1.197043681031573248e-06
9.094313813307053182e-07
9.105431223588311568e-07
1.050272886402581241e-06
9.039130023325014960e-07
8.632253448581650573e-07
9.750165432365065922e-07
8.279147158418709804e-07
9.684182771252380917e-07
8.573720580784538936e-07
1.001823377180244245e-06
9.207015747847435451e-07
8.412314966221856128e-07
9.140220933545606301e-07
1.046172897645192279e-06
6.876237245023730920e-07
1.111070538399872080e-06
1.122335829961684879e-06
9.482612401257028597e-07
1.086293879097865985e-06
9.045154698128499572e-07
6.070940810332103611e-07
8.263639094252539381e-07
7.222177217158787455e-07
8.881386872872098793e-07
1.061881487203208946e-06
6.650021768450642751e-07
8.630536828491131061e-07
8.405761406038436478e-07
8.561068227663781727e-07
8.502332562443370989e-07
7.972662515953743211e-07
8.896793784174405774e-07
8.620250116564421216e-07
7.120539214611199282e-07
9.230091146150698181e-07
7.316805584878238606e-07
9.199832592798884053e-07
7.267743038141816553e-07
8.676273210994622787e-07
8.527467599606098004e-07
9.395177329452053527e-07
6.319879577176834827e-07
7.810620499526521344e-07
8.947971411998878085e-07
7.855480492935384804e-07
7.405687344430589334e-07
8.567029576056483778e-07
9.383722519373804632e-07
5.477002588349932709e-07
8.562075706208815973e-07
8.474878939068730264e-07
6.513632948212944368e-07
8.427962623613893557e-07
7.353387704256420008e-07
8.399384066137827091e-07
7.078483554323611824e-07
7.768034885202723799e-07
8.942627584929141618e-07
6.995506333851153952e-07
7.608792589053337251e-07
7.521331050952540293e-07
3.104161585980591824e-05
1.363352844009568744e-05
2.383924730793296628e-06
1.648041265980282257e-06
1.398118786255508936e-06
1.267680609089438863e-06
1.280384280448743016e-06
1.123885858191897535e-06
1.258733987015148185e-06
1.080700362763309377e-06
1.318969000294600795e-06
1.151969188981638530e-06
9.678382861011414969e-07
9.509632542403778770e-07
9.803221297488561905e-07
1.026988948069629293e-06
1.011634804513050843e-06
9.894558547784982038e-07
9.736057603504378783e-07
1.038814037883639702e-06
9.985993511918423052e-07
1.014405239061488904e-06
9.914699026580819579e-07
9.512647346809899022e-07
1.024186474012367458e-06
9.976971276159929064e-07
9.876791159513232764e-07
9.832629388029090902e-07
9.977576090136608061e-07
9.570049260787526584e-07
9.912498245512323485e-07
9.588256818915397839e-07
9.892694919244604111e-07
9.760157922755751377e-07
9.794202850343936599e-07
9.753336883022711422e-07
9.789218373157382811e-07
9.659758424618302913e-07
9.680425648639356103e-07
9.648871403555859214e-07
9.710647429983510530e-07
9.477964047732712357e-07
9.634391432200572188e-07
9.490778572285307407e-07
9.526460377173862113e-07
9.151007159857726905e-07
9.503797394927459822e-07
9.273600005599291847e-07
9.041575077617380800e-07
9.097826722381796190e-07
9.087080181302554022e-07
8.961990755551596056e-07
9.098684481045893674e-07
8.929444382488327688e-07
8.539447753719286654e-07
9.018224849910439230e-07
9.272213944200302861e-07
7.482205450060063941e-07
9.627090071262501223e-07
7.178916266070700489e-07
8.044576233601219852e-07
8.303653237362595846e-07
9.696757405208700898e-07
8.185776289337809134e-07
9.542350809965682433e-07
7.302794654151512458e-07
9.701419725161031407e-07
8.457897493485688756e-07
8.636504676928780142e-07
8.408134715409687233e-07
7.511435063634053518e-07
7.830456576130018559e-07
8.137872313795924128e-07
9.061118288400393328e-07
9.056801397377967417e-07
8.354362006457449921e-07
8.104954133614228128e-07
7.952378589948239223e-07
8.796570250524382064e-07
7.699135804273282871e-07
8.238072908284266305e-07
7.408931961094822497e-07
8.749696340260016367e-07
7.925104395667404259e-07
8.491240774333163688e-07
7.246944409189381817e-07
8.147543988457073198e-07
8.648335446537203224e-07
7.933582489272338936e-07
7.273957209008585566e-07
6.494208426488512571e-07
8.854297269067501136e-07
7.963407259126142932e-07
6.236813129589790764e-07
8.996384451620542889e-07
6.921754786048950294e-07
8.165889474298637948e-07
8.111474065231050698e-07
7.236056976012150529e-07
8.502185511360948852e-07
7.484784921985010315e-07
7.015882570726716695e-07
6.521851835827874819e-07
7.007834381056454265e-07
1.064768053993247989e-06
7.424790388199653408e-07
7.468626648687858992e-07
7.202819918461500323e-07
7.271202767356044502e-07
7.140867558064201445e-07
6.401220639418170025e-07
6.910914166269322079e-07
7.212385571619961877e-07
7.082869601049423879e-07
9.675994547819755098e-07
7.386236509887567377e-07
7.465364771519489676e-07
7.396957687433314319e-07
7.444964148817234376e-07
7.464258993650218546e-07
7.459030118184273136e-07
7.380263164691314498e-07
7.604898334534482147e-07
7.592314926796461762e-07
7.614108196207780523e-07
7.943362021478606039e-07
9.659884983648225305e-07
8.221722021062305345e-07
7.221468143825404356e-07
7.160755987456468193e-07
7.246755498613311301e-07
6.988550990172370760e-07
6.965848871232083014e-07
8.189760836785354070e-07
7.081298235789290418e-07
7.194232381380060846e-07
7.170928617483696228e-07
7.436982599529074135e-07
7.117847798099319080e-07
7.401230777759338264e-07
7.105029669673968340e-07
7.375859496505654533e-07
7.155284404802842060e-07
7.379560682352348691e-07
6.720206002341911213e-07
8.480792408249726662e-07
7.531560012807858118e-07
8.323356075834453466e-07
6.750442210545770861e-07
6.341302491819078738e-07
7.058594144382368879e-07
7.039310364120865881e-07
6.577097525450881264e-07
8.500631093966148444e-07
7.349746954332658831e-07
7.399979918432109497e-07
7.005854035924130458e-07
6.689303478424335947e-07
6.834720645088054795e-07
6.666953171929890062e-07
7.109000318905600114e-07
7.310969280638346814e-07
6.560259106436205446e-07
7.409373915834293870e-07
6.317819133982994171e-07
8.510943783335278313e-07
7.126589676431649169e-07
6.846756744494087269e-07
6.739389402810047995e-07
6.409468988977096075e-07
6.957755056191672677e-07
6.447579133350699923e-07
7.967416078713541009e-07
7.265473252004994635e-07
6.877891621570597847e-07
6.972776787961265866e-07
6.391963421492619472e-07
6.003214846828086127e-07
8.377596444120172448e-07
6.914198510798996341e-07
6.258429095851170344e-07
6.281977920252756861e-07
7.566951842363778777e-07
7.453280335312228830e-07
6.549534407440659907e-07
6.588179729760667912e-07
6.077744319554768037e-07
7.752292597729138051e-07
7.012617967916411988e-07
6.039300126303715272e-07
6.738687048368774413e-07
6.305280027163462195e-07
7.471152380844614866e-07
6.379025600722343709e-07
6.495842120557427121e-07
7.114545726949472779e-07
6.975570329359470422e-07
6.376163452159743872e-07
7.313054197766177822e-07
6.636456893716058699e-07
6.035395384174080772e-07
6.539583455378306564e-07
7.330756858436870759e-07
6.906025370767565322e-07
6.476129314592072174e-07
6.626755313732246238e-07
7.313472164582890358e-07
6.401573736525279073e-07
5.861204371626627319e-07
6.572249276359797963e-07
7.594779557962282968e-07
6.362520628044876588e-07
5.790872296529414217e-07
6.739230781249716486e-07
7.263413093028248283e-07
6.309461878117872783e-07
6.556902135912423334e-07
6.773864879505708348e-07
6.585484590004852962e-07
6.139689099882161319e-07
6.990194594891363988e-07
6.276031530205727735e-07
6.857589954734066893e-07
6.167063406792294530e-07
6.058450409796023874e-07
7.039999019298193161e-07
6.347416359631096870e-07
6.460744529590556128e-07
5.841126130690099544e-07
6.734097584626397758e-07
6.989354187680873978e-07
6.303975729338162510e-07
6.251541873325549860e-07
6.230565898590612220e-07
6.605759188005322866e-07
6.374588448920804166e-07
6.147470227801931731e-07
5.943732938362699928e-07
6.829789580820033480e-07
6.417093641175597186e-07
5.843008378292324736e-07
6.214012645955335375e-07
6.901744001197584598e-07
6.290179968004849798e-07
5.581421359579508092e-07
7.011895448272298805e-07
6.374881448323321777e-07
5.815543389076083258e-07
6.418300236532559507e-07
6.530958486905547457e-07
5.526583348114399530e-07
6.679037647927543222e-07
6.560770000874071885e-07
6.106255037252594690e-07
6.008066873164352474e-07
5.563405969155610449e-07
6.346511744936833650e-07
7.081201900405176275e-07
6.118706141933216544e-07
5.690273113145849069e-07
5.921237959682912587e-07
6.360176453767962346e-07
6.621830789299565325e-07
6.182037836310882783e-07
5.685498388174891662e-07
6.376078187031452660e-07
6.175405431463332206e-07
5.966130584056372712e-07
6.097693790252378337e-07
6.297152751244539316e-07
6.010741901718575063e-07
5.906124869170525926e-07
6.208569286059173845e-07
7.059075150550598263e-07
6.487082558237488715e-07
5.046095304805931064e-07
6.598239181698772882e-07
6.159502277114370372e-07
5.334918452604142616e-07
5.981159196721819256e-07
5.809894162212003933e-07
6.194944575099725625e-07
6.379742066542349063e-07
6.065344265948624313e-07
5.798231063636194957e-07
6.105764444441774304e-07
6.051807770290906943e-07
5.660332993784322414e-07
5.737584908160897739e-07
6.155199017143786477e-07
6.073245327797849271e-07
6.417067484676409106e-07
5.898037235851916702e-07
5.295594095855448887e-07
6.364664352531690087e-07
6.522726332036654978e-07
5.810394719674150237e-07
5.178474813760658096e-07
6.232318301613304187e-07
6.014330756443087308e-07
5.511921750667169764e-07
5.832602951727494656e-07
6.539382980008667377e-07
6.054802079802357100e-07
5.603251685215581917e-07
5.425740533837597171e-07
5.621955111223542401e-07
5.745971864712373899e-07
6.802055733601263899e-07
6.229426381310077061e-07
5.113139528134525177e-07
5.663017802248760047e-07
5.527533946292351005e-07
5.920034280393338291e-07
5.961090855066686641e-07
6.180540017908242251e-07
5.882364814624451799e-07
5.430468149825173684e-07
5.555276402446906802e-07
5.766721551481168632e-07
5.730185594643444601e-07
6.213995592929677133e-07
6.121045669260638491e-07
5.645622195515897845e-07
5.127506338453713355e-07
5.936572975429044163e-07
6.148233214275933744e-07
5.680916515871104123e-07
5.172308354417510199e-07
5.749115203457222802e-07
5.474728760646030127e-07
5.994850687329744348e-07
5.632662632137907822e-07
6.140337629290115898e-07
5.749201665139480229e-07
5.193979328055320069e-07
5.769336090111209942e-07
5.479145869458079476e-07
5.786625436599024397e-07
6.014148698341159235e-07
5.746653522464839117e-07
5.216709098476712401e-07
5.560966684470259193e-07
5.692684240443668598e-07
6.530591409159569212e-07
6.074851606285846998e-07
4.827954890629370924e-07
5.864925961418521310e-07
5.783759729638405060e-07
5.644040604124711197e-07
5.315797380944786921e-07
5.489513637257914270e-07
6.282094662424242246e-07
5.665482740369043652e-07
4.926990041553835866e-07
5.797590000611307618e-07
5.800614295026207909e-07
5.885357313673012001e-07
5.366986127341988703e-07
5.142924186429809282e-07
6.551995389258991350e-07
5.720845544487928638e-07
4.778469249799855345e-07
5.949091638512981875e-07
5.625938243269956517e-07
5.217626974740596949e-07
5.229823241847953267e-07
6.009851333033111798e-07
5.625055661084843620e-07
4.992514169543938193e-07
5.922946132841388663e-07
5.783455188179686872e-07
6.487716049718983625e-07
5.495145549616609144e-07
5.038533186052518601e-07
5.173665655888726178e-07
5.892866155932097384e-07
5.497517926755790244e-07
5.072906796499410459e-07
5.567562055830421741e-07
5.979610119766220567e-07
5.425624161148334594e-07
5.054467450804623209e-07
5.435008171161826012e-07
5.764207779179741623e-07
5.660465569690131730e-07
5.265181781055616273e-07
5.453163907986891202e-07
5.383676159453898308e-07
5.991327500964871264e-07
5.252091989405016351e-07
5.227436096788551876e-07
5.634095867890209520e-07
5.979148414780866471e-07
5.369151304535080398e-07
5.021095986990075987e-07
5.305852309334114051e-07
6.440916104111238086e-07
5.504113042320568342e-07
4.840771364911233789e-07
5.382669064601941796e-07
5.460319187022832709e-07
5.334847168114720600e-07
5.360299110179766970e-07
5.073550508427615738e-07
5.771708299562305445e-07
5.450099263271112905e-07
4.885540025156842222e-07
6.262146118274358784e-07
5.440846913984387483e-07
5.165578016885774136e-07
4.907684646582310834e-07
5.886087691919783326e-07
5.386039700283617538e-07
4.959586846098317923e-07
5.207312048582934610e-07
5.307572348556277321e-07
