1.307108402252197266e-01
3.161059319972991943e-02
1.400743424892425537e-02
1.502085290849208832e-02
1.591979339718818665e-02
1.225814968347549438e-02
9.125259704887866974e-03
8.872579783201217651e-03
9.813948534429073334e-03
1.051457040011882782e-02
1.034368854016065598e-02
9.300943464040756226e-03
7.821385748684406281e-03
6.355403922498226166e-03
5.165829323232173920e-03
4.328883718699216843e-03
3.765370696783065796e-03
3.553313901647925377e-03
3.336430294439196587e-03
2.984288381412625313e-03
2.613925607874989510e-03
2.335499040782451630e-03
2.160171978175640106e-03
2.029058057814836502e-03
1.755863660946488380e-03
1.421241322532296181e-03
1.176484744064509869e-03
1.102764857932925224e-03
1.153923803940415382e-03
1.206176588311791420e-03
1.193609088659286499e-03
1.102505950257182121e-03
9.800090920180082321e-04
8.666502544656395912e-04
7.529220310971140862e-04
6.536483415402472019e-04
6.088451482355594635e-04
6.206636317074298859e-04
6.109670503064990044e-04
5.717151216231286526e-04
5.159914144314825535e-04
4.522465751506388187e-04
4.041879437863826752e-04
3.792779461946338415e-04
3.685383708216249943e-04
3.604162484407424927e-04
3.457553684711456299e-04
3.255920019000768661e-04
3.010642540175467730e-04
2.753033186309039593e-04
2.557459520176053047e-04
2.464753633830696344e-04
2.450670581310987473e-04
2.451479085721075535e-04
2.427248255116865039e-04
2.357315097469836473e-04
2.249889366794377565e-04
2.133624075213447213e-04
2.039140235865488648e-04
1.971932506421580911e-04
1.924601529026404023e-04
1.891263673314824700e-04
1.862896897364407778e-04
1.830763649195432663e-04
1.793610281310975552e-04
1.754564291331917048e-04
1.721386506687849760e-04
1.693280355539172888e-04
1.673101214691996574e-04
1.660000416450202465e-04
1.652282226132228971e-04
1.640392583794891834e-04
1.620991388335824013e-04
1.595415524207055569e-04
1.563897094456478953e-04
1.531663874629884958e-04
1.503859966760501266e-04
1.483871747041121125e-04
1.468610425945371389e-04
1.454961893614381552e-04
1.443102373741567135e-04
1.429474068572744727e-04
1.414875732734799385e-04
1.396871812175959349e-04
1.381923793815076351e-04
1.367622171528637409e-04
1.355092390440404415e-04
1.342355826636776328e-04
1.331542298430576921e-04
1.320299634244292974e-04
1.309016952291131020e-04
1.296419068239629269e-04
1.284037716686725616e-04
1.272623339900746942e-04
1.261317520402371883e-04
1.251158246304839849e-04
1.241106656379997730e-04
1.231342030223459005e-04
1.222132414113730192e-04
1.212368078995496035e-04
1.202739658765494823e-04
1.193142888951115310e-04
1.183699641842395067e-04
1.173598429886624217e-04
1.164117638836614788e-04
1.155570280388928950e-04
1.147491857409477234e-04
1.139672676799818873e-04
1.131329481722787023e-04
1.122571557061746716e-04
1.114734623115509748e-04
1.106804556911811233e-04
1.099585060728713870e-04
1.093105092877522111e-04
1.086241827579215169e-04
1.079663488781079650e-04
1.073116363841108978e-04
1.066586264641955495e-04
1.059883215930312872e-04
1.053575469995848835e-04
1.047197220032103360e-04
1.041042996803298593e-04
1.034892629832029343e-04
1.029157574521377683e-04
1.023408694891259074e-04
1.017776958178728819e-04
1.012004213407635689e-04
1.006459206109866500e-04
1.001370983431115746e-04
9.954971028491854668e-05
9.902497549774125218e-05
9.854813833953812718e-05
9.806167508941143751e-05
9.755323117133229971e-05
9.706513083074241877e-05
9.661073272582143545e-05
9.614016744308173656e-05
9.565724758431315422e-05
9.518534352537244558e-05
9.473189129494130611e-05
9.427279292140156031e-05
9.386157034896314144e-05
9.343299461761489511e-05
9.301457612309604883e-05
9.259799116989597678e-05
9.220848005497828126e-05
9.180360939353704453e-05
9.140162001131102443e-05
9.102445619646459818e-05
9.067125211004167795e-05
9.029600914800539613e-05
8.995733514893800020e-05
8.962363062892109156e-05
8.929097384680062532e-05
8.895669452613219619e-05
8.863364200806245208e-05
8.835234621074050665e-05
8.802574302535504103e-05
8.771575085120275617e-05
8.743561193114146590e-05
8.712749695405364037e-05
8.684310887474566698e-05
8.656816498842090368e-05
8.629685908090323210e-05
8.602922025602310896e-05
8.574484672863036394e-05
8.548429468646645546e-05
8.522926509613171220e-05
8.497686940245330334e-05
8.472955232718959451e-05
8.450274617644026875e-05
8.425972191616892815e-05
8.401877130381762981e-05
8.378289930988103151e-05
8.355504542123526335e-05
8.332833385793492198e-05
8.310682460432872176e-05
8.288928802357986569e-05
8.267418888863176107e-05
8.246067591244354844e-05
8.225268538808450103e-05
8.204575715353712440e-05
8.184819307643920183e-05
8.164880273398011923e-05
8.145172614604234695e-05
8.126267493935301900e-05
8.106573659460991621e-05
8.088581671472638845e-05
8.070461626630276442e-05
8.052476914599537849e-05
8.031442121136933565e-05
8.015502680791541934e-05
7.998336513992398977e-05
7.981300586834549904e-05
7.964710675878450274e-05
7.948429265525192022e-05
7.931770960567519069e-05
7.915606693131849170e-05
7.899733464000746608e-05
7.883780926931649446e-05
7.868316606618463993e-05
7.849528628867119551e-05
7.833663403289392591e-05
7.817979349056258798e-05
7.802521577104926109e-05
7.787399226799607277e-05
7.772636308800429106e-05
7.757690764265134931e-05
7.745303446426987648e-05
7.731070218142122030e-05
7.717348489677533507e-05
7.703327719355002046e-05
7.689915219089016318e-05
7.676181121496483684e-05
7.662587449885904789e-05
7.649080362170934677e-05
7.635358633706346154e-05
7.622752309544011950e-05
7.610242755617946386e-05
7.597437070216983557e-05
7.584655395476147532e-05
7.571959577035158873e-05
7.559387449873611331e-05
7.546787674073129892e-05
7.534605538239702582e-05
7.522455416619777679e-05
7.510379509767517447e-05
7.497869228245690465e-05
7.486103277187794447e-05
7.474388257833197713e-05
7.462939538527280092e-05
7.450146949850022793e-05
7.437374733854085207e-05
7.426337833749130368e-05
7.415509026031941175e-05
7.404706411762163043e-05
7.394071872113272548e-05
7.383509364444762468e-05
7.373264816123992205e-05
7.362639735220000148e-05
7.351962267421185970e-05
7.341444143094122410e-05
7.331043161684647202e-05
7.320185250137001276e-05
7.309814100153744221e-05
7.299237040570005774e-05
7.289163477253168821e-05
7.279237615875899792e-05
7.269321940839290619e-05
7.259393169078975916e-05
7.249751797644421458e-05
7.239519618451595306e-05
7.229964830912649632e-05
7.220564293675124645e-05
7.210089097497984767e-05
7.199989340733736753e-05
7.190388714661821723e-05
7.180737884482368827e-05
7.171527249738574028e-05
7.161231769714504480e-05
7.152696343837305903e-05
7.143391849240288138e-05
7.134114275686442852e-05
7.124885451048612595e-05
7.115711923688650131e-05
7.106399425538256764e-05
7.096825720509514213e-05
7.086336700012907386e-05
7.076441397657617927e-05
7.066728721838444471e-05
7.057583570713177323e-05
7.048458792269229889e-05
7.039455522317439318e-05
7.030196138657629490e-05
7.021917554084211588e-05
7.013542926870286465e-05
7.004693907219916582e-05
6.996287265792489052e-05
6.987879169173538685e-05
6.979114550631493330e-05
6.970397953409701586e-05
6.963174382690340281e-05
6.954752461751922965e-05
6.946036592125892639e-05
6.937162106623873115e-05
6.928422953933477402e-05
6.920510350028052926e-05
6.911071250215172768e-05
6.901866436237469316e-05
6.892753299325704575e-05
6.883663445478305221e-05
6.874691462144255638e-05
6.866150943096727133e-05
6.857840344309806824e-05
6.849423516541719437e-05
6.841182766947895288e-05
6.832888902863487601e-05
6.825019227107986808e-05
6.817362736910581589e-05
6.809787009842693806e-05
6.802447751397266984e-05
6.795135413995012641e-05
6.788245809730142355e-05
6.781543925171718001e-05
6.774975190637633204e-05
6.768510502297431231e-05
6.762081466149538755e-05
6.755876529496163130e-05
6.749782187398523092e-05
6.743791891494765878e-05
6.737877265550196171e-05
6.732066685799509287e-05
6.726299034198746085e-05
6.720597593812271953e-05
6.715089693898335099e-05
6.709617446176707745e-05
6.704271800117567182e-05
6.698998913634568453e-05
6.693780596833676100e-05
6.688595021842047572e-05
6.683458923362195492e-05
6.678282807115465403e-05
6.673230382148176432e-05
6.668263813480734825e-05
6.663348904112353921e-05
6.658492202404886484e-05
6.654689786955714226e-05
6.649897113675251603e-05
6.645136454608291388e-05
6.640365609200671315e-05
6.635023601120337844e-05
6.630406278418377042e-05
6.625735841225832701e-05
6.620711064897477627e-05
6.616117752855643630e-05
6.611592834815382957e-05
6.607061368413269520e-05
6.602574285352602601e-05
6.598176696570590138e-05
6.593963189516216516e-05
6.589721306227147579e-05
6.585484516108408570e-05
6.581292836926877499e-05
6.577142630703747272e-05
6.573004793608561158e-05
6.568959361175075173e-05
6.564943760167807341e-05
6.560973270097747445e-05
6.556989683303982019e-05
6.553068669745698571e-05
6.549191311933100224e-05
6.545350333908572793e-05
6.541574839502573013e-05
6.537829176522791386e-05
6.534140993608161807e-05
6.530499376822263002e-05
6.526827201014384627e-05
6.523200863739475608e-05
6.519872113130986691e-05
6.516382563859224319e-05
6.512489198939874768e-05
6.509006198029965162e-05
6.505827332148328424e-05
6.502275209641084075e-05
6.498645961983129382e-05
6.495416891993954778e-05
6.492130341939628124e-05
6.488697545137256384e-05
6.485267658717930317e-05
6.482138996943831444e-05
6.478920840891078115e-05
6.475635018432512879e-05
6.472517270594835281e-05
6.469368963735178113e-05
6.466249760705977678e-05
6.463126192102208734e-05
6.460055737989023328e-05
6.456983828684315085e-05
6.453831156250089407e-05
6.450823275372385979e-05
6.447897612815722823e-05
6.444954487960785627e-05
6.442015001084655523e-05
6.439124990720301867e-05
6.436266994569450617e-05
6.433419184759259224e-05
6.430578650906682014e-05
6.427782500395551324e-05
6.425008905353024602e-05
6.422225851565599442e-05
6.419456622097641230e-05
6.416717224055901170e-05
6.413990195142105222e-05
6.411236972780898213e-05
6.408532499335706234e-05
6.405845488188788295e-05
6.403192674042657018e-05
6.400550046237185597e-05
6.397931429091840982e-05
6.395346281351521611e-05
6.392767681973055005e-05
6.390216731233522296e-05
6.387617031577974558e-05
6.384895095834508538e-05
6.382334686350077391e-05
6.379815749824047089e-05
6.377284444170072675e-05
6.374741496983915567e-05
6.372241477947682142e-05
6.369734182953834534e-05
6.367340392898768187e-05
6.364934961311519146e-05
6.362541898852214217e-05
6.360185943776741624e-05
6.357838719850406051e-05
6.355496589094400406e-05
6.353144999593496323e-05
6.350791227305307984e-05
6.348441820591688156e-05
6.346144073177129030e-05
6.343847780954092741e-05
6.341555126709863544e-05
6.339266838040202856e-05
6.337022205116227269e-05
6.334706267807632685e-05
6.332437624223530293e-05
6.330176984192803502e-05
6.327912706183269620e-05
6.325662252493202686e-05
6.323415436781942844e-05
6.321222463157027960e-05
6.319003296084702015e-05
6.316791404969990253e-05
6.314576603472232819e-05
6.312389450613409281e-05
6.310205935733392835e-05
6.308011506916955113e-05
6.305835995590314269e-05
6.303652480710297823e-05
6.301479879766702652e-05
6.299324741121381521e-05
6.297147774603217840e-05
6.295007915468886495e-05
6.292872421909123659e-05
6.290726742008700967e-05
6.288536678766831756e-05
6.286432471824809909e-05
6.284261326072737575e-05
6.282178947003558278e-05
6.280047091422602534e-05
6.277939246501773596e-05
6.275836494751274586e-05
6.273786857491359115e-05
6.271767779253423214e-05
6.269783625612035394e-05
6.267781282076612115e-05
6.265706178965047002e-05
6.263802060857415199e-05
6.261631642701104283e-05
6.259648944251239300e-05
6.257621862459927797e-05
6.255738117033615708e-05
6.253793253563344479e-05
6.251900049392133951e-05
6.249993748497217894e-05
6.247864803299307823e-05
6.245993427000939846e-05
6.244195537874475121e-05
6.242287054192274809e-05
6.241086521185934544e-05
6.239194772206246853e-05
6.237289198907092214e-05
6.235238106455653906e-05
6.233277235878631473e-05
6.231355655472725630e-05
6.229485006770119071e-05
6.227464473340660334e-05
6.225797551451250911e-05
6.223763193702325225e-05
6.221944204298779368e-05
6.220154318725690246e-05
6.218371709110215306e-05
6.216600013431161642e-05
6.214836321305483580e-05
6.213058077264577150e-05
6.211300205904990435e-05
6.209533603396266699e-05
6.207740079844370484e-05
6.205935642356052995e-05
6.204168312251567841e-05
6.202475196914747357e-05
6.200686038937419653e-05
6.199197378009557724e-05
6.197429320309311152e-05
6.195691821631044149e-05
6.194088928168639541e-05
6.192197179188951850e-05
6.190522253746166825e-05
6.188641418702900410e-05
6.186865357449278235e-05
6.184935045894235373e-05
6.182947981869801879e-05
6.180968921398743987e-05
6.178823969094082713e-05
6.176822353154420853e-05
6.174750888021662831e-05
6.172982830321416259e-05
6.171240238472819328e-05
6.169921834953129292e-05
6.167603714857250452e-05
6.165770173538476229e-05
6.163807847769930959e-05
6.161662167869508266e-05
6.159541953820735216e-05
6.157152529340237379e-05
6.155291339382529259e-05
6.153486174298450351e-05
6.151646812213584781e-05
6.150330591481178999e-05
6.148789543658494949e-05
6.147533713374286890e-05
6.146095984149724245e-05
6.144284270703792572e-05
6.142169149825349450e-05
6.140182813396677375e-05
6.138491153251379728e-05
6.136828596936538815e-05
6.135375588200986385e-05
6.133884016890078783e-05
6.132135604275390506e-05
6.130555993877351284e-05
6.128865061327815056e-05
6.127288361312821507e-05
6.125681102275848389e-05
6.123957427917048335e-05
6.122396735008805990e-05
6.120691978139802814e-05
6.118966848589479923e-05
6.117240991443395615e-05
6.115721043897792697e-05
6.113962444942444563e-05
6.112395931268110871e-05
6.110854155849665403e-05
6.109233072493225336e-05
6.107634544605389237e-05
6.106187356635928154e-05
6.104569183662533760e-05
6.102825136622413993e-05
6.101377948652952909e-05
6.099684833316132426e-05
6.098256562836468220e-05
6.096723518567159772e-05
6.095053686294704676e-05
6.093451520428061485e-05
6.091941031627357006e-05
6.090348688303492963e-05
6.088857844588346779e-05
6.087417932576499879e-05
6.086117355152964592e-05
6.084694541641511023e-05
6.082961044739931822e-05
6.081918400013819337e-05
6.080510502215474844e-05
6.078672595322132111e-05
6.077623402234166861e-05
6.076310455682687461e-05
6.074678094591945410e-05
6.073113763704895973e-05
6.071793177397921681e-05
6.070373638067394495e-05
6.069107621442526579e-05
6.067720460123382509e-05
6.066216883482411504e-05
6.064819172024726868e-05
6.063315959181636572e-05
6.061868771212175488e-05
6.060439045540988445e-05
6.059019142412580550e-05
6.057605787646025419e-05
6.056184065528213978e-05
6.054821278667077422e-05
6.053524703020229936e-05
6.052210665075108409e-05
6.050673255231231451e-05
6.049634248483926058e-05
6.048147406545467675e-05
6.046927592251449823e-05
6.045441477908752859e-05
6.044428300810977817e-05
6.042704626452177763e-05
6.041356391506269574e-05
6.039877916919067502e-05
6.038461651769466698e-05
6.036892591509968042e-05
6.035328624420799315e-05
6.033613317413255572e-05
6.032708188286051154e-05
6.030439544701948762e-05
6.029006544849835336e-05
6.027445124345831573e-05
6.025858965585939586e-05
6.024847971275448799e-05
6.023061359883286059e-05
6.021531225997023284e-05
6.019776628818362951e-05
6.018289059284143150e-05
6.016629777150228620e-05
6.015284088789485395e-05
6.013740494381636381e-05
6.012530866428278387e-05
6.010739525663666427e-05
6.009267963236197829e-05
6.007675619912333786e-05
6.006206967867910862e-05
6.004836905049160123e-05
6.003591988701373339e-05
6.002193549647927284e-05
6.000824214424937963e-05
5.999338463880121708e-05
5.997921107336878777e-05
5.996384788886643946e-05
5.994892853777855635e-05
5.993303057039156556e-05
5.991588841425254941e-05
5.990489808027632535e-05
5.988533303025178611e-05
5.987197801005095243e-05
5.985691677778959274e-05
5.984218296362087131e-05
5.983107985230162740e-05
5.981574577162973583e-05
5.980407149763777852e-05
5.978948320262134075e-05
5.977232649456709623e-05
5.975610110908746719e-05
5.974429222987964749e-05
5.972637518425472081e-05
5.971330756437964737e-05
5.969794074189849198e-05
5.968124969513155520e-05
5.967261313344351947e-05
5.965275340713560581e-05
5.964252341073006392e-05
5.963126022834330797e-05
5.961664282949641347e-05
5.959924237686209381e-05
5.958171095699071884e-05
5.957303437753580511e-05
5.955425876891240478e-05
5.954315929557196796e-05
5.952865467406809330e-05
5.951132334303110838e-05
5.950070772087201476e-05
5.948626858298666775e-05
5.947074896539561450e-05
5.945905286353081465e-05
5.944509030086919665e-05
5.942929419688880444e-05
5.941442213952541351e-05
5.940238770563155413e-05
5.938725371379405260e-05
5.937518290011212230e-05
5.936191882938146591e-05
5.934606087976135314e-05
5.933344436925835907e-05
5.931941632297821343e-05
5.930658517172560096e-05
5.929462349740788341e-05
5.928223981754854321e-05
5.926967423874884844e-05
5.926267476752400398e-05
5.924933066125959158e-05
5.924158540437929332e-05
5.923043499933555722e-05
5.921704723732545972e-05
5.920570401940494776e-05
5.918882743571884930e-05
5.916983718634583056e-05
5.914895882597193122e-05
5.912938649998977780e-05
5.911343032494187355e-05
5.909953324589878321e-05
5.908817911404184997e-05
5.907701051910407841e-05
5.906491060159169137e-05
5.905171929043717682e-05
5.903596320422366261e-05
5.902176781091839075e-05
5.900604082853533328e-05
5.898889867239631712e-05
5.897903974982909858e-05
5.896185757592320442e-05
5.895128924748860300e-05
5.894144123885780573e-05
5.892555782338604331e-05
5.890948523301631212e-05
5.889529711566865444e-05
5.888073064852505922e-05
5.886696817469783127e-05
5.885061909793876112e-05
