1.426884147028128352e-02
4.837199797232945818e-03
5.866476315228889241e-04
3.099164251276912752e-04
1.470574565852681814e-04
4.593870174479282862e-05
2.338397759255409771e-05
2.081296806863974644e-05
1.913782816700404645e-05
1.786591922912824301e-05
1.674464529060060091e-05
1.572876190039096536e-05
1.481422295910306309e-05
1.399173537114014149e-05
1.323260360853358471e-05
1.253728535933381246e-05
1.172161194820849490e-05
1.075218830616601410e-05
1.019484110050446721e-05
9.666007160073302235e-06
9.196913591343521677e-06
8.806952670662819549e-06
8.444924818225748103e-06
8.102390863011047978e-06
7.803427130662991807e-06
7.867565636843210425e-06
8.403630439109595351e-06
7.086201094352873042e-06
6.851216615662754541e-06
6.697031661436388805e-06
6.507020725621259941e-06
6.381422417689464394e-06
6.244754422368714247e-06
6.131670519001393776e-06
6.106194966074932592e-06
6.155739144257192133e-06
5.805925972405626664e-06
6.351175791981708033e-06
5.602493714225905383e-06
5.568398015990775304e-06
6.329633394367798796e-06
5.502378220019939384e-06
5.235647419491821703e-06
5.513505099467390019e-06
5.176013610252994451e-06
5.350743701152775409e-06
5.307833119635082217e-06
5.206219945345461594e-06
5.738759925103901519e-06
4.839367678262836497e-06
5.205211982683976773e-06
4.701342595581081357e-06
6.004276777578828631e-06
4.632680762976329999e-06
4.726914130515069531e-06
5.458833265947760422e-06
5.063500915033122299e-06
4.425917525926100288e-06
4.834929071269774245e-06
4.311012571633909998e-06
6.480845225572314650e-06
4.501024788320743747e-06
4.232229647035031142e-06
4.298635508348524697e-06
4.656728682069418049e-06
4.181506263497188927e-06
4.375960603889931388e-06
4.392440215876073845e-06
4.400181220868641483e-06
4.419409394055643683e-06
5.394713343775947409e-06
4.361421148738978995e-06
3.903907228656559350e-06
4.904534231779204653e-06
3.946105554556803707e-06
4.097535558382029405e-06
4.441507803676358551e-06
4.167940642219036987e-06
4.320285400657060754e-06
4.276874127147796592e-06
3.928585912641816871e-06
5.273256965665495616e-06
3.831872428842568276e-06
4.383579842700177112e-06
1.505185553772510828e-05
4.422628633922916738e-06
3.572769999967325211e-06
3.544533046806463802e-06
3.753335552877009367e-06
3.661625934607096962e-06
3.888431441131008817e-06
3.640574232122162526e-06
4.316897525313834533e-06
3.487410216015026425e-06
5.947178427353112986e-06
3.837540846992245141e-06
3.455190487026508615e-06
3.565058106384337217e-06
3.634139602581853978e-06
3.783851775551738598e-06
3.904710411006817594e-06
4.186947171547216956e-06
3.717392852801518994e-06
3.585186156366641351e-06
4.228830584906973284e-06
3.535204496074584482e-06
4.818143399158240225e-06
9.167345948905373726e-06
3.724652250033007921e-06
4.180747456909254123e-06
3.261623040392199517e-06
3.671899874764979718e-06
3.348058339724957647e-06
3.942633998121891467e-06
3.283793648733990098e-06
4.042189561914710624e-06
3.405480561013973868e-06
3.523538036157939597e-06
3.820270861372894974e-06
3.380541526591211360e-06
7.917241987343004439e-06
4.492368975661520211e-06
5.517402003836953744e-06
1.098462817026302252e-05
2.523902628581708996e-05
1.199523198859727378e-03
1.339196538416823892e-03
6.465188635047524896e-05
1.357596775051206384e-05
1.005223903121077388e-05
8.941900280963940490e-06
8.184560889882656887e-06
7.589260576423839666e-06
7.120206631346566969e-06
6.731702569595654495e-06
6.385423269724318532e-06
6.100470818637404252e-06
5.844797957858342141e-06
5.630309442494763231e-06
5.408242168414290402e-06
5.226251020455189614e-06
5.056118394956380863e-06
4.887693557975581255e-06
4.715629969117192918e-06
4.582074022133990163e-06
4.467933240448473783e-06
4.367677668900190627e-06
4.254809338514557376e-06
4.158637716500379950e-06
4.087361738432567807e-06
4.050710216082128132e-06
4.062479441320950871e-06
3.985758265419766378e-06
4.081851208563117536e-06
4.078051771709094092e-06
4.173984977266324317e-06
3.775693570181222999e-06
3.964716559797428111e-06
4.086500863801726874e-06
3.934312697613980692e-06
3.812168279182515192e-06
4.781889629157376476e-06
3.559837296052137390e-06
4.117715449562335020e-06
3.701590503624174574e-06
4.176141139093184604e-06
3.948444494502231253e-06
3.962103157088373548e-06
4.155643356777242314e-06
3.902891952141847490e-06
4.823130628513657050e-06
4.046823528369714379e-06
3.460964452036326483e-06
4.147897410196795665e-06
3.797776753344806081e-06
3.947034785293605277e-06
3.700643886380324507e-06
4.213615504037685452e-06
3.613107484549497607e-06
4.333619479742386618e-06
3.545909680724434851e-06
4.922323281183101773e-06
3.972562118785086779e-06
3.239521925024746367e-06
4.386135924505652098e-06
3.226628844762065561e-06
5.368209372136334423e-06
3.469780585874104957e-06
3.189901023385270132e-06
3.364685994711180683e-06
5.128476338237911688e-06
3.259962378857987016e-06
4.232772365260947101e-06
3.579272803714654296e-06
3.712256814954647061e-06
3.661408921592131370e-06
4.765190578837064264e-06
3.811169267464720009e-06
3.189485937582503539e-06
3.940038565512319829e-06
3.638766869092554221e-06
3.878608921089229075e-06
3.680066295904301220e-06
3.925831530674865441e-06
3.901492702122292750e-06
3.527471555268372593e-06
4.244586648383119609e-06
4.245913411674943724e-06
3.712228423561707026e-06
3.222512107943960663e-06
4.952151039105956781e-06
3.146943186038697604e-06
3.425274424747233858e-06
3.454418909617136980e-06
3.444984092008477895e-06
3.455967460771110572e-06
4.692602374234411400e-06
3.193174832934649562e-06
3.367363926069325782e-06
3.376540962563012557e-06
3.481095041024673349e-06
3.513470422452277024e-06
3.469825613440965204e-06
3.491844965234728629e-06
3.494389094763998295e-06
3.507667687093392678e-06
3.531133575052080972e-06
3.741321597772184844e-06
3.414879339895075201e-06
3.597556496970355680e-06
3.583362543698361341e-06
3.589955955855354554e-06
3.456696557198786755e-06
2.976626145330858995e-06
8.888815121584533658e-06
3.288926336608710699e-06
2.922401631622051524e-06
2.973900988460324507e-06
3.398140514339805397e-06
3.411342951646171694e-06
3.526962988568508885e-06
3.620706252149830107e-06
3.499010214606338660e-06
2.918523932748939842e-06
8.735301131916154232e-06
2.967385444208048115e-06
3.120058416546574610e-06
3.298880248318407106e-06
3.489595595359181167e-06
3.679570613712712487e-06
3.305416195568492650e-06
6.415528885857687233e-06
5.616196359975826060e-05
4.575938498116253610e-05
5.927001423818486178e-06
3.147687167862992832e-06
2.910842295023030771e-06
2.859016459903311253e-06
2.835271773922916699e-06
2.818853477037919050e-06
2.803799861794686707e-06
2.789938798741786656e-06
2.780409742323778838e-06
2.779956813962295920e-06
2.788501137729326559e-06
2.802289335098369964e-06
2.792871661464838960e-06
2.743868708421359601e-06
2.723293065779822977e-06
2.719119849340737896e-06
2.722146753815953436e-06
2.714382283860080226e-06
2.693688550910640790e-06
2.695267676244839010e-06
2.728283955851414354e-06
2.854737689024962682e-06
3.273643452909406289e-06
3.305744932428448644e-06
3.213818157140242980e-06
4.121254399554649142e-06
1.101794501513116594e-05
3.016544936447947653e-06
2.700742978352839706e-06
2.663518671397469006e-06
2.655219418556953315e-06
2.688550773655151631e-06
2.903844718578814726e-06
3.415624875439486099e-06
3.210623693424471174e-06
3.609388204495189542e-06
4.880882943325559439e-06
3.423496946197701787e-06
3.362750173134069438e-06
5.593988923161911072e-06
4.798015508337509155e-06
2.691201840813543450e-06
3.283754055397973029e-06
4.214052273709966928e-06
3.903420561831202026e-06
3.521252877665877709e-06
6.562691495067459432e-06
3.053886215790650377e-06
3.348343640633781074e-06
3.719929433524763691e-06
4.348949414634262381e-06
3.649224034537231366e-06
5.362552580360595109e-06
3.688950603949100231e-06
3.476968663562729574e-06
7.985536202189299010e-06
5.592358184003387239e-06
2.969018199413160991e-06
2.796145804495609069e-06
3.324183679372557340e-06
3.094462870952459715e-06
6.675503891528933648e-06
6.951020653408098232e-06
2.832172208400152073e-06
2.750069222656747940e-06
3.273160283849089420e-06
3.380178251669955454e-06
2.944246989500243047e-06
9.132368851775633778e-06
2.982472021055097240e-06
2.890556174861558247e-06
3.394264035705418707e-06
3.191194377905049065e-06
4.116127896243900428e-06
6.224268471063017916e-06
2.809458768145608236e-06
3.190932769333206230e-06
3.637751365204166917e-06
6.283224782540249201e-06
3.407951097263624793e-06
3.595120642785332335e-06
3.029784875252517110e-06
5.562642165083767606e-06
6.652089405179140497e-06
2.909504413158477397e-06
2.724164335177192528e-06
3.614960792219789995e-06
4.716832730385552697e-06
3.759389884786893712e-06
3.742678707870557721e-06
9.595385229962023765e-06
6.053550866151150711e-06
2.757819947873940776e-06
2.861761530918253452e-06
3.020255204925585341e-06
3.135447862708436607e-06
3.486728701318497770e-06
3.754446796241002820e-06
3.619353189302879865e-06
3.150119353752719140e-06
7.199118006913825432e-06
3.048380494874436239e-06
3.385182837215931254e-06
4.437956052546117652e-06
4.567405183782587660e-06
4.591691739127175445e-06
3.762806549426992840e-06
3.119556011673315329e-06
4.185983652860159224e-06
4.009465790962470935e-06
3.805276901402976533e-06
4.524070459410723003e-06
4.121400237030078093e-06
4.040412515375161981e-06
3.671221096131678868e-06
4.025101119016956905e-06
5.076634874967567326e-06
1.072877153850034445e-05
6.999194124546193221e-06
3.576302545601114066e-06
2.657065147104731211e-06
3.105897800044961619e-06
2.887002059045092654e-06
3.235849453631090085e-06
3.167732196137270241e-06
3.690944352759591671e-06
4.643274329888905624e-06
4.243166320823850604e-06
3.466265229690179525e-06
4.146260486474299098e-06
3.953076414594155172e-06
4.095027611583645582e-06
3.646739984712136542e-06
4.894775785639164137e-06
3.063542718943305582e-06
5.756031123382854614e-06
1.211382139748214510e-05
3.650543635558278596e-06
2.756927316719763080e-06
2.730602822490861124e-06
2.834240160609624751e-06
2.958536056970236491e-06
2.962266072851586339e-06
3.246834232110510764e-06
3.346970599219882198e-06
3.666603462685695017e-06
5.308959521244105078e-06
3.668324848149495834e-06
3.328926140966359526e-06
3.218856901791393094e-06
3.863223416071074478e-06
4.373097620676465869e-06
8.167112749409474037e-06
3.371745879121590236e-06
3.089834702526180186e-06
2.828878367229966179e-06
3.233107046677711434e-06
3.611390373710795292e-06
3.634537779362289997e-06
3.768357472229884839e-06
1.725181961470904359e-05
3.836007616428105610e-04
1.502312024361648012e-04
9.540796660682342157e-06
3.378546102794644042e-06
2.882620083255460316e-06
2.758484879450407049e-06
2.695557016825963009e-06
2.652478785118243290e-06
2.621093669101052720e-06
2.597613536181597822e-06
2.579634436491081138e-06
2.565683625258922358e-06
2.554765906855512460e-06
2.546111250012472568e-06
2.539186076925640644e-06
2.533679135770701937e-06
2.529492606602919485e-06
2.526462465842390334e-06
2.524634968873821785e-06
2.523825310163374440e-06
2.523130706322262826e-06
2.521484160903734656e-06
2.518972507914440939e-06
4.597292309730012934e-05
5.697139029810690222e-06
2.711544217011881745e-06
2.557051391249842540e-06
2.547796630854767035e-06
2.543570493192722541e-06
2.538616744611014732e-06
2.534566669964988166e-06
2.536527574648062000e-06
2.544919986272968070e-06
2.561492268190098193e-06
2.574484017259237420e-06
2.556196773184638174e-06
2.521967405755276390e-06
2.513768761976583296e-06
2.514771866420536034e-06
2.520210265781012547e-06
2.515654944090783659e-06
2.507356024731658646e-06
2.521392214778946360e-06
2.573629618988586011e-06
2.626565973666098766e-06
2.864173188754648521e-06
2.868070229548417850e-06
1.432901697171473677e-05
2.041640373136033372e-05
3.572294038652520147e-06
2.661795087988139045e-06
2.556207634067201620e-06
2.532849403754274241e-06
2.526111946584327132e-06
2.523068349091772519e-06
2.522474596844403920e-06
2.522972446665031849e-06
2.523696711402105288e-06
2.521148735468159514e-06
2.517316776599424778e-06
2.518047767807729373e-06
2.526117214074474759e-06
2.542211336731270252e-06
2.557720536818426998e-06
2.556599137430263464e-06
2.523899191449648517e-06
2.512204453826901319e-06
2.513800791348330846e-06
2.522190663967194184e-06
2.522676883624323531e-06
2.509642922632338183e-06
2.510304038120617871e-06
2.533992096687143118e-06
2.562669491605144495e-06
2.655232791918630578e-06
2.570985956632891070e-06
2.938444655834852605e-06
3.079364122034651890e-06
3.121827739960281094e-06
3.087588333983148829e-06
3.208253921608654034e-06
3.231502250855555588e-06
3.227700009726201537e-06
3.149494015512269936e-06
2.879144790313148236e-06
4.664006015294338076e-06
2.969796605611918409e-06
2.808040153468027542e-06
3.031138957491445390e-06
3.410128889906142556e-06
4.647708616782135302e-06
2.716569546616180285e-06
2.948230796088561430e-06
3.222358479130586327e-06
3.170866443724662446e-06
3.035278359675430777e-06
2.715774936253486081e-06
6.653952398968006682e-06
2.760844355028287472e-06
2.558042031826820210e-06
2.616852517197306487e-06
3.089802468518125077e-06
3.161890064499554323e-06
3.074314986406534614e-06
2.830647698222795148e-06
4.990667116544500798e-06
2.700417553569423035e-06
2.890915478322615960e-06
3.042866834827388439e-06
2.777958161459537054e-06
6.742493512016759818e-06
2.808492081385338848e-06
2.585847873130357309e-06
2.641629233342731019e-06
3.147174644861176328e-06
3.388110402132345561e-06
3.634231097748852420e-06
3.867813302349532192e-06
3.180544066102204957e-06
3.418477664733169953e-06
3.573778500746508693e-06
3.320579836933272058e-06
3.593674728108453480e-06
3.338252535437883590e-06
3.706571957688235480e-06
3.285597964956347379e-06
3.462234705390680469e-06
3.541282853802840522e-06
3.447437673761062903e-06
3.303751903634595967e-06
3.670686442092119081e-06
3.637956501734152055e-06
2.951441755764487235e-06
3.424296376882314795e-06
4.359066785279234166e-06
3.076152495395945152e-06
2.945183587144129063e-06
3.111447820932274331e-06
3.147987414801415620e-06
3.188586189632284723e-06
3.253573322581360286e-06
3.311004873770192167e-06
3.343688998332557381e-06
3.323144733258231924e-06
3.187170667236690395e-06
3.374399163173317627e-06
3.363032161966354389e-06
3.319926880370379412e-06
3.414674650533318887e-06
3.227609909117745701e-06
3.282048688409607441e-06
3.327645094941544897e-06
3.405073365077744986e-06
3.187064817211649084e-06
3.511355142412260753e-06
3.465801152439477402e-06
2.984565530065689822e-06
3.273610870261715528e-06
3.769115782385294446e-06
2.950287368245578004e-06
3.433240544836735268e-06
3.258702910594972034e-06
3.239386353470763340e-06
3.470930376655208525e-06
3.049881138394994111e-06
4.575071238832606807e-06
4.958652046601248933e-06
2.920585234278405381e-06
2.921072374798920020e-06
2.672674221078826397e-06
3.013476824283619058e-06
3.219156322605461461e-06
8.375066333125383988e-06
6.803604266375865852e-05
7.709234561540748515e-06
2.728187056770063104e-06
2.501245565629991223e-06
2.494086155972278458e-06
2.493023142354407461e-06
2.494307940044867326e-06
2.492790334448121474e-06
2.488527752575464716e-06
2.486683615643414499e-06
2.491010885326734857e-06
2.500678442629577973e-06
2.516103256766655334e-06
2.529860845849422286e-06
2.520695719946767789e-06
2.492578236494106826e-06
2.483806838426971808e-06
2.485487812009523623e-06
2.493375878505806657e-06
2.496937596182154626e-06
2.485960078502103157e-06
2.486402244509614955e-06
2.515407902592414588e-06
2.542190770782326581e-06
2.631269830999371977e-06
2.794025673817183625e-06
2.771343478495206804e-06
2.753179751380230215e-06
2.846868797708642168e-06
2.807984731134638254e-06
2.804860893472020063e-06
2.861489614739790806e-06
2.836196146442186186e-06
2.845973737445698854e-06
2.871231182173990694e-06
2.867974884187181847e-06
2.876846876157894067e-06
2.892339750815153820e-06
2.898639434079086810e-06
2.892897331700320941e-06
2.891624918296050245e-06
2.930341838691674469e-06
2.974586686832480979e-06
2.993927281143745309e-06
3.049883878247783371e-06
3.086960960748304578e-06
3.783102480762560400e-06
2.948520428465902220e-06
2.913856458993298580e-06
3.341933355234990348e-06
3.467657127960895640e-06
3.119723540597381649e-06
2.986025936024816305e-06
2.905891513667787242e-06
2.974826929857954213e-06
3.037460987798112741e-06
3.039264697690668982e-06
3.028669910539368365e-06
3.072927279390569226e-06
3.110338032759803799e-06
3.095824536103464367e-06
3.073366989762386491e-06
3.091495485326352896e-06
3.112767816067692556e-06
3.117642063443781977e-06
3.099836332391229726e-06
3.139238780628753840e-06
3.131622717470842682e-06
3.086098081439558967e-06
3.063781620464093616e-06
3.155561724573392999e-06
3.244360080619420207e-06
3.067715033466811377e-06
2.987875647401475912e-06
3.086251081185764803e-06
3.142730323209737625e-06
3.150874317725538446e-06
3.159513858008722394e-06
3.156387386601030177e-06
3.216417220149499646e-06
3.034063524864905048e-06
3.103886850415922814e-06
3.179553959853364917e-06
3.164063211139970473e-06
5.249604502447861176e-06
1.320700544056308058e-05
4.319818837454174151e-06
2.618223584249790208e-06
2.514753138408802337e-06
2.513462482056638776e-06
2.547683232023700754e-06
2.600562898654364734e-06
2.604999197804621153e-06
2.601052964716169764e-06
2.654819418997552295e-06
2.631689070161276864e-06
2.673386529750132637e-06
2.640113901482739599e-06
2.690652271060874672e-06
2.655645884412176011e-06
2.733234350671409799e-06
2.797773481688636905e-06
2.777556422491519232e-06
2.672817091327791067e-06
2.919038418743487560e-06
2.970393533511620727e-06
2.986792719639197627e-06
3.204859694960759953e-06
2.963543086783223306e-06
3.107724054037438141e-06
3.002404961686503622e-06
3.083668904461471251e-06
