1.939455394805615152e-04
1.442567702800564199e-05
1.385948942697723335e-05
1.376895596195026808e-05
1.398040516808881238e-05
1.665925953375335571e-05
1.249773667723275085e-05
1.242509821774244009e-05
1.221435360397056915e-05
1.243800171171945552e-05
1.300306997715476129e-05
1.276526365548609905e-05
1.312714276309634436e-05
1.187216653534051134e-05
3.391197060485258820e-05
1.113455208913668087e-05
1.111420620873104862e-05
1.117194163536320611e-05
1.116670987850435878e-05
1.104021265746268862e-05
1.083053310064012070e-05
1.082066065047608058e-05
1.092130441747940474e-05
1.087062033737614375e-05
1.086972341492279740e-05
1.084365398014597297e-05
1.080568873248921652e-05
1.073719175337828272e-05
1.072250176510654720e-05
1.069035578628548449e-05
1.058781544846472950e-05
1.057904052572666808e-05
1.050600493651169683e-05
1.041590043996620888e-05
1.041795953104459277e-05
4.656462971070141283e-05
1.181871927656175062e-05
1.120238767536344910e-05
1.103170983545472453e-05
1.090821152274656985e-05
1.085395851381084297e-05
1.082987301894415165e-05
1.080497222233134333e-05
1.071344254986191348e-05
1.063311210865928490e-05
1.061378564486403707e-05
1.055533763405946882e-05
1.049986043540229723e-05
1.044935097487117137e-05
1.048023241878581757e-05
1.037647321406135919e-05
1.039088834848674535e-05
1.038812990183638792e-05
1.040860322821875730e-05
1.041794162498869585e-05
1.030675461834107355e-05
1.026837566466080390e-05
1.023838536752919067e-05
1.021131392197579208e-05
1.016832914425928395e-05
1.021221402917641769e-05
1.010500068749327755e-05
1.009842047324127627e-05
1.008482908143075048e-05
1.006932621786897111e-05
1.001932135219855585e-05
9.996332140265925596e-06
9.959896806321921420e-06
9.908561019453069067e-06
9.878421789532391013e-06
9.853579084240968088e-06
9.804754976888338367e-06
9.786032478587003425e-06
9.886358544690665033e-06
9.735321298573278419e-06
9.734815563054629575e-06
9.771264471586012460e-06
9.722565117347888584e-06
9.718928150732609035e-06
9.693113224784610115e-06
9.685188869070771508e-06
9.686022164411648301e-06
9.655379413212964929e-06
1.928401533480913021e-05
1.134829681480672003e-05
1.089786025848601049e-05
1.086727202202079515e-05
1.073084887290557739e-05
1.071727009275491664e-05
1.067421509371039703e-05
1.066535041521395439e-05
1.060757445732936863e-05
1.057926611413980298e-05
1.054221736808358346e-05
1.052261100843073401e-05
1.060631626918014615e-05
1.047967445591287620e-05
1.041451509498377530e-05
1.038648758935778521e-05
1.037181605814415312e-05
1.036074999926010218e-05
1.038236313623504742e-05
1.036277965946889470e-05
1.039790638856175044e-05
1.036611484551030952e-05
1.034480078298353582e-05
1.032563633657446237e-05
1.030787939347040496e-05
1.030657455051671883e-05
1.029105945804076402e-05
1.028281121686329012e-05
1.028107867455219100e-05
1.032515718558594675e-05
1.024748657793376621e-05
1.019237376794990282e-05
1.025741614360716343e-05
1.022407374989597836e-05
1.018181823686366714e-05
1.015501421534281771e-05
1.010158032537826085e-05
1.010477185407883926e-05
1.016559341375492940e-05
1.009434004648331516e-05
1.024334036931880631e-05
1.012457595190123132e-05
1.007176790835728773e-05
1.006603447118929329e-05
1.008193952846644009e-05
1.008883474620840009e-05
1.011984602390233134e-05
1.014767646438485833e-05
1.016461274881900476e-05
1.014948911423137646e-05
1.003206279998873171e-05
1.004370478464503980e-05
1.005675140087684416e-05
1.005657690901292358e-05
1.004625673166022631e-05
1.001768045095256293e-05
9.970520876170970638e-06
9.990410023116661563e-06
1.011007096432573764e-05
1.004869133377420996e-05
1.004003319508228823e-05
1.004491968539393078e-05
1.001672229601050887e-05
1.001101705962052247e-05
1.000442050856994025e-05
1.000204496866293349e-05
9.998068686248491677e-06
9.983433677689390877e-06
9.981728333059436138e-06
9.977427353836295092e-06
9.973259733063362533e-06
9.959036555831819816e-06
9.961332497520439345e-06
9.975437150918271495e-06
9.947340880671617179e-06
9.970682031431957825e-06
9.941668655528702238e-06
9.986770937757682580e-06
9.922210334707415720e-06
9.960749453815272508e-06
9.942276583766822262e-06
9.933586627918580914e-06
9.934644770434412830e-06
9.979054479269203621e-06
9.898970713872282541e-06
9.943688374960402956e-06
9.920476967787787354e-06
9.916036767663171400e-06
9.949126534441650674e-06
9.863955816626913378e-06
9.964869281399539445e-06
9.895011466293605342e-06
9.936929765217427399e-06
9.901052554065851308e-06
9.887948535075944342e-06
9.931237844208832952e-06
9.891017278581178140e-06
9.913326993000737343e-06
9.891261543846969847e-06
9.882134888812287799e-06
9.880935302059394023e-06
9.915295646199713688e-06
9.854545603881585737e-06
9.907574787272703035e-06
9.858452056808649091e-06
9.925507083986910754e-06
9.844749923407410876e-06
9.887554694690455705e-06
9.875875340412676654e-06
9.873810255006294992e-06
9.898514750072232116e-06
9.861351920790183709e-06
9.874517196521992717e-06
9.877027822161228449e-06
9.864002067085190237e-06
9.880536345387250455e-06
9.892385245772553431e-06
9.892958559779192491e-06
9.860344227945461442e-06
9.852519071576655314e-06
9.881163217263141184e-06
9.865589250921402234e-06
9.889423293619378685e-06
1.015716218792780101e-05
9.833733079555410307e-06
1.202171550100198696e-05
1.047073376260717253e-05
1.031748376211301799e-05
1.021612743102195889e-05
1.014210711559826396e-05
1.011571474956933025e-05
1.009995038733298601e-05
1.009340347953487613e-05
1.007765240350029950e-05
1.006336612401052397e-05
1.004837715110321946e-05
1.002669724888013017e-05
1.001169268382303315e-05
9.993594837472603864e-06
9.983971107203615654e-06
9.971890501295395471e-06
9.959205689635079118e-06
9.953698985706674622e-06
9.947028997885354261e-06
9.946322796470970714e-06
9.934660479681648322e-06
9.921992326932619217e-06
9.911055819505539541e-06
9.902523271042203292e-06
9.900687327899504317e-06
9.895232474264047692e-06
9.893137257298197242e-06
9.885635910601800694e-06
9.885255001715147126e-06
9.883766798566284909e-06
9.882374389841666764e-06
9.883598881591145331e-06
9.875400132462649802e-06
9.868516077631283727e-06
9.869502609565945647e-06
9.862042130635017976e-06
9.863180910845888036e-06
9.859555621763623352e-06
9.850412212699665728e-06
9.846671598931304030e-06
9.840550458193319947e-06
9.827491669511801542e-06
9.823545041551067208e-06
9.839445918942147225e-06
9.829451205026392275e-06
9.810703227230988316e-06
9.808702947869582230e-06
9.811408274723968311e-06
9.812586979478510262e-06
9.811250078731367154e-06
9.805375159051739692e-06
9.805015768809728513e-06
9.800530830261777060e-06
9.799719174452548371e-06
9.787939642743973960e-06
9.793761419890263878e-06
9.783677768382403883e-06
6.344498865284246554e-05
1.323644615088899912e-05
1.177872504058541388e-05
1.131560844820948381e-05
1.107603735325331685e-05
1.094081443132684785e-05
1.084757434417345733e-05
1.077458923570399381e-05
1.072071667446531822e-05
1.069281563976195019e-05
1.068152910458290250e-05
1.066302840437553410e-05
1.064527063552607846e-05
1.063015114179203594e-05
1.063117912129503844e-05
1.062541722149035208e-05
1.063005502866568913e-05
1.062029725782546610e-05
1.060348926368230104e-05
1.056874419380922884e-05
1.051856668937034583e-05
1.045529643647569187e-05
1.039411134115653052e-05
1.034981942060161037e-05
1.033418212197526943e-05
1.032720821209901871e-05
1.039358364664622099e-05
1.035641751703527339e-05
1.033196614912412702e-05
1.031439296980352096e-05
1.030006830167925178e-05
1.028474141132088864e-05
1.026858426712351522e-05
1.025245925840560332e-05
1.024247795233653322e-05
1.022490995486199031e-05
1.021642662711504598e-05
1.020413310205488802e-05
1.019803345570835538e-05
1.018713345388277897e-05
1.017605031014075679e-05
1.016166772690970372e-05
1.015150582285665807e-05
1.014214846236427466e-05
1.013646043664569693e-05
1.012700362593932450e-05
1.012434863317442474e-05
1.016794691167888177e-05
1.012127147494841903e-05
1.009314562490241396e-05
1.009740343003310717e-05
1.012030094292034168e-05
1.010181645407707594e-05
1.007346800633968094e-05
1.006738108420298207e-05
1.004939782736376733e-05
1.005164587619826035e-05
1.004259597796893402e-05
1.003955345595386394e-05
1.002697682603563075e-05
1.003206549701947810e-05
1.002597105222472868e-05
1.003949867633006422e-05
1.003925693794371977e-05
1.005961383687766420e-05
1.009915312806697323e-05
1.017560851172068749e-05
1.018212877814524528e-05
1.015954906013879098e-05
1.013213393775913519e-05
1.011102555215378200e-05
1.010084295937000729e-05
1.009915680697304183e-05
1.007997397133901114e-05
1.007338382767860285e-05
1.006457502702081361e-05
1.005197356979200186e-05
1.003732008409012179e-05
1.007350604481871462e-05
1.005944077064668770e-05
1.001269748826416678e-05
9.996357032378000847e-06
9.987355233154933341e-06
9.980171164443163163e-06
9.985968153311357209e-06
9.980666286537598150e-06
1.017566526722172627e-05
1.001443737285020152e-05
9.981924383737350785e-06
9.962211682553364839e-06
9.957674905081148609e-06
9.950572761378377923e-06
9.945160717658534021e-06
9.938101893188407832e-06
9.934275114270955728e-06
9.929465863554771761e-06
9.926854174106362544e-06
9.925993527228153666e-06
9.927646032110714559e-06
9.921189200288911694e-06
9.924121109937308668e-06
9.916721823704696185e-06
9.910500710551180067e-06
9.905693301561769223e-06
9.908648496927223291e-06
9.901229748644861515e-06
9.899918503985343012e-06
9.890057801461201920e-06
9.882918444645838327e-06
9.877679021125611089e-06
9.877232455816435314e-06
9.869606685697362991e-06
9.866730872545303806e-06
9.863390057489595329e-06
9.861397791155468101e-06
9.852791045735405384e-06
9.845038355630701666e-06
9.840604396534521542e-06
9.834415086894902281e-06
9.831945768610238798e-06
9.830242185368357215e-06
9.826867172174995121e-06
9.833957985089607348e-06
9.818052810336060099e-06
9.806711509175632056e-06
9.818584371335722837e-06
9.809723657857223622e-06
9.800705189870010525e-06
9.800094134106984169e-06
9.794975209918750793e-06
9.790094484287692602e-06
9.789635836720359403e-06
9.780687177377937397e-06
9.774752233700686660e-06
9.901451121171096442e-06
9.806942258971200195e-06
9.769979303655418470e-06
9.765115158870685535e-06
9.760641922487897344e-06
9.761176197571331110e-06
9.753830039850679338e-06
9.751382942037404647e-06
9.748741129366560233e-06
9.747258135348601607e-06
9.745555287281604183e-06
9.744773592501587700e-06
9.742323677907431591e-06
9.736326912843651236e-06
9.748582901162686920e-06
9.737787826225030246e-06
9.740310003583848498e-06
9.761617757249041867e-06
9.746411933519993909e-06
9.740153324173661260e-06
9.747182719668974900e-06
9.744451587797204833e-06
9.743354025507263628e-06
9.743745191599373763e-06
9.755036871107828364e-06
9.745557749738508827e-06
9.752804586469210877e-06
9.751950164703278786e-06
9.811655683809779462e-06
9.790452268513643081e-06
9.757729515058599645e-06
9.745907868060990924e-06
9.746331289003743535e-06
9.721133725785572477e-06
9.742388040573739374e-06
9.732619309564446083e-06
9.735240325881022727e-06
9.732811538469831751e-06
9.739520465169940753e-06
9.734488691795681033e-06
9.726176023908314190e-06
9.726637193807618703e-06
9.722969518482690708e-06
9.723744466327843161e-06
9.720323671823885998e-06
9.715916801269486788e-06
9.716977058739455412e-06
9.718376009383670875e-06
9.715276600369786422e-06
9.713910919041760186e-06
9.713105105220166315e-06
9.705681898518984997e-06
9.705571241435487646e-06
9.698627792052624255e-06
9.700687758519658941e-06
9.695739879589383004e-06
9.699431226408705494e-06
9.694670347547193254e-06
9.700336059571176072e-06
9.686411553957441153e-06
9.695306747137996244e-06
9.697993896982856407e-06
9.689211585737212066e-06
9.681829008438095157e-06
9.672081289030150456e-06
9.683485461664532290e-06
9.677947827716101216e-06
9.686366223225680174e-06
9.679167839446259651e-06
9.700947415467454081e-06
9.693792222075596206e-06
9.692511331422793609e-06
9.688975630600301368e-06
9.684496708359802345e-06
9.685780226694380384e-06
9.690231160751258452e-06
9.687371352053256393e-06
9.673850850428304795e-06
9.691469235804106778e-06
9.682326656275108418e-06
9.678763600504680518e-06
9.685552489600013563e-06
9.684931137978007102e-06
9.686753340550543345e-06
9.679910126957717232e-06
9.679552047145989355e-06
9.667402140394188491e-06
9.680717741578822715e-06
9.676366924319760115e-06
9.666223256393398908e-06
9.670247802660014578e-06
9.682700739404026129e-06
9.668891695658507051e-06
9.678408282146241644e-06
9.672693778384200414e-06
9.664961601174581690e-06
9.667280457203256895e-06
9.675790279288776151e-06
9.674778606646820405e-06
9.680367206025645977e-06
9.672540091211582889e-06
9.667840164411245089e-06
9.679586214209241497e-06
9.653694269976162130e-06
9.665465623432586883e-06
9.657725249780924873e-06
9.656699509908624134e-06
9.658481908445536743e-06
9.658620656030809676e-06
9.658917726180031029e-06
9.664615174263720278e-06
9.659143345667569098e-06
9.659465300349741944e-06
9.659928559813124932e-06
9.665846714976093350e-06
9.651108472326086553e-06
9.658023120285482837e-06
9.661164623745814234e-06
9.653852442094528112e-06
9.655569131534018143e-06
9.647687300002871509e-06
9.812511240549308254e-06
9.680223569906351013e-06
9.653040954920773795e-06
9.653474011580934842e-06
9.640429885469833023e-06
9.646340831371466156e-06
9.648733689194462847e-06
9.652335116546358073e-06
9.646138538528248386e-06
9.638313694798247687e-06
9.642334800901153290e-06
9.646260813648648003e-06
9.638996136421458945e-06
9.987697448347413270e-06
9.703971965109304117e-06
9.658654519171250828e-06
9.633701188628643555e-06
9.635613816196079499e-06
9.629659401753088419e-06
9.694159227061996758e-06
9.680126925483516074e-06
9.637982693675438992e-06
9.639594808277251472e-06
9.627630491119514350e-06
9.632127574453381943e-06
9.630240091761758315e-06
9.626785001349465469e-06
9.631114652393080245e-06
9.623133214139064834e-06
9.630956835735560026e-06
9.624729901058040694e-06
9.625022476787611011e-06
9.626395321902236766e-06
9.625936858128625453e-06
9.616642078450846764e-06
9.621416968078240901e-06
9.624560494027416111e-06
1.045612603851016746e-05
9.839894203575265657e-06
9.660478723768999281e-06
9.621276068022173320e-06
9.609140519539020593e-06
9.619723756486565135e-06
9.613510106494990354e-06
9.721472176427899746e-06
9.610024395290869397e-06
9.629293923959873351e-06
9.614421961714470757e-06
9.608165300960536725e-06
9.619440631543814074e-06
9.626905192969085616e-06
9.606983523250771023e-06
9.615016417304407547e-06
9.613476294892582281e-06
9.619608842588907993e-06
9.611383145511353951e-06
9.611327247966983868e-06
9.609429818434971128e-06
9.607231237017306387e-06
9.606318119494972188e-06
9.604984581983444446e-06
9.734210978346406537e-06
9.628489920411690281e-06
9.600528759392546043e-06
9.594402013893462623e-06
9.589880701241781800e-06
9.603622380988478260e-06
9.593222200692252887e-06
9.599376899889952214e-06
9.599673998839838762e-06
9.605625454014443812e-06
9.607778749417168423e-06
9.605567022011504404e-06
9.590040561609687269e-06
9.601478873264567579e-06
9.600782445507624518e-06
9.600728604558147531e-06
9.634957781751532659e-06
9.596830268871296484e-06
9.593758627867525536e-06
9.592937369689024472e-06
9.594248418428226466e-06
9.593234448554236875e-06
9.609316276737444473e-06
9.604305260684971527e-06
9.589234921728955247e-06
9.588419420651916474e-06
9.589327092953680589e-06
9.583596665834193728e-06
9.582018260516633000e-06
9.575175293624246640e-06
9.579446142803741955e-06
9.581097609725474992e-06
9.582040858807279674e-06
9.575031159935557069e-06
9.579353268615401222e-06
9.582756462123143137e-06
9.577163729090898075e-06
9.578039372778827864e-06
9.573805461589776273e-06
9.568486220814519951e-06
1.269616885110735832e-05
1.055867643382650148e-05
1.009875786129062729e-05
1.007123211328083308e-05
1.008987283891353148e-05
1.002704435980679842e-05
9.934465216474564134e-06
9.898182500667948152e-06
9.880676009288435696e-06
9.866834036150369874e-06
9.857254324667034590e-06
9.853779052567309877e-06
9.853047744551683481e-06
9.840146696736459583e-06
9.829322386849526354e-06
9.823964916980305623e-06
9.808606778278772321e-06
9.786883498084837459e-06
9.796538754850796216e-06
9.786372950960261284e-06
9.780680397094935612e-06
9.774083235546034289e-06
1.039159449040501630e-05
1.108346980496814087e-05
1.059615855562393885e-05
1.046298241590193411e-05
1.033615413007282755e-05
1.020607560045997785e-05
1.009787468547074268e-05
1.001766285639860076e-05
9.968132808353402381e-06
9.926253452476885760e-06
9.884390148423942548e-06
9.858286850506676967e-06
9.841523173387637660e-06
9.829906726584643895e-06
9.811225135460214589e-06
9.807578141286891891e-06
9.757339130752976729e-06
9.744531225805986283e-06
9.733198761144497358e-06
9.719601855522342064e-06
9.718885150581021350e-06
9.711919148761201121e-06
9.700348120228832906e-06
9.694936435001485963e-06
9.690584909473423883e-06
9.686283956777211752e-06
9.681336739504332235e-06
9.678998358140234107e-06
9.677458742013792805e-06
9.676209094019820522e-06
9.672336445873953013e-06
9.673750144732669117e-06
9.675385589010451398e-06
9.676738000810777208e-06
9.674790289864176817e-06
9.672562185490581879e-06
9.673361367201020123e-06
9.658948579650920366e-06
9.727283991954512190e-06
9.669037299318005788e-06
9.662172646661322336e-06
9.678808253283931962e-06
9.701119581298673928e-06
9.675990641350533169e-06
9.675991875231677535e-06
9.664181676498629413e-06
9.665577552671796374e-06
9.658594167755533763e-06
9.651444535165865904e-06
9.649214396176830836e-06
9.642278775269611194e-06
9.637504169480355597e-06
9.647762756609759728e-06
9.647391310636521734e-06
9.645365778396808852e-06
9.641477890530343405e-06
9.640424986325039428e-06
9.640265453375226055e-06
9.636215391613708181e-06
9.637699319379559521e-06
9.637337410974093825e-06
9.637730530963986664e-06
9.634462641846159808e-06
9.632404877872128096e-06
9.632563533159554394e-06
9.634585072338571881e-06
9.620764924799610635e-06
9.636613489950225596e-06
9.633906539268840950e-06
9.636949997305540032e-06
9.633234589424924613e-06
9.630386646601133560e-06
9.635154938981334576e-06
9.636765682898839626e-06
9.641940821817722768e-06
9.642476899974402731e-06
9.640126913078954420e-06
9.646870350934478230e-06
9.644255339935624993e-06
9.640734395285714608e-06
1.177122475458721307e-05
1.087278963306440869e-05
1.031605758498699295e-05
1.012203125242194788e-05
9.954911173887619327e-06
9.853540435263615299e-06
9.800482569062296941e-06
9.771310015670072049e-06
9.761253340911935761e-06
9.744300889072595991e-06
9.733577550529541657e-06
9.722842506789674557e-06
9.698106432172910751e-06
9.675125921830840457e-06
9.671194072780054169e-06
9.664655624419538749e-06
9.663920106201355622e-06
9.655020164700545138e-06
9.649282496866362364e-06
9.645966512531837717e-06
9.641087712376854494e-06
9.634132666936541804e-06
9.632798977842564332e-06
9.634323748741736149e-06
9.630598891590124531e-06
9.639144921417635065e-06
9.635069813687854236e-06
9.621160932814139740e-06
1.006868869239951824e-05
9.802070363017870586e-06
9.657195579014417138e-06
9.616017306370850312e-06
9.603196945893917121e-06
9.600115496368744874e-06
9.606643927024075487e-06
9.593015241004346983e-06
9.592224107564107562e-06
9.591539524080871528e-06
9.591069072409179590e-06
9.594634161279221176e-06
9.595704528540711738e-06
9.644774147166875543e-06
9.620635031524216377e-06
9.602903447406181420e-06
9.597851749276742000e-06
9.594758495268251863e-06
9.603706004478833043e-06
9.594023276425408861e-06
9.599168685099357119e-06
9.595925893108870532e-06
9.597103070291267845e-06
9.596537646151167343e-06
9.598114226416025520e-06
9.598673144258402739e-06
9.598280242168281070e-06
9.594058122199082065e-06
9.600390092524927147e-06
9.602142232552069635e-06
9.596686840419958584e-06
9.600394394434866939e-06
9.632133235299988612e-06
9.596673406804256346e-06
9.608801231782611996e-06
9.606123317477491963e-06
9.602123579573648005e-06
9.596954498268436265e-06
9.607628843089818365e-06
9.597039660699617085e-06
9.595246020808189411e-06
9.599929663484848340e-06
9.592844684978748867e-06
9.600914508685793830e-06
9.593212368675570483e-06
9.587836833967836804e-06
9.595279847947797374e-06
9.586556409052112424e-06
9.595019470983363896e-06
9.589129287329949250e-06
9.592362851738775228e-06
9.590160555793166155e-06
9.612509713103159988e-06
9.602808697006064211e-06
9.588836621408820623e-06
9.594588890043572797e-06
9.588946244321051149e-06
9.591303531048348820e-06
9.591557476748373200e-06
9.589824376613857038e-06
9.615884748275978436e-06
9.598338841669829251e-06
9.592723636918284777e-06
9.594050850409984677e-06
9.592484769503546873e-06
9.593207338033001301e-06
9.592371126624736272e-06
9.591863515652220785e-06
9.591243104599319266e-06
9.592676966955575302e-06
9.588270582980839982e-06
9.591028297866918527e-06
9.585712565846429991e-06
9.590233489310169839e-06
1.172502632546941980e-05
1.041754176526410528e-05
1.022370740353532473e-05
1.004981887793595243e-05
9.983496626091437675e-06
9.943903969921545684e-06
9.938682843539936855e-06
9.896489029870280551e-06
9.879731588853247055e-06
9.858795365289552679e-06
9.847034143604104525e-06
9.838468716907300540e-06
9.828358420994238952e-06
9.823473034202834174e-06
9.802753716788477356e-06
9.804839846007478070e-06
9.784840030230649240e-06
9.774069975113282372e-06
9.771343211468775232e-06
9.768411488266792188e-06
9.761432556463963336e-06
9.757012709693904819e-06
9.755008893534977281e-06
9.751671736163795970e-06
9.745791071888258299e-06
9.743466745248951388e-06
9.743415329618680258e-06
9.739157316062118462e-06
9.738149527341496338e-06
9.734435702739573735e-06
9.734552577356225811e-06
9.732947549233964080e-06
9.731502899133678266e-06
9.728222615497846015e-06
9.727245688585146820e-06
9.726752869407088919e-06
9.724458922164557842e-06
9.721728260198384482e-06
9.842120476074949203e-06
9.757979325210424019e-06
9.724527443495389279e-06
9.723655722761274109e-06
9.718497074497159608e-06
9.717093228876669039e-06
9.716527430327914230e-06
9.716353683112780387e-06
9.714055473750703737e-06
9.720050930657938765e-06
9.717493534632619447e-06
9.713921842452085734e-06
9.713688513481125728e-06
9.709376547561987197e-06
9.709983853175193491e-06
9.711137490360973590e-06
9.709309059265555292e-06
9.706989574927623116e-06
9.707188625422229539e-06
9.709535765599260556e-06
9.704392234273957762e-06
9.705187653329023863e-06
9.702515892513475089e-06
9.808590464596515034e-06
9.769274434650772885e-06
9.885827029544695519e-06
1.027587418813406426e-05
9.803169939459622012e-06
9.751937992632520510e-06
9.735838233382310136e-06
9.720682584581178407e-06
9.709064657196602216e-06
9.700026565345372601e-06
9.690876527201908853e-06
9.690271295994535214e-06
9.687543224193481052e-06
9.683836044587223617e-06
9.681335695101249609e-06
9.680458865659603265e-06
9.697534317941366774e-06
9.676329741523658848e-06
9.669107807515805309e-06
9.669004378262494330e-06
9.674685437251658038e-06
9.668487966033959691e-06
9.666434873831046131e-06
9.663133844621067659e-06
9.666900291828521078e-06
9.665301125399612545e-06
9.663700834228924807e-06
9.662442165184378297e-06
9.662713319282071681e-06
9.662113999790259566e-06
9.661215909394134529e-06
9.657784296071744419e-06
9.656387953024628561e-06
9.685653247970549612e-06
9.642414095575683601e-06
9.649997024704741726e-06
9.656854630293309496e-06
9.651272312870181266e-06
9.647892345204429773e-06
9.646904914764793410e-06
9.644693446186162073e-06
9.647329073914079684e-06
9.644824911371567748e-06
9.643915079398842686e-06
9.642181345649683769e-06
9.644054842965488816e-06
9.643301311825779889e-06
9.649724569650667619e-06
9.641795650547161105e-06
9.642190021471226341e-06
9.643524042530771857e-06
9.648012909716877783e-06
9.641463249181469951e-06
9.640850494937088305e-06
9.647443194277609054e-06
9.640433960006097373e-06
9.648618181851512934e-06
9.639666818278176550e-06
9.638119045121130415e-06
9.634556608186055213e-06
9.636454633058141241e-06
9.637230049672023107e-06
9.636017162695983195e-06
9.628281121270750923e-06
9.628974240740716963e-06
9.630055742112137945e-06
9.628521874750125341e-06
9.628308727087641437e-06
9.621879112273745569e-06
9.625615274065542495e-06
9.623229309075516323e-06
9.622073985913933016e-06
9.622645235367599458e-06
9.617943246288027014e-06
9.629239938628112933e-06
9.609899232145835209e-06
9.608175411131014427e-06
9.617528095304805427e-06
9.671678215757613733e-06
9.607095930353656742e-06
9.610435245879974249e-06
9.610365201903429887e-06
9.679552202518001812e-06
9.603813357064912710e-06
1.033086741396497541e-05
9.784913261228212532e-06
9.641126864228984287e-06
9.627596539303339641e-06
9.644628043285290153e-06
9.613311773364330225e-06
9.597480424190508026e-06
9.589145812469722938e-06
9.585047322768029394e-06
9.578112346086224073e-06
9.622256831865645620e-06
9.572921986015595774e-06
9.593267021349068869e-06
9.534445474249272619e-06
9.539451173168345799e-06
9.495113587263404585e-06
9.461985223424563058e-06
9.453816791165081261e-06
9.437880211180526638e-06
9.421765368339644005e-06
9.402021378264180452e-06
2.014765146062321457e-05
1.119082988414750915e-05
1.104923190458369689e-05
1.097510631893783277e-05
1.090908554109167463e-05
1.082054272918260959e-05
1.076131129442122386e-05
1.070493397757369764e-05
1.066495396723136445e-05
1.045144925114982450e-05
1.041338959339555078e-05
1.037809959067696249e-05
1.035242711168393671e-05
1.032949994396403727e-05
1.031550589118523937e-05
1.028846745687891055e-05
1.025755147073444637e-05
1.021860858334851699e-05
1.016775652033175074e-05
1.011418401920612655e-05
1.008080474813747596e-05
1.005006088803384079e-05
1.002107171605833512e-05
9.995764731532593290e-06
9.959633346170448389e-06
9.913792991558997215e-06
9.887362953880558678e-06
9.866512354695564002e-06
9.852411455237112945e-06
9.834184726287276812e-06
9.823016295058551302e-06
9.807313354410022446e-06
9.793479002837556532e-06
9.780535481998716281e-06
9.765183622979142346e-06
9.752396027427796628e-06
9.744347762534744038e-06
9.735248371498527812e-06
9.728114090042557638e-06
9.722928886806888325e-06
9.716350968650051901e-06
9.710072539898343682e-06
9.705108818328274457e-06
9.698992157230653047e-06
9.692474703039504117e-06
9.685909711834028509e-06
9.675623191848595837e-06
9.670488185520299107e-06
9.664490390074812959e-06
9.659008976541371504e-06
9.653504573634563577e-06
9.649181118523604629e-06
9.643269326412943354e-06
9.639126729628817397e-06
9.631618641681901754e-06
9.630284957135396842e-06
9.625284881925229850e-06
9.621144971182122948e-06
9.616629758208242331e-06
9.613540031144415302e-06
9.610888079502426297e-06
9.609931743549774089e-06
9.606537493406600172e-06
9.603605741782909392e-06
9.601395367250613243e-06
9.599018344109330319e-06
9.597525402872028510e-06
9.595869922804922545e-06
9.592435377877942614e-06
9.590579473221320917e-06
9.588894805574454678e-06
9.587924323568585650e-06
9.585167013028695596e-06
9.583512958594535405e-06
9.583218885609312091e-06
9.581947373362709999e-06
9.578876998451353879e-06
9.576065106860672660e-06
9.575613260418928613e-06
9.573544656404919128e-06
9.571709657620886127e-06
9.570366688270344287e-06
9.569139794317985204e-06
9.566946561108125092e-06
9.566026091079037774e-06
9.565504817601323242e-06
9.562720720547682749e-06
9.562505573891636138e-06
9.559927634654741878e-06
9.558200212798814485e-06
9.556167072635919375e-06
9.555880689807357077e-06
9.555795780139911627e-06
9.551135352694473248e-06
9.534209195104873397e-06
9.470139779068632282e-06
9.448053604046435252e-06
9.424124266009434089e-06
9.404409843985680735e-06
9.386404136648708021e-06
9.371844456609323428e-06
9.360590513551870340e-06
9.348475833803604135e-06
9.341035801829397476e-06
9.332763612519556841e-06
9.324501542854098180e-06
9.315973669572485350e-06
9.309689387085503455e-06
9.299580519458079686e-06
9.294542625942388156e-06
9.286244445547708757e-06
9.275299174760220244e-06
9.266953174270990543e-06
9.259835615011979555e-06
9.250925149141646229e-06
9.245243606604466440e-06
9.245657115949749904e-06
9.292657720531375881e-06
9.239312134165327244e-06
9.225539351594609649e-06
9.217274414368148021e-06
9.211713327204051080e-06
9.204176236607964343e-06
9.199421639323190292e-06
9.193368591316659910e-06
9.187827379643445872e-06
9.181082018206629302e-06
9.177002215968362437e-06
9.171022754041283651e-06
9.164234883580017540e-06
9.163646511372766149e-06
9.155719107335850496e-06
9.150871899995157566e-06
9.146936987463050105e-06
9.141587129685528398e-06
9.135399080832939876e-06
9.132469101966005347e-06
9.127784541078653595e-06
9.122200186387393190e-06
9.117588345664748206e-06
9.111869437674614250e-06
9.107670066441642663e-06
9.103382308997728302e-06
9.098527854121130618e-06
9.093888622828672551e-06
9.089340438777072150e-06
9.084515957435238754e-06
9.080734453542997755e-06
9.075662676802190930e-06
9.072526222932235566e-06
9.067739674719633416e-06
9.064897063050617268e-06
9.059183842434018896e-06
9.055814347978714625e-06
9.050728029175539470e-06
9.049657402708058767e-06
9.046027120878836911e-06
9.044492912835266907e-06
9.038998780397377463e-06
9.034533875365013413e-06
9.034979203003482096e-06
9.031093497924302937e-06
9.029241277100178169e-06
9.025520814702758392e-06
9.024087322965593938e-06
9.028984432385793582e-06
9.018326851067589637e-06
9.052237315927413264e-06
9.029034737674616410e-06
9.016108029982206876e-06
9.009667697910117771e-06
9.005174853579470411e-06
9.000516293629819153e-06
8.998046658916792598e-06
8.996461214489197402e-06
8.994890982876313772e-06
8.991863103346986124e-06
8.988191410329212641e-06
8.983096117844979541e-06
8.980678804467364857e-06
8.978810161958486626e-06
8.976939300282538238e-06
8.974846513941277734e-06
8.973157273809798467e-06
8.968892678164289370e-06
8.967463897609679829e-06
8.964386015956430509e-06
8.962726446194816069e-06
8.962131389959420208e-06
8.957221025411854430e-06
8.956362266872020040e-06
8.954074863443868491e-06
8.950755794027523776e-06
8.949151576492416152e-06
8.945694974045181948e-06
8.947469209867146484e-06
8.946978551117961057e-06
8.940995731260650993e-06
8.938522639709845495e-06
8.938636153743572554e-06
8.935610692712240229e-06
8.932504104374552978e-06
8.932788335490233852e-06
8.929923204732403703e-06
8.928460995321073988e-06
8.925685030665893316e-06
8.924923719556924215e-06
8.921638921037811020e-06
8.919935142633524455e-06
8.916855874758766121e-06
8.912853481130393054e-06
8.909321931014346638e-06
8.906872318069266933e-06
8.904143537241301763e-06
8.916759192061363408e-06
8.903829232546438255e-06
8.900639712692282588e-06
8.899659293698884485e-06
8.894093153912763702e-06
8.893604228129940308e-06
8.891956875913819910e-06
8.889796197687852233e-06
8.888332630855682088e-06
8.888608872060407750e-06
8.884689221228351193e-06
8.885592586314791427e-06
8.884669638670553645e-06
8.910263635092026277e-06
8.894950273846309472e-06
8.883999850771336228e-06
8.880526901672662745e-06
8.878816090600594790e-06
8.875917889857495497e-06
8.874514644124550776e-06
8.874556247064902117e-06
8.873085118163241274e-06
8.873039013224115140e-06
8.870097945721984264e-06
8.869804210765626305e-06
8.865661657561455598e-06
8.865212241365345733e-06
8.863185366484079087e-06
8.861869433758329319e-06
8.861434215911382574e-06
8.858973559426886523e-06
8.857509471530040663e-06
8.858396855657701488e-06
8.857183850826307059e-06
8.858433974789173360e-06
9.009387797505041885e-06
8.923588347139835579e-06
8.866621012657560505e-06
8.856225238863165832e-06
8.854376594247999276e-06
8.852139843990395948e-06
8.852588167277037918e-06
8.849350036067942153e-06
8.848088566916583101e-06
8.847956377924978057e-06
8.845375635928575823e-06
8.842746616437580358e-06
8.841112883525662907e-06
8.840389023513732029e-06
8.838783938927008895e-06
8.838980137018854783e-06
8.837119608339586980e-06
8.836059750289375133e-06
8.835022412464847968e-06
8.836554793181979140e-06
8.833675772924228574e-06
8.831303307488270316e-06
8.830367660645302926e-06
8.831441857258444530e-06
8.829898348873636013e-06
8.828050855906136729e-06
8.824877291241743085e-06
8.828204762873307634e-06
9.955465002349227988e-06
9.039258374059500666e-06
8.894418061800025266e-06
8.867888288932590174e-06
8.860831827253907739e-06
8.856486930805355172e-06
8.849203269013135591e-06
8.847740266067679799e-06
8.843207067836071283e-06
8.836505627414225573e-06
8.831846104916014713e-06
8.829295370181473675e-06
8.827077143678252672e-06
8.823006722119922592e-06
8.821736550241136290e-06
8.825430433413808620e-06
8.817047764371939444e-06
8.818250619242461953e-06
9.106963079830166630e-06
8.886137948896550860e-06
8.852068320569136454e-06
8.836557846810440275e-06
8.830946444504662163e-06
8.826561024003845929e-06
8.820890889940832520e-06
8.820019868380768322e-06
8.815464830149722633e-06
8.812160807565305460e-06
8.808137828282269495e-06
8.806332293337011549e-06
8.805198787816454991e-06
8.802621640597863752e-06
8.800098010321259282e-06
8.800348779232080532e-06
8.799416948477300574e-06
8.795156633141232373e-06
9.113591374140621575e-06
8.879992743686670274e-06
8.837361672628200464e-06
8.819824363020718636e-06
8.814761811966793597e-06
8.803939270668099823e-06
8.799634169918135604e-06
8.795646153506215831e-06
8.791669075662867427e-06
8.787942743614014931e-06
8.784753357531371130e-06
8.783649908536972565e-06
8.849694748581290926e-06
8.781147408096026967e-06
8.779487254741979792e-06
8.774609314438445781e-06
8.774314178102334683e-06
8.773569628601763222e-06
8.768680630358478573e-06
8.770436274213958829e-06
8.766101922598560706e-06
8.766910065863460578e-06
8.983399950845220579e-06
8.832043039319615441e-06
8.778831124421534790e-06
8.773423796052762596e-06
8.769035588708599125e-06
8.767364248948676924e-06
8.764497870288323882e-06
8.761724656854614717e-06
8.759846739394561290e-06
8.756939571791614587e-06
8.756386422419382753e-06
8.752418070798739317e-06
8.751497003155842431e-06
8.752712809230918389e-06
8.748326200323693554e-06
8.747846241400717571e-06
8.747841794350582817e-06
8.748472449345475599e-06
8.747890297703028435e-06
8.744344374160088062e-06
8.742647768258393761e-06
8.744880180605225803e-06
8.741848396690936318e-06
8.739424857822087388e-06
8.739259092180873471e-06
8.739236936510981366e-06
8.740426419535652210e-06
8.738044324445581133e-06
8.735517819407809091e-06
8.736833036664393081e-06
8.765898182521899960e-06
8.750056611764496923e-06
8.739991981201456403e-06
8.769037288326823402e-06
8.741894708161150528e-06
8.735282766565433867e-06
8.734298900966070927e-06
8.734539707499303174e-06
8.736687495911610516e-06
8.731412975369797760e-06
8.762315621121767516e-06
8.739880173607162461e-06
8.729232228385322716e-06
8.726878692186800871e-06
1.641892814935393439e-05
1.230623596029545358e-05
9.930866298570132375e-06
9.599021528098698053e-06
9.417666849079372044e-06
9.288677113469626394e-06
9.200088876468725271e-06
9.151575542318823389e-06
9.090003577133150145e-06
9.061995508924762646e-06
9.018587234853233650e-06
8.981313120178432613e-06
8.929937999558509098e-06
8.899636900802458594e-06
8.888032419539135029e-06
8.878565743467940741e-06
8.867921141018086454e-06
8.972588998782763875e-06
8.859853477739913967e-06
8.841571487134085091e-06
8.833611837720431234e-06
8.828654089256814954e-06
8.817294925620445243e-06
8.810051177382168528e-06
8.806959251993855321e-06
8.797212121104773373e-06
8.793083640057375983e-06
8.793946925228131870e-06
8.786388695322481989e-06
8.785050748656431503e-06
8.783545096851715298e-06
8.780730313067882712e-06
8.777218956007951258e-06
8.775635991848200265e-06
8.767824682157272526e-06
8.768421967412601969e-06
8.763958334535951753e-06
8.779570617131563919e-06
8.760334193311791615e-06
8.755796628368746619e-06
8.752121281834964459e-06
8.750102930055921667e-06
8.746181627733070338e-06
8.744297409369512718e-06
8.743305345433327670e-06
8.739281015550660114e-06
8.735505928522495616e-06
8.736355411353239893e-06
8.761549924732510848e-06
8.746922065938634428e-06
8.729023037024792879e-06
8.722146524557199121e-06
8.718813555409118187e-06
8.716869468419948054e-06
8.715713783355264214e-06
8.714673123980294723e-06
8.713325182725384772e-06
8.709591824072049891e-06
8.706861988609186293e-06
8.707095771569583963e-06
8.705912913834859906e-06
8.704104357093455524e-06
8.701468798335554785e-06
8.697841866857440449e-06
8.694389102477846642e-06
8.691402173326424118e-06
8.688099069710612991e-06
8.682511956218755627e-06
8.684694854537156332e-06
8.675444740902094393e-06
8.670627771607541674e-06
8.667865831739618036e-06
8.662647644920676857e-06
8.658314968670310376e-06
8.654532748550992070e-06
8.652177799982988061e-06
8.649383554105346327e-06
8.648903170751509403e-06
8.646868668241343843e-06
8.645756270955947260e-06
8.643313243131464359e-06
8.639596937882743484e-06
8.638784273292306204e-06
8.636845867234418578e-06
8.635102805480224941e-06
8.636337686690845496e-06
8.634712914575478143e-06
8.635942403240430678e-06
8.631565095053398426e-06
8.629800616214803805e-06
8.629066356888870901e-06
8.628302476457368276e-06
8.625486230281846894e-06
8.623439441635127878e-06
8.622167824796633185e-06
8.622383084760561753e-06
8.621869556767098960e-06
8.617471440478160078e-06
8.617271627902786511e-06
8.620490253103221969e-06
9.400100716068966755e-06
8.727278258978306088e-06
8.677830422432937789e-06
8.655046385304860873e-06
8.634096413212925938e-06
8.625444473485307847e-06
8.620134925270880516e-06
8.618014966259579795e-06
8.616450367071593403e-06
8.616287445875058805e-06
8.613140356601434923e-06
8.611441559954376507e-06
8.608941397672727959e-06
8.641643160369010172e-06
8.606621754552179753e-06
8.605395850054264951e-06
8.603549089987911852e-06
8.600278664137779390e-06
8.599297565676048696e-06
8.598209177155998742e-06
8.597306044369663970e-06
8.594279749634855584e-06
8.593191676027345645e-06
8.591189118002755108e-06
8.591371853678235257e-06
8.592326131141210464e-06
8.591245630592918552e-06
8.592306206386032458e-06
8.589358450308282858e-06
8.589426300886771060e-06
8.590025502902184421e-06
8.588625127003978948e-06
8.649486890514405257e-06
8.594496013453559337e-06
8.595343318044494968e-06
8.590250431931660874e-06
8.587037568380158573e-06
8.585646475770166970e-06
8.585595368989136850e-06
8.587788809866955719e-06
8.584026385657731877e-06
8.584156265669662524e-06
8.586451867813593640e-06
8.580008433985615590e-06
8.579184922912949155e-06
8.578732912004245837e-06
8.854968222825240540e-06
8.758721687248301879e-06
8.654318098327469386e-06
8.623727891669356532e-06
8.610022901696840985e-06
1.066539259530448708e-05
9.866863829302019236e-06
9.229996478552494042e-06
9.045356024444118403e-06
8.964544263108108980e-06
8.911330877481304246e-06
8.866023278339223417e-06
8.836578747377643188e-06
8.814933372605083509e-06
8.797687817150290560e-06
8.786217075188081172e-06
8.775530630297605477e-06
8.759842838799158791e-06
8.749497524528730415e-06
8.734457750279034914e-06
8.729583854195273611e-06
8.722506754565983672e-06
8.717074001272825042e-06
8.723901744739729966e-06
8.709382034718753029e-06
8.706333890510601503e-06
1.353171015049762608e-05
1.029699947063515171e-05
9.731669429887308831e-06
9.511820169336715006e-06
9.360903759064361166e-06
9.255680871547156943e-06
9.162476400206287982e-06
9.101139061537348506e-06
9.046880359543744491e-06
8.975465135942309889e-06
8.936504432313086135e-06
8.905125100303241687e-06
8.883735861597111350e-06
8.859809520724108226e-06
8.838803122822961195e-06
8.816793159667214076e-06
8.795585651644918023e-06
8.778482156609849284e-06
8.759165802606125092e-06
8.743446557749241527e-06
8.727235900778396443e-06
8.720330066201617322e-06
8.705287370579147801e-06
8.695184724274441482e-06
8.686997873231424032e-06
8.684512562619299740e-06
8.677469209790917797e-06
8.671760141775545767e-06
8.665835102495596186e-06
8.657829955230530035e-06
8.653506727114290765e-06
8.649736188317546661e-06
8.643336345433757023e-06
8.639149579418395702e-06
8.637549807038644010e-06
8.634121648659250634e-06
8.633669997000955804e-06
8.630949976501748274e-06
8.637976051204532811e-06
8.629487564348891515e-06
8.631398654112368713e-06
8.624429105642168690e-06
8.622304588546589232e-06
8.621906807396348112e-06
8.617322192397599480e-06
8.612397682554728411e-06
8.606900544994763102e-06
8.603576914083532688e-06
8.600439285828542169e-06
8.597758507751980200e-06
8.596462406179246555e-06
8.589549355140964156e-06
8.585498042445275580e-06
8.585899561997697903e-06
8.582509808168955538e-06
8.576863466487338951e-06
8.573713936357307627e-06
8.573272316804528506e-06
8.570005108670860686e-06
8.567558995006644494e-06
8.562559614802011678e-06
8.559041317918550880e-06
8.556032411206614897e-06
8.550920247595664926e-06
2.446959187219969442e-05
1.176365111859922716e-05
1.020787534912415086e-05
9.893929686389431604e-06
9.696344171364520688e-06
9.506402657279977372e-06
9.343188994156055932e-06
9.221341772824112693e-06
9.132103547244697274e-06
9.046661336924443779e-06
8.998373153493352246e-06
8.952050244867374178e-06
8.913865203415601363e-06
8.886855657313692689e-06
8.874083449275833608e-06
8.860241377988131649e-06
8.843498872010968490e-06
8.822023780036639953e-06
8.801301935742837567e-06
8.786190803675709136e-06
1.223317749918351122e-05
9.771171955132255463e-06
1.004595178680271222e-05
9.008199217153863974e-06
8.937818556281248159e-06
8.875398574446080466e-06
8.826234335401750286e-06
8.842238080054205750e-06
8.777394503264683489e-06
8.752318561088637689e-06
8.735772360826862522e-06
8.765738494579029894e-06
8.726155606003279384e-06
8.714774696348588453e-06
8.707202906634848224e-06
8.697229866356792356e-06
8.691803450725880942e-06
8.686928860773454451e-06
8.677727919727354919e-06
8.670753712370546284e-06
8.664997227848895831e-06
8.661064694403345239e-06
8.653842908946293621e-06
8.652123387567674657e-06
8.645964019630506680e-06
8.639209790620346131e-06
8.632824484493539040e-06
8.627868035470480425e-06
8.620903482020973854e-06
8.614209184543141989e-06
8.609948365574381869e-06
8.604484881592118438e-06
8.616425594330697421e-06
8.616994538973206261e-06
8.598593078659177787e-06
8.593251613244015877e-06
8.586789570396528905e-06
8.580810535174047339e-06
8.576729377788676323e-06
8.571171974836033769e-06
8.566889866112129760e-06
8.560506027303441484e-06
8.555557798975617096e-06
8.551545061739791877e-06
8.544270897345996305e-06
8.538542624213127149e-06
8.540749788229124955e-06
8.536308753264165648e-06
8.531970761396224154e-06
8.837626714921499019e-06
8.612056975607628809e-06
8.557886468073169547e-06
8.540020291244824279e-06
8.528960327112145227e-06
8.521634155916520340e-06
8.518652577246637030e-06
8.515911737655793847e-06
8.523470922151925503e-06
8.501223250050316593e-06
8.500076330619776177e-06
8.497161225401820563e-06
8.495612542371115198e-06
8.491871562531136172e-06
8.487743919355731639e-06
8.483783828978629871e-06
8.482878044257328716e-06
8.478503298192663690e-06
8.478648473252784691e-06
8.475766658951518895e-06
8.474222715146122108e-06
8.470962162997845092e-06
8.467422665792885493e-06
8.463567345036912188e-06
8.459764121653278883e-06
8.457974918580171854e-06
8.458912029709608556e-06
8.456759208759953212e-06
8.450437845416065524e-06
8.448334980357686251e-06
8.444321180149927318e-06
8.443398939637821723e-06
8.445401889503045280e-06
8.437339660834671312e-06
8.436306844714635625e-06
8.432776591386451442e-06
8.430682014856454281e-06
8.427863508586597841e-06
8.425068635157610664e-06
8.434269493212316490e-06
8.424524867981138672e-06
8.418321235315791239e-06
8.419925303163229647e-06
8.418516428794948719e-06
8.423473225320776963e-06
8.454922675582565039e-06
8.528340540957893718e-06
8.432960869413364590e-06
8.423182520876556492e-06
8.424013282137821418e-06
8.416700524094267166e-06
8.414340902997233476e-06
8.414117760366934343e-06
8.409350356638849427e-06
8.407456966400181071e-06
8.406231687937785267e-06
8.403764881753280684e-06
8.402836914456202744e-06
8.402796367666572888e-06
8.400721084929803023e-06
8.398438506750001566e-06
8.399108842619777682e-06
8.393345596762932296e-06
8.391582623138068499e-06
8.390586734776662428e-06
8.388268133027547345e-06
8.388567063093432062e-06
8.386104743370500686e-06
8.385895277266779124e-06
8.382238167996547011e-06
8.383352389955688687e-06
8.380274359751637445e-06
8.380031265460275626e-06
8.378886815307850388e-06
8.376176202773421780e-06
8.375476791115942597e-06
8.375233336058347539e-06
8.371189059062089858e-06
8.369544945026064010e-06
8.372956604034697696e-06
8.369236137089805359e-06
8.366971220160243278e-06
8.364883558442671297e-06
8.363108114129620628e-06
8.361798173079174892e-06
8.359139814047011964e-06
8.367189872539408172e-06
8.362736616618349556e-06
8.363085661358128067e-06
8.362676129915295873e-06
8.359338180146854084e-06
8.361690141024760939e-06
8.363716355006544387e-06
8.360537958651547574e-06
8.366667977573645509e-06
8.362403508120526215e-06
8.359922535040217444e-06
8.361691989951698667e-06
8.355455294122294318e-06
8.354985357451975701e-06
8.355143640604485665e-06
8.355036807946211031e-06
8.353344032154079300e-06
8.362723892408515785e-06
8.358950641422779475e-06
8.347343012549875434e-06
8.349198148683475217e-06
8.343949517287304056e-06
8.340646260194262683e-06
8.344988096193143581e-06
8.340111930541146336e-06
8.343480302149448529e-06
8.340106681240892761e-06
8.337282877543354936e-06
8.335519028908796107e-06
8.338438163946193526e-06
8.334465404307896333e-06
8.334026731517951161e-06
8.333592455376978344e-06
8.329601367146703808e-06
8.326265711957603818e-06
8.329586895191217949e-06
8.331324094494145166e-06
8.326344576895887406e-06
8.324130683755963435e-06
8.321280942785354510e-06
8.321214410974183201e-06
8.316451167426444996e-06
8.313086414849143042e-06
8.311165734842991480e-06
8.309523718708077699e-06
8.308374090120196275e-06
8.310957113053519239e-06
8.305268806907406542e-06
8.304457328070687512e-06
8.299239910532681469e-06
8.306573227325012246e-06
8.296705324255526919e-06
8.307848091438548303e-06
8.296124169267690335e-06
8.297412292298151864e-06
8.293594896334374519e-06
8.292903848617545702e-06
8.289870829685241170e-06
8.291239628306357935e-06
8.288127926334709492e-06
8.289634865832341116e-06
8.286007116945863832e-06
8.283291002726400349e-06
8.286439151940310136e-06
8.290026117947491070e-06
8.286107929128169240e-06
8.461650282166980350e-06
8.335763393840048703e-06
8.287821970801207989e-06
8.284644499478114533e-06
8.279652424031761095e-06
8.370657413934167815e-06
8.294554798643124903e-06
8.282232989813565198e-06
8.273711548554274690e-06
8.270130141075545798e-06
8.268924421296712366e-06
8.270245842822987470e-06
8.268750579342545959e-06
8.266718652597167000e-06
8.268088932557777720e-06
8.262022803364743053e-06
8.262292622021050667e-06
8.261797556012121318e-06
8.259448998539179813e-06
8.259293747414630393e-06
8.256614094079851016e-06
8.260579679320775431e-06
8.264183703659000390e-06
8.262793358729443333e-06
8.269348957128385839e-06
8.265114647656446458e-06
8.265190247508750817e-06
8.267053349300113176e-06
8.264376377837834365e-06
8.263222910803355085e-06
8.259830065071582117e-06
8.262997636923804436e-06
8.261952857537834829e-06
8.258337585023885964e-06
8.260763534053694931e-06
8.250756204688513914e-06
8.257080839939589671e-06
8.248798180450951317e-06
8.247551133232869797e-06
8.249371190534777692e-06
8.256982525457108872e-06
8.247985763697821083e-06
8.246818451122332400e-06
8.242076506803642355e-06
8.241314486667760552e-06
8.243785301829121268e-06
8.242534469976211251e-06
8.243142490679625865e-06
8.247304305086799336e-06
8.240872594645527681e-06
8.235918724797860934e-06
8.237881979008912796e-06
8.245982566753203702e-06
8.234173147532904824e-06
8.233620439265602807e-06
8.232189165558641218e-06
8.230436598068991674e-06
8.224561366508472007e-06
8.391094536364106948e-06
8.269134581648056575e-06
8.247292369863619082e-06
8.237799227875560999e-06
8.230224694519467938e-06
8.226715928003613140e-06
8.230617922890814410e-06
8.221679124365740003e-06
8.225251269777799851e-06
8.231816071884167789e-06
8.231166050336469808e-06
8.231322646755265035e-06
8.228091478864978025e-06
8.247873489987493160e-06
8.235225666339828857e-06
8.239550225728938795e-06
8.234725986540070898e-06
8.234910682555588522e-06
8.238934246946883668e-06
8.246716189432846042e-06
8.244614159972721651e-06
8.242951204617081419e-06
8.241630747155188975e-06
8.228189294641196922e-06
8.229802241430660711e-06
8.224655635634311109e-06
8.219553908096107880e-06
8.226662775617417253e-06
8.221516488902124462e-06
8.223873789271844896e-06
8.235171140995589260e-06
8.225731293123316758e-06
8.220183381126845137e-06
8.215251408879945954e-06
8.220890618986231789e-06
8.218986844970762993e-06
8.211959790666394213e-06
8.211138128520663811e-06
1.744153487682827507e-05
1.100823723921469828e-05
1.062191480817394609e-05
1.041747844586401114e-05
1.032118448620167369e-05
1.024139014627204871e-05
1.016052436019284211e-05
1.010590382065856809e-05
1.004731366075854207e-05
9.997635152861525083e-06
9.937121850119487093e-06
9.922415268495872543e-06
9.878181348691820329e-06
9.819059328416794834e-06
9.717508992631944319e-06
9.594013840796833731e-06
9.392989575947770242e-06
9.251418722821350905e-06
9.132169396555884795e-06
9.049093771409388661e-06
8.996762458082230770e-06
8.953518096556459474e-06
8.920056389645954559e-06
8.893389134148795762e-06
8.864374697926298506e-06
8.843113034420942910e-06
8.820450690336655933e-06
8.804968337396226977e-06
8.784441990125438991e-06
8.767288351236857192e-06
8.753222679160899947e-06
8.861839470455379138e-06
8.761926738240314393e-06
8.729247861841334189e-06
8.713819434736554747e-06
8.691540867099926000e-06
8.674768071538589551e-06
8.671787853321196175e-06
8.656728681065336542e-06
8.644302944655161416e-06
8.641432129934400951e-06
8.633665736776189052e-06
8.632252857220616411e-06
8.616700041936079465e-06
8.601843461519820266e-06
8.589522575827383404e-06
8.574027087509725041e-06
8.560997497018736781e-06
8.549963478875118186e-06
8.542301225512953026e-06
8.537405642149073268e-06
8.527508253640310600e-06
8.520592190279786037e-06
8.513414294763303804e-06
8.508752166941727926e-06
8.502530475501164856e-06
8.500527043224792510e-06
8.488781859341542626e-06
8.485954019382309919e-06
8.480405797020769149e-06
8.474187988743628173e-06
8.472757919738189991e-06
8.466908264305554114e-06
8.460453024478435116e-06
8.455597696865880375e-06
8.452065809478881826e-06
8.449325043784483840e-06
8.445966933171197551e-06
8.446506456039060140e-06
8.447535110841878435e-06
8.441352188886716410e-06
8.439900540603654253e-06
8.443320612817236797e-06
8.439583107625972885e-06
8.433831648062550067e-06
8.432972921355030374e-06
8.437633493940665407e-06
8.491356911311717231e-06
8.463227646113106260e-06
8.454250346403569457e-06
8.450312144532290133e-06
8.443860538515461430e-06
8.438993476526472965e-06
8.435309108184205050e-06
8.430414852303631541e-06
8.425725696952213794e-06
8.423026752855851542e-06
8.418409092503983859e-06
8.414924614802051504e-06
8.412460470026417576e-06
8.406041581186704301e-06
8.402868074123641046e-06
8.399625566729204527e-06
8.395839270557795426e-06
8.392075155825295816e-06
8.389286672354500461e-06
8.387444282410190803e-06
8.384258616918790341e-06
8.466638550620094865e-06
8.401238225512012981e-06
8.389132706649130180e-06
8.381880852918281710e-06
8.375708847552233005e-06
8.371257453063662504e-06
8.369931994896736755e-06
8.367556378061635295e-06
8.365972421036834753e-06
8.404319761818138270e-06
8.365768161790280503e-06
8.358631976458734256e-06
8.357276658443880247e-06
8.354348814994712335e-06
8.350044777595637594e-06
8.349459142209525114e-06
8.347394620689859500e-06
8.342972451297707212e-06
8.340848730009990111e-06
8.337464161437916160e-06
8.336845094163435697e-06
8.331737703883845283e-06
8.581165027408132215e-06
8.383940079662957983e-06
8.352192924500438507e-06
8.339472750170291726e-06
8.334134656706737926e-06
8.325998448602452896e-06
8.321875762552129806e-06
8.509359214485811372e-06
8.340091134944790094e-06
8.311681995868032153e-06
8.305278205019325427e-06
8.303534076503638739e-06
8.300403290301498885e-06
8.297105175643082204e-06
8.301887203288060168e-06
8.294213712739898433e-06
8.296444020743365332e-06
8.303402418429566058e-06
9.144871467015035937e-06
8.542528425626490172e-06
8.304727394943256242e-06
8.280853409132760202e-06
8.274163139579589628e-06
8.273465208124738799e-06
8.283197351678002417e-06
8.277203105914547260e-06
8.273758515997542079e-06
8.270547139848834431e-06
8.269175053025416483e-06
8.263246748659487672e-06
8.261564383550042755e-06
8.259652040957614339e-06
8.258088431224072228e-06
8.254762119956164307e-06
8.253696079994673465e-06
8.251599573441127081e-06
8.251541463550893986e-06
8.247001935615117776e-06
8.248702672896493594e-06
8.243523989979924395e-06
8.243500794833379683e-06
8.240605712899195671e-06
8.240906605578857531e-06
8.237173024857232989e-06
8.237750217479818194e-06
8.236210847295903422e-06
8.233195796189344688e-06
8.231370601000282967e-06
8.234801894483704737e-06
8.227916416293130862e-06
8.226293481357060684e-06
8.224667052445511082e-06
8.224108848556473196e-06
8.220374073365141048e-06
8.218066205548288079e-06
8.217905198838101121e-06
8.215977809034787703e-06
8.212131317956542981e-06
8.211130924564714309e-06
8.211490563780898133e-06
8.209570985400205516e-06
8.252779478728673948e-06
8.268146942024638397e-06
8.212635895385271477e-06
8.206764599284118510e-06
8.204964287870098447e-06
8.204875273349898702e-06
8.205566368815197872e-06
8.201012868388109233e-06
8.200276430443410226e-06
8.199122245287071429e-06
8.197605698114785036e-06
8.197196445204705598e-06
8.195496460151238582e-06
8.219005326661014819e-06
8.194872323959619470e-06
8.193775797356768148e-06
8.191960532334026661e-06
8.190019286378932275e-06
8.193683739818880527e-06
8.190500567100874655e-06
8.192852132727543223e-06
8.191534089974083376e-06
8.187098184180285153e-06
8.184760014273706813e-06
8.188001263154850567e-06
8.185255948471118964e-06
8.181389227956970328e-06
8.180300325951368417e-06
8.179337461342584196e-06
8.178543167029298994e-06
8.178069231234985975e-06
8.176120132172097748e-06
8.176329250015138152e-06
8.174416726281681587e-06
8.174451972233024791e-06
8.172774770400791935e-06
8.169583351218534449e-06
8.171117164389821931e-06
8.171269680588011262e-06
8.172838076537422469e-06
8.170815320151329493e-06
8.171464272663798143e-06
8.169859501473790273e-06
8.169599670206177520e-06
8.167741671438003093e-06
8.169045955052449122e-06
8.162281133839617846e-06
8.161984247484118380e-06
8.160543639329868995e-06
8.158576094577558741e-06
8.159424103647931127e-06
8.157493011822225458e-06
8.156803086952398718e-06
8.155814637120783892e-06
8.153862277140433231e-06
8.154561355695477077e-06
8.154013349894740617e-06
8.149632709925450238e-06
8.150834161521440784e-06
8.148432847671453207e-06
8.146433761263929975e-06
8.147094754728338774e-06
8.146158058934816198e-06
8.147576197643502450e-06
8.142763858813850607e-06
8.143524966044423676e-06
8.174848004121789072e-06
8.153536934590496619e-06
8.143020962355269570e-06
8.139659148961679501e-06
8.138347590905444041e-06
8.138782586305145361e-06
8.134523000080662314e-06
8.136400115669554378e-06
8.135011404040900159e-06
8.137938314879040956e-06
8.135215147528166173e-06
8.134437197213628204e-06
8.130523916255091019e-06
8.128622432650445533e-06
8.130152969746026455e-06
8.127062387757178540e-06
8.124523263859373469e-06
8.125665742682030513e-06
8.123668208478800317e-06
8.126056684811070472e-06
8.127699297043970762e-06
8.128639083603653260e-06
8.121547645411435258e-06
8.120474541328804091e-06
8.117386492661656514e-06
8.117824601185929875e-06
8.115560229195276990e-06
8.964132324535967945e-06
8.624800815747826844e-06
8.274435488525948076e-06
8.191009297509785258e-06
8.171031160676041293e-06
8.159797065824628970e-06
8.151475224546326641e-06
8.146048822178878838e-06
8.140222488085177476e-06
8.132241371564910920e-06
8.129907129538575523e-06
8.123330155740405073e-06
8.120688501852176688e-06
8.119451246860383354e-06
8.119695354480428018e-06
8.206452765383194932e-06
8.120271637987267214e-06
8.110111446057999613e-06
8.106378425812484157e-06
8.105843958598294913e-06
8.107002670385555208e-06
8.104846608603111574e-06
8.102289050005613501e-06
8.097929786951377511e-06
8.096935228725973122e-06
8.095560649508116348e-06
8.094047134742746264e-06
8.853445932951824453e-06
8.456403206764661563e-06
8.174610318671208386e-06
8.120167143109332172e-06
8.105049803361907360e-06
8.100104755612847133e-06
8.098507853825746218e-06
8.095821070431460841e-06
8.092914586465363525e-06
8.091131164367955657e-06
8.087662901440732924e-06
8.085794743237783997e-06
8.085122387910815265e-06
8.083679855038402440e-06
8.082355843347008138e-06
8.077946765752131700e-06
8.078344625725246341e-06
8.077715659737804576e-06
8.078115275035695062e-06
8.077565989500121011e-06
8.076804143684056822e-06
8.072256960455585491e-06
8.075051741419278078e-06
8.071719820463840801e-06
8.074621333662435605e-06
8.070714565443874779e-06
8.069908786486241719e-06
8.072456422117587550e-06
8.068867504486358497e-06
8.066877463761556197e-06
8.066494241726711436e-06
8.065822043287578218e-06
8.066053152333551457e-06
8.073136518381337153e-06
8.070102008635634394e-06
8.065532260464654144e-06
8.061710124517654997e-06
8.061749997144336351e-06
8.060701632454463412e-06
8.059954902819299401e-06
8.060897534581576136e-06
8.059414158954798598e-06
8.058990185872972185e-06
8.056866679074422682e-06
8.057585325786931478e-06
8.068855540462513049e-06
8.058094549975673964e-06
8.057016345143589451e-06
8.056336305344302944e-06
8.053117206827663818e-06
8.052903123522506685e-06
8.055643334804092896e-06
8.054889026804326770e-06
8.054135985654890388e-06
8.050609054635060060e-06
8.049722826702539067e-06
8.049110602617778255e-06
8.047914676960015218e-06
8.051225374477630046e-06
8.047358267049276715e-06
8.045823190817222214e-06
8.045107043699318541e-06
8.045314883323347800e-06
8.044051529623175292e-06
8.043139721015297948e-06
8.041006590246978867e-06
8.043658851117168034e-06
8.044363113034099779e-06
8.045287119860706856e-06
8.042637718214488759e-06
8.041818432123667417e-06
8.036976450966904414e-06
8.040165075347735141e-06
8.037132835170268324e-06
8.036217892216275809e-06
8.037076062616203210e-06
8.039725126233557645e-06
8.038263857391332872e-06
8.036510931409188063e-06
8.034206882712168640e-06
8.036935511199772551e-06
8.032979318007468016e-06
8.034400304950394621e-06
8.031697838456845209e-06
8.029890254495816230e-06
8.031201554103973078e-06
8.029510812927279784e-06
8.030091015598372567e-06
8.027494151671514454e-06
8.023540311796751096e-06
8.482943949654023568e-06
8.107704606648743679e-06
8.059258875240022952e-06
8.042527723167343593e-06
8.032561890634799952e-06
8.031729400196734026e-06
8.026956092332207955e-06
8.025071002748518028e-06
8.024428805886904458e-06
8.018468942433780569e-06
8.019022878518929640e-06
8.019146301876389567e-06
8.015721416920010706e-06
8.017475862895178090e-06
8.014108157870698947e-06
8.018286366298827978e-06
8.014689123380473791e-06
8.014970298214999791e-06
8.013742109748514755e-06
8.013465325120706342e-06
8.014109057133584919e-06
8.012551313640870260e-06
8.009122532636563153e-06
8.012084077032947531e-06
8.010436438704952313e-06
8.008842431005783281e-06
8.006161345216847595e-06
8.007123385217104265e-06
8.005821850929350922e-06
8.005379579193079654e-06
8.003573467855555274e-06
8.005808383965510929e-06
8.005476561265822491e-06
8.003013354027644003e-06
8.005681172941573001e-06
8.031327006013574130e-06
8.013873392277067530e-06
8.004383509311689671e-06
8.002815407432232805e-06
8.000408351260072994e-06
8.001175916281984076e-06
7.999070314781419962e-06
7.999560684766038524e-06
8.025459925041407913e-06
8.003625139281211277e-06
8.008880763554771304e-06
8.002643338992735872e-06
8.001497474955007107e-06
8.005371009479252741e-06
7.999685855869150539e-06
8.002371588418100213e-06
8.001351445348820984e-06
7.999503104277513041e-06
8.002589537075739882e-06
8.658119099891337100e-06
8.635897477233812260e-06
8.239395014394783594e-06
8.149883218114458290e-06
8.113777753351313917e-06
8.093972740728834299e-06
8.076659876223857078e-06
8.062084367566057724e-06
8.064148943276450154e-06
8.038330640829372258e-06
8.029136344778937893e-06
8.015231713898174348e-06
8.007405868587133050e-06
8.001820683603000158e-06
7.998086393854464608e-06
7.998639381791386674e-06
7.995968604366983175e-06
7.994531629644068322e-06
8.001063400039734889e-06
7.995072412162092663e-06
7.993146828842630710e-06
7.989996946283403127e-06
7.987289806881866575e-06
7.985706236771269035e-06
7.983669529873319986e-06
7.988436735028396347e-06
7.983250180056226456e-06
7.982990841431576598e-06
7.979775424852657273e-06
7.980929860498993468e-06
7.979710940920389705e-06
7.979799236939774169e-06
7.979509095624356523e-06
7.978428924767892987e-06
7.977183495692466791e-06
7.977185248743504662e-06
7.976956141343786175e-06
7.972387362542576061e-06
7.973964273257175836e-06
7.975457084512526811e-06
7.978519087146195585e-06
7.973881019628001107e-06
7.970764863785007376e-06
7.969500620295851475e-06
8.214130253539528011e-06
8.111138683185951655e-06
7.985374090443049533e-06
7.974404166664801765e-06
7.967657201485659082e-06
7.984935363462379238e-06
7.968781574542541666e-06
7.963680909976270455e-06
7.965284441600790718e-06
7.963832330233344082e-06
7.961909005871348199e-06
7.966186255998764361e-06
7.963163774320492210e-06
9.145033692448123136e-06
8.096578101230989045e-06
7.998702067955795522e-06
7.979431386123299544e-06
7.971127220495569188e-06
7.964631588492921262e-06
7.961638709730323510e-06
7.960837305063250688e-06
7.957866506558275094e-06
8.128101878431456118e-06
7.973192136508563255e-06
7.961524048596401739e-06
7.967711869696359053e-06
7.962187218405840361e-06
7.954300822727115985e-06
7.952898186734577149e-06
7.952660452398655429e-06
7.949693283535453335e-06
7.951773904627164403e-06
7.948118379014582565e-06
7.947634902999803510e-06
7.947399933148820297e-06
7.945901845687331069e-06
7.944424818333572312e-06
7.944902344737177834e-06
7.942836998987938738e-06
7.943606127961781716e-06
7.942803607647874810e-06
7.942081062992655557e-06
7.939484817522194380e-06
7.937295274966041730e-06
7.992939725151397139e-06
7.952289651408743284e-06
7.942163773577703300e-06
7.937572586721823169e-06
7.935804432387765211e-06
7.938082633624314385e-06
7.936010273776143291e-06
7.934491415350446221e-06
7.936153505928208917e-06
7.934311691239296708e-06
7.934763511912023369e-06
7.935657655480100306e-06
7.935749274565750153e-06
7.931106468201202861e-06
7.931841049260886312e-06
7.931318435415354298e-06
7.932848521932101129e-06
7.928126631592628397e-06
7.933200166310901418e-06
7.930522081854482261e-06
7.930838944503192811e-06
7.928578734966626305e-06
7.929210918670529323e-06
7.928375369677572243e-06
7.927777655822865064e-06
7.925081231026828010e-06
7.923889416285116581e-06
7.923943973840626639e-06
7.923129626684991418e-06
7.926926923952730601e-06
7.925846204746752601e-06
7.925471523625067866e-06
7.926962051290806064e-06
7.923820540630306674e-06
7.922114965595028683e-06
7.922001658850301228e-06
7.920227335110514662e-06
7.937419133744091622e-06
7.920760488862772797e-06
7.933460095349194544e-06
7.949435358796108698e-06
7.955659429702184401e-06
7.926293092926546218e-06
7.917762719292416735e-06
7.916835578877604322e-06
7.916871517181789657e-06
7.914228151169784914e-06
7.912637838292843528e-06
7.913047639931391499e-06
7.912578677557273037e-06
7.914342168836203893e-06
7.910991022678597040e-06
7.915913899220565272e-06
7.915868881885519556e-06
7.914154059941816646e-06
7.911451062530734871e-06
7.908119625881226898e-06
7.909700509192892160e-06
7.910005331268621715e-06
7.906892956649851214e-06
7.941152232433523140e-06
7.914183157330020304e-06
7.912739867303268660e-06
7.909413436664181470e-06
7.906809999364365412e-06
7.904111415276323177e-06
7.902672440422974935e-06
7.903579016404667582e-06
7.899250739455965502e-06
7.901200888227322139e-06
7.898380315888668329e-06
7.898522751853912446e-06
2.831680171311745748e-05
1.429711952672126611e-05
1.199506973686463181e-05
1.109758261009119377e-05
1.056401905164724049e-05
1.021448089621420314e-05
9.976152789856010687e-06
9.796882143291440619e-06
9.664777780168757403e-06
9.555202786941663633e-06
9.465606537257068517e-06
9.389261082333177978e-06
9.322669792103018072e-06
9.262889001320218356e-06
9.209313791416207231e-06
9.164245530731326611e-06
9.118648118070874303e-06
9.077612375752626699e-06
9.036971259016960217e-06
8.998952871479559961e-06
8.962558579999798039e-06
8.928959697414029913e-06
8.897036627786291890e-06
8.865947704634890515e-06
8.838503971825654112e-06
8.811689831797290000e-06
8.783969663757791940e-06
8.758822652907837533e-06
8.735167133030094150e-06
8.716328903043783354e-06
8.697102922875879854e-06
8.680600705019970355e-06
8.663124065909262402e-06
8.649366436657147161e-06
8.639440183060287991e-06
8.616177197685222504e-06
8.602858413648087839e-06
8.765657252070014190e-06
8.605468510343901661e-06
8.581058407723200426e-06
8.561221067111546358e-06
8.550401790140918590e-06
8.538257137236845556e-06
8.523103394963981943e-06
8.511728892320509171e-06
8.500033980756901817e-06
8.489375643800182110e-06
8.483159898939144765e-06
8.470769393322067023e-06
8.460206019738810760e-06
8.448047974146296999e-06
8.440817814895733285e-06
8.436522201312375579e-06
8.421231814281782813e-06
8.414547952876697689e-06
8.405819241185478059e-06
8.398498063494723567e-06
8.387612366126025932e-06
8.384098329846285957e-06
8.374428194125964196e-06
8.366910554589897727e-06
8.360581290389745845e-06
8.353050915275162512e-06
8.346342694949270780e-06
8.339646582271598095e-06
8.334161542128034337e-06
8.326442307785933777e-06
8.319979063268571206e-06
8.311697522458416439e-06
8.305874467472071140e-06
8.300160119460998131e-06
8.294942513960753405e-06
8.288826574016639322e-06
8.280788950211596797e-06
8.277267902106662798e-06
8.269755300792287574e-06
8.263027304640975523e-06
8.256459385241517055e-06
8.252020876398091787e-06
8.246103836881957453e-06
8.241245755774191537e-06
8.235319002096731011e-06
8.232466778205585839e-06
8.226750106056594306e-06
8.226918167035061552e-06
8.224088024159451760e-06
8.214838798039636933e-06
8.210664796403459366e-06
8.205397975492208511e-06
8.197745122136742752e-06
8.199654740413582645e-06
8.192337183269653145e-06
8.192046648597776034e-06
8.183833471472705661e-06
8.178554152967383256e-06
8.173489973538987092e-06
8.168834349741398217e-06
8.164686774989605143e-06
8.160132689833214783e-06
8.156449239322682233e-06
8.151803387666707397e-06
8.149093625888781186e-06
8.142110566116874391e-06
8.144056589571846823e-06
8.136221508342107936e-06
8.130999718029368101e-06
8.156758292064600121e-06
8.139296495907425374e-06
8.119328908454311801e-06
8.112774528778269535e-06
8.108991035366368408e-06
8.116595526720024172e-06
8.104281126861678989e-06
8.098024091320136578e-06
8.092805020396553553e-06
8.086330310940563200e-06
8.090771693787246206e-06
8.078153397264032284e-06
8.076791049992000456e-06
8.072369683607878517e-06
8.066752819407459749e-06
8.060941790972720307e-06
8.062358313433530058e-06
8.055477863232833320e-06
8.051385129874688844e-06
8.045066177070718652e-06
8.040335548002985482e-06
8.036232289138449178e-06
8.032695916426746408e-06
8.030145442035064497e-06
8.031620964175090736e-06
8.025680224742852477e-06
8.021715783570471578e-06
8.019447048657943244e-06
8.016281728184063238e-06
8.012240153144981961e-06
8.009191506819964961e-06
8.004423184502229763e-06
8.004434408424761035e-06
8.000643273741539924e-06
8.004948517736920282e-06
8.001386113013117236e-06
7.996815330670870161e-06
7.989348654291461910e-06
7.988135522509764454e-06
7.985002831295181234e-06
7.982476827237405679e-06
7.980639402755211056e-06
7.976574232012959302e-06
7.974235497840709150e-06
7.990722423301122035e-06
7.971756254316157144e-06
7.969326629411929076e-06
7.965155554074953854e-06
7.959383975730815341e-06
7.957105361811045780e-06
7.954636544506380478e-06
7.952276756668652931e-06
7.946943679826289785e-06
7.947077894338386452e-06
7.941593594675092635e-06
7.942562577909483915e-06
7.937648496939194982e-06
7.939539869994405308e-06
7.936630753041148460e-06
7.935409189864610211e-06
7.930309130491272325e-06
7.934829322569689046e-06
7.928003437503624429e-06
7.925744222347930529e-06
7.921658122995722196e-06
7.922230628309989358e-06
7.918808545734161013e-06
7.919001335494613226e-06
7.914773137448112911e-06
7.917058641169205183e-06
7.913106607778293289e-06
7.909261699978743077e-06
7.906987793073009938e-06
7.909359977702479160e-06
7.905400841157945944e-06
7.902792372078693413e-06
7.900852525229614193e-06
7.903867076114086274e-06
7.899476156580930597e-06
7.897478230537065686e-06
7.930386388655581991e-06
7.904543837184974177e-06
7.934174138502688838e-06
7.897038666442312370e-06
7.894972281216420666e-06
7.909718564557502530e-06
9.505755773488999829e-06
8.244461954897511303e-06
7.948503550020783400e-06
7.907429331908133327e-06
7.891996765086635389e-06
7.887115988296499884e-06
7.883209695667877311e-06
7.880379704753674708e-06
7.876963942787067242e-06
7.875678288655763433e-06
7.873517278843185171e-06
7.871879881804489171e-06
7.869063695125078694e-06
7.868429897825989525e-06
7.863779470653753853e-06
7.867934099294871450e-06
7.863960453657151895e-06
7.858648204243461383e-06
7.861145017310869703e-06
7.860510016826083573e-06
7.859579294517971400e-06
7.855465381680915490e-06
7.855790940235844451e-06
1.198331002607725772e-05
8.887139319616229189e-06
8.486896151680411529e-06
8.257208431814433289e-06
8.102784588193875836e-06
8.012129015924073796e-06
7.959063348531950438e-06
7.926948418723137814e-06
7.911213820458821977e-06
7.914849910927539202e-06
7.901012916515052026e-06
7.894244621032461400e-06
7.885255260286308610e-06
7.875130639073782570e-06
7.868830225561396287e-06
7.862964592201630504e-06
7.859846551051911787e-06
7.854294160930900550e-06
7.849687369419674140e-06
7.847847084197687084e-06
7.846350509150094979e-06
7.843115679027808242e-06
7.843703080349466439e-06
7.865429662767079317e-06
7.843546594206903666e-06
7.836250875167630824e-06
7.833167798025897287e-06
7.851285292872489798e-06
7.838043455497730052e-06
7.829144908176506408e-06
7.827474578334658398e-06
7.825440655627366235e-06
7.826351682827710431e-06
7.824722221888198590e-06
7.820833106203887782e-06
7.818919726029587274e-06
7.819489681727039292e-06
7.817014209952806244e-06
7.817464129402652265e-06
7.813724084068477481e-06
7.813886438725603986e-06
7.809472917112240603e-06
7.811975076113715578e-06
7.809461767465108599e-06
7.807491930407196214e-06
7.806995504703688460e-06
7.804874121196310951e-06
7.803067652882116057e-06
7.802896620508666464e-06
7.800512308146305746e-06
7.801239978941036578e-06
7.794940186158783510e-06
7.795012303404291539e-06
7.794781107577363564e-06
7.793452416535729047e-06
7.788787547724495769e-06
7.789545431554264343e-06
7.789885746660729231e-06
7.786775101976672954e-06
7.789216229715142508e-06
7.794021572635755982e-06
7.787200188431597171e-06
7.784529833922229861e-06
7.782750147953265221e-06
7.782788712044445484e-06
7.783091762879241845e-06
7.779729471243019783e-06
7.778595064943752502e-06
7.780793612255366265e-06
7.775276626868314261e-06
7.775107839051998142e-06
7.772152003250690786e-06
7.772008717665813260e-06
7.772790523101017962e-06
7.771997118576716153e-06
7.771206332639242972e-06
7.771726922480108116e-06
7.773396376933305331e-06
7.773034780029774383e-06
7.771729386831793276e-06
7.766857524226603116e-06
7.766099828359074918e-06
7.765848162459102283e-06
7.766980587954700485e-06
7.762156297985711039e-06
7.761048299244067329e-06
7.760390565181296213e-06
7.765630249044382579e-06
7.763591854275849805e-06
7.759561769565456239e-06
7.760529665574722864e-06
7.757836767344391461e-06
7.756819799927446374e-06
7.753642874680129407e-06
7.758723781610872233e-06
7.753787340334383635e-06
7.753457690948077212e-06
7.750792086653745811e-06
7.750603164519512413e-06
7.756751880757898758e-06
7.757118550368129388e-06
7.750475878841219454e-06
7.751641174612207565e-06
7.748668283890461451e-06
7.751323228148975934e-06
7.747411662724820375e-06
7.749919522363294544e-06
7.743330063855562083e-06
7.804566962477110792e-06
7.782862674427330210e-06
7.758745554535078132e-06
7.750028654527340997e-06
7.746060434404474841e-06
7.742591326405091258e-06
7.772627781529688456e-06
7.752394674298557559e-06
7.742923908911810560e-06
7.739780325740260725e-06
7.734646855321140530e-06
7.732927190697107121e-06
7.733344666576158759e-06
7.731865656144994644e-06
7.730129178374530518e-06
7.731296227196556500e-06
7.730338696016285157e-06
7.724841378073203229e-06
7.725326723478549921e-06
7.724589953189327105e-06
7.723780892850603397e-06
7.822335030217194351e-06
7.753825712294808419e-06
7.726649863949811917e-06
7.722676729523906346e-06
7.721465372772703115e-06
7.722595083047659610e-06
7.721345394505381578e-06
7.718968370227229667e-06
7.717688853290382309e-06
7.719846106510885739e-06
7.715275581858804053e-06
7.715444843370277911e-06
7.716596442151058542e-06
7.714966985001107732e-06
7.712989702213236110e-06
7.711275942862509455e-06
7.712529476672595877e-06
7.710476212423600983e-06
7.707320287029992053e-06
7.700919170474662136e-06
7.701604177630845888e-06
7.708520502471098566e-06
7.700279527777334577e-06
7.702294396570626969e-06
7.698690666302354657e-06
7.697533575689400882e-06
7.696938584634457474e-06
7.717778656797235571e-06
7.698643695448482001e-06
7.697216913129523638e-06
7.692674131476451294e-06
7.692011803328568253e-06
7.691141643893691240e-06
7.698679697796250801e-06
7.690861397122716406e-06
7.687930215827994750e-06
7.686537658173620612e-06
7.686560373182752817e-06
7.685892403515027417e-06
7.695230907529548926e-06
7.687549599116513314e-06
7.681024018590201875e-06
7.681559040217204588e-06
7.682955168017239627e-06
7.678636469942527122e-06
7.679662935515807747e-06
7.678554216378566545e-06
7.677890403480584284e-06
7.684518991860993570e-06
7.677621918749841077e-06
7.676264776440196045e-06
7.679623828759456262e-06
7.684065808462037307e-06
7.678574492047119448e-06
7.677871394283405362e-06
7.673124954408195295e-06
7.669875373418714179e-06
7.672177351120504520e-06
7.675411934542353197e-06
7.675666477098275615e-06
7.713238997742641234e-06
7.676243629930468295e-06
7.678274995441824945e-06
7.668076006363360090e-06
7.663820882726213380e-06
7.663108965137629055e-06
7.662506336979882460e-06
7.660730905551341332e-06
7.757150141666594928e-06
7.711074370035930024e-06
7.688126491605846866e-06
7.675315750930166456e-06
7.671436815902173281e-06
7.666659480870900836e-06
7.665309894567447495e-06
7.661235414389012109e-06
7.661138273912607312e-06
7.664349289295083415e-06
7.657749648615208571e-06
7.656922529880224991e-06
7.657121888087203436e-06
7.657099291312381513e-06
7.658686412241877338e-06
7.662772900403069188e-06
7.656790824436636027e-06
7.676918390113011281e-06
7.660453748030705056e-06
7.657523468651561416e-06
7.651840779014188609e-06
7.654786198448467605e-06
7.651637891209853317e-06
8.072853286951916363e-06
7.927078486318351379e-06
7.708066397071888448e-06
7.687415029143570885e-06
7.674567982955220519e-06
7.666164680131260634e-06
7.659454667342894272e-06
7.654036866900545537e-06
7.654115078139512226e-06
7.652608989777338763e-06
7.648094496441142415e-06
7.647137164591792850e-06
7.644175599352821105e-06
7.659440848328813784e-06
7.648372947717993115e-06
7.646940630744817886e-06
7.649862568541721585e-06
7.651182017980318661e-06
7.646291505428356373e-06
7.642116345702258459e-06
7.647233882532115528e-06
7.643013341294135085e-06
7.666108264932821798e-06
7.650238662790798320e-06
7.644460155612857794e-06
7.648976639605583258e-06
7.646007806367075156e-06
7.694660000652220401e-06
7.667910688648286525e-06
7.648207193445462292e-06
7.645623441779509939e-06
7.643874531216472644e-06
7.638854896943787515e-06
7.638806664923928355e-06
7.641518650416400673e-06
7.641829613476147710e-06
7.638174057926031690e-06
