2.931316828380658990e-06
2.236833104992304745e-06
2.206241712580473642e-06
2.203581296574460159e-06
2.204018142037966924e-06
2.204591400338055686e-06
2.204700744338575997e-06
2.203407605823788989e-06
2.202843847953772469e-06
2.203223133771340694e-06
2.203699148140003587e-06
2.204074303335801402e-06
2.203874563141047009e-06
2.203405904310784620e-06
2.203165600652331070e-06
2.203403134141505414e-06
2.203926116332392307e-06
2.204733823418791956e-06
2.205671258555715487e-06
2.206564958366167598e-06
2.206749252309236824e-06
2.205080272688064640e-06
2.203972511930866668e-06
2.203657228013374257e-06
2.203778853981930382e-06
2.204165726501135586e-06
2.204876083548394131e-06
2.205797382733483679e-06
2.206813390633518243e-06
2.207778622202264709e-06
2.207799786901887358e-06
2.207282038095096691e-06
2.206263494978581273e-06
2.204981403034859690e-06
2.203862099274071519e-06
2.203205087880632904e-06
2.202810393706992367e-06
2.202624523306440012e-06
2.202572155359424234e-06
2.202612127651567324e-06
2.202723984131201453e-06
2.202857767012270880e-06
2.202973545687806828e-06
2.202975857320173693e-06
2.202936188192931335e-06
2.202928146743943047e-06
2.203087675904195389e-06
2.203350538820814193e-06
2.203888273773675982e-06
2.204247963769982202e-06
2.204873055688949535e-06
2.205395965878172594e-06
2.206016127577944010e-06
2.206596855103270997e-06
2.207052489211491775e-06
2.207393265507562319e-06
2.207640617749954609e-06
2.207776985111801688e-06
2.207845864177216014e-06
2.207919400613415471e-06
2.207941793130885175e-06
2.207918464591784784e-06
2.207884301697049438e-06
2.207836784388443258e-06
2.207799104780861028e-06
2.207724427686722900e-06
2.207688207060224623e-06
2.207624750856969957e-06
2.207578052093594864e-06
2.207490888395113786e-06
2.207436163340995801e-06
2.207398608788935235e-06
2.207326842077842949e-06
2.207257936485499708e-06
2.207221310375946920e-06
2.207138296247042680e-06
2.207108847566511750e-06
2.207050473164902732e-06
2.206968520113150420e-06
2.206944187340316962e-06
2.206867346406700668e-06
2.206814644978294212e-06
2.206706377213170801e-06
2.206694174825922156e-06
2.206597908601300438e-06
2.206492073734504524e-06
2.206373528679250824e-06
2.206268641202768692e-06
2.206191663844947640e-06
2.206195567093042607e-06
2.206024650301212099e-06
2.205914123957578805e-06
2.205853839617096403e-06
2.205799103194294900e-06
2.205743192007503324e-06
2.205662807834111655e-06
2.205620091899618274e-06
2.205557719510882994e-06
2.205486551550469262e-06
2.205427510186079311e-06
2.205357892156219794e-06
2.205320280760739944e-06
2.205244622170236209e-06
2.205161793729833525e-06
2.205109497784481581e-06
2.205066387735617629e-06
2.204972111030656463e-06
2.204931740834581348e-06
2.204901685824248954e-06
2.204852830800519029e-06
2.204798719655324571e-06
2.204729006886433761e-06
2.204674126460304166e-06
2.204619894049149924e-06
2.204518803713047524e-06
2.204476224202759747e-06
2.204440560641766561e-06
2.204381974024727073e-06
2.204341005077973827e-06
2.204281054218881679e-06
2.204225601569002445e-06
2.204166245671027820e-06
2.204123431207942113e-06
2.204061748519355650e-06
2.203988045342460642e-06
2.203932300896364617e-06
2.203873964390368031e-06
2.203826503925180712e-06
2.203774249665002656e-06
2.203716474014072616e-06
2.203628620615442297e-06
2.203573311968890731e-06
2.203522831223381302e-06
2.203448426977653536e-06
2.203411903186254951e-06
2.203353380991757234e-06
2.203307716778605577e-06
2.203247386963387831e-06
2.203204655870649900e-06
2.203164198514665978e-06
2.203073055776864643e-06
2.203017587968740013e-06
2.202966102989497094e-06
2.202913879045808984e-06
2.202855663805773030e-06
2.202788107297237899e-06
2.202738971845974278e-06
2.202594816935743269e-06
2.202659959493757755e-06
2.202595449792473224e-06
2.202549296725919703e-06
2.202479769645530448e-06
2.202445352850190745e-06
2.202383302574162202e-06
2.202335785265556022e-06
2.202315245843540842e-06
2.202322078422488080e-06
2.202190940655176196e-06
2.202075131663150302e-06
2.202836083142756421e-06
2.202268509184553740e-06
2.201969304375476451e-06
2.201866016093845331e-06
2.201803132114340304e-06
2.201774399660886682e-06
2.201725972857578305e-06
2.201701325551160597e-06
2.201633750094818614e-06
2.201580059590924066e-06
2.201524345461317987e-06
2.201477877861179792e-06
2.201434460857854077e-06
2.201383661789198519e-06
2.201332688400725771e-06
2.201285766053236689e-06
2.201194744581395563e-06
2.201159649454590985e-06
2.201147037794726372e-06
2.201102582451615765e-06
2.201021951956742224e-06
2.200969667380074223e-06
2.200962971225332589e-06
2.200904214078036518e-06
2.200838510664955910e-06
2.200794763969800548e-06
2.200729382669427101e-06
2.200672956102304746e-06
2.200616503008253054e-06
2.200576507978742928e-06
2.200542496666457737e-06
2.200483614463640426e-06
2.200421999987156765e-06
2.200384445435095776e-06
2.200316707027620121e-06
2.200266271756845611e-06
2.200238729225627034e-06
2.200173931517686744e-06
2.200123196871572957e-06
2.200039155771567768e-06
2.200070472705799042e-06
2.195045256788337801e-06
2.194691580825747308e-06
2.194068842224320728e-06
2.194210458128509429e-06
2.194489055303468736e-06
2.194745032587282472e-06
2.194963910066386953e-06
2.195142872096766781e-06
2.195289603908652955e-06
2.195416891481727277e-06
2.195404973311572935e-06
2.195430693063826935e-06
2.195320996634109094e-06
2.195218443527361710e-06
2.195087680926614392e-06
2.194924979903589786e-06
2.194723780727751440e-06
2.194519216421516365e-06
2.194330503850020969e-06
2.193971962090775483e-06
2.193743140802932240e-06
2.193465479649603197e-06
2.193279957888686917e-06
2.193033875149315569e-06
2.192850331539375475e-06
2.192718632916997469e-06
2.192595540388234905e-06
2.192562336252497707e-06
2.192447834659106035e-06
2.192493453397522349e-06
2.192462939850277613e-06
2.192627088485702653e-06
2.192563465541752436e-06
2.192632090706562405e-06
2.192882573126553494e-06
2.192879098098880499e-06
2.193178484806897464e-06
2.193178560598122753e-06
2.193297878723873044e-06
2.193553810532951862e-06
2.193578931534526884e-06
2.194912023393650553e-06
2.194045384840137643e-06
2.193656174161636235e-06
2.193848979459289610e-06
2.193905546240178600e-06
2.194064848026755499e-06
2.194020570793024384e-06
2.193974493517695729e-06
2.193995173153477121e-06
2.194006068142091968e-06
2.194022522417071656e-06
2.194015295723753847e-06
2.194006204566297573e-06
2.193995737798104698e-06
2.193975088478812828e-06
2.193942312563498025e-06
2.193923296545108145e-06
2.193903465771048210e-06
2.193874892479167651e-06
2.193851097824032432e-06
2.193825518285545069e-06
2.193806282472602656e-06
2.193783298783576462e-06
2.193744766524711744e-06
2.193728520675601071e-06
2.193697567539250845e-06
2.193665037945417490e-06
2.193630272510442135e-06
2.193623553618332618e-06
2.193573122137119563e-06
2.193549274428126515e-06
2.193521246833067105e-06
2.193493836936492254e-06
2.193456824291691382e-06
2.193417636438728825e-06
2.193401436064353495e-06
2.193376436328738681e-06
2.193350174669224988e-06
2.193322730666598735e-06
2.193273928696726216e-06
2.193223076574213252e-06
2.193217164858651728e-06
2.193192957141339511e-06
2.193160681448110513e-06
2.193135143594797037e-06
2.193105782074174491e-06
2.193082320900430374e-06
2.193056646622911293e-06
2.193028259019532290e-06
2.193001087865316824e-06
2.192967557827311434e-06
2.192915151984683224e-06
2.192919536507057993e-06
2.192884892338042846e-06
2.192867824154139630e-06
2.192824835371235887e-06
2.192791771449264901e-06
2.192769757887920795e-06
2.192747058415989328e-06
2.192714536401278459e-06
2.192681688484299399e-06
2.192657507293915672e-06
2.192620380962277078e-06
2.192601959905005145e-06
2.192572780283323122e-06
2.192547526647103950e-06
2.192549997441043880e-06
2.192426700275973332e-06
2.192464103245583744e-06
2.192420197388855740e-06
2.192399972500425234e-06
2.192370069072542994e-06
2.192334511619265043e-06
2.192311338452175838e-06
2.192284118033664421e-06
2.192261403403487557e-06
2.192222514925864278e-06
2.192212480167654406e-06
2.192166660582491564e-06
2.192161707625928187e-06
2.192126646605174586e-06
2.192098133946274344e-06
2.192072774202339937e-06
2.192028747079651302e-06
2.192023312848808124e-06
2.191972009768505729e-06
2.191957942917118195e-06
2.191942871831997594e-06
2.191895517474525509e-06
2.191879968904686563e-06
2.191842740254893765e-06
2.191817217559825262e-06
2.191793176583208595e-06
2.191759616228712835e-06
2.191726408303414606e-06
2.191700400544505270e-06
2.191680929778764504e-06
2.191630104183180455e-06
2.191616283653274792e-06
2.191585099353687668e-06
2.191554578227320869e-06
2.191535622841911306e-06
2.191503551784990292e-06
2.191463283907068957e-06
2.191452358601964164e-06
2.191409862462023739e-06
2.191395200649519105e-06
2.191368817724044780e-06
2.191333673332943828e-06
2.191307729996575840e-06
2.191263160966627935e-06
2.191262372737886370e-06
2.191226265798225815e-06
2.191190761398805270e-06
2.191163533401170943e-06
2.191098985804273980e-06
2.191141754792624767e-06
2.191097901989754169e-06
2.191054769203522758e-06
2.191033615872584051e-06
2.191002890109909268e-06
2.190969727659345957e-06
2.190937808184874674e-06
2.190912145276039959e-06
2.190885390973562523e-06
2.190853645818909277e-06
2.190826842252135891e-06
2.190798420542705487e-06
2.190765678733441661e-06
2.190741698389804887e-06
2.190706883690533581e-06
2.190704492477379972e-06
2.190667987633787392e-06
2.190630611191105895e-06
2.190592556416959100e-06
2.190563911123414707e-06
2.190559541759284912e-06
2.190527705655161404e-06
2.190480404351546725e-06
2.190464253241467769e-06
2.190440189527483643e-06
2.190410941693698818e-06
2.190378203673996448e-06
2.190355295776195542e-06
2.190345833241735733e-06
2.190304943875768808e-06
2.190269579690114475e-06
2.190248210354184266e-06
2.190217314061252901e-06
2.190185152054861202e-06
2.190163119545711092e-06
2.190144429429589404e-06
2.190117792603511144e-06
2.190085156901962554e-06
2.190038234554473896e-06
2.190039981542213185e-06
2.190000175990765646e-06
2.189987912970536685e-06
2.189950979906522556e-06
2.186430947404005565e-06
2.185957623623835558e-06
2.186059403660086350e-06
2.186098875730143211e-06
2.186160141566991220e-06
2.186229570118788150e-06
2.186307661607618959e-06
2.186430250124734262e-06
2.186482629440433981e-06
2.186617299078837722e-06
2.186667374341292638e-06
2.186764303739134258e-06
2.187353201558532229e-06
2.187083487115160181e-06
2.187060871013576066e-06
2.187094492001051718e-06
2.187149846122338204e-06
2.187215848910758088e-06
2.187270357959884572e-06
2.187310531098773766e-06
2.187347308790776709e-06
2.187376696838327747e-06
2.187397634164274952e-06
2.187412962939560942e-06
2.187421523558441465e-06
2.187426044505021415e-06
2.187430838300012151e-06
2.187432479180036628e-06
2.187438512161558360e-06
2.187429413424979599e-06
2.187418491909435837e-06
2.187401798892096764e-06
2.187389232706967494e-06
2.187573727496783249e-06
2.187422622531206248e-06
2.187357476183630307e-06
2.187342499837541424e-06
2.187326447256054793e-06
2.187305794147202315e-06
2.187284629447579666e-06
2.187262979684116185e-06
2.187240386319899529e-06
2.187215083419383983e-06
2.187194081670895854e-06
2.187164310877657764e-06
2.187136313599087876e-06
2.187103495998599186e-06
2.187079170804887791e-06
2.187046262254928838e-06
2.187016722624927646e-06
2.186992897653302058e-06
2.186951053317898017e-06
2.186913241075672061e-06
2.186881378444620062e-06
2.186847279972426064e-06
2.186803612858057022e-06
2.189934855323372091e-06
2.187163386224711018e-06
2.186926360536744966e-06
2.186853722226563340e-06
2.186764663747453427e-06
2.186717597396636678e-06
2.186657676854034900e-06
2.186594232019463752e-06
2.186560557978130694e-06
2.186519122915342620e-06
2.186470514213094142e-06
2.186410896835392673e-06
2.186333460940659279e-06
2.186275412441318452e-06
2.186217352573294108e-06
2.186156219371089825e-06
2.186094820899597665e-06
2.186026434477147082e-06
2.185967218792939093e-06
2.185898150249461756e-06
2.185837361897332093e-06
2.185773708636891929e-06
2.185706190023968808e-06
2.185648937332492456e-06
2.185582267581291215e-06
2.185525727327331139e-06
2.185451660352555506e-06
2.185426486297122654e-06
2.185370203733327968e-06
2.185322830428049032e-06
2.185431026191509033e-06
2.185165760693053101e-06
2.185151428572377691e-06
2.185149192731235691e-06
2.185123454031175687e-06
2.185103873368158654e-06
2.185086592968824969e-06
2.185078335514845178e-06
2.185075478185657165e-06
2.185061271120502994e-06
2.185056405323848425e-06
2.185056996495404916e-06
2.185062385251512751e-06
2.185058258419303372e-06
2.185065466164815176e-06
2.185064378560734334e-06
2.185072708016377958e-06
2.185081306530870914e-06
2.185085543260356559e-06
2.185097764595411633e-06
2.185099553268325233e-06
2.185104654017777733e-06
2.185110254989316038e-06
2.185109588026534681e-06
2.185119524256151805e-06
2.185113430641649757e-06
2.185115848381731857e-06
2.185110622576758117e-06
2.185106867121551849e-06
2.185106912596287192e-06
2.185096957418864064e-06
2.185098052602067392e-06
2.185086517177599680e-06
2.185081397480341176e-06
2.185069134460112214e-06
2.185065792067082944e-06
2.185055560251687999e-06
2.185044832003768703e-06
2.185034376604259346e-06
2.185020055852267877e-06
2.185007728409497568e-06
2.184997883129350707e-06
2.184980257879942825e-06
2.184972792444265631e-06
2.184960032991511895e-06
2.184944275995803933e-06
2.184930557784052051e-06
2.184914490044320870e-06
2.184902621138462479e-06
2.184887182465899799e-06
2.184868750039943924e-06
2.184858813810327224e-06
2.184841139296622545e-06
2.184826439588505478e-06
2.184810045946505683e-06
2.184793621988016364e-06
2.184781313493052483e-06
2.184763843615655787e-06
2.184749178013589699e-06
2.184740075487449483e-06
2.184795842670912967e-06
2.184941111712153733e-06
2.184625820215539259e-06
2.184658580972609512e-06
2.184638318188566150e-06
2.184621193161244074e-06
2.184613614038729158e-06
2.184596811124113819e-06
2.184582050783016437e-06
2.184566142204857897e-06
2.184548763276931463e-06
2.184532502269576240e-06
2.184508029282975723e-06
2.184506778727760785e-06
2.184487520177450913e-06
2.184460815139270275e-06
2.184463289722771236e-06
2.184439991500160791e-06
2.184413127300407088e-06
2.184410042597543632e-06
2.184393569374757939e-06
2.184369607978927169e-06
2.184357625386231480e-06
2.184335721722163641e-06
2.184326054551396272e-06
2.184301498194448403e-06
2.184294495085244582e-06
2.184267680149787254e-06
2.184262064020003975e-06
2.184246576083144921e-06
2.184221796142083064e-06
2.184211249793103444e-06
2.184182445337985988e-06
2.184182430179741015e-06
2.184166343492203406e-06
2.184133829056615024e-06
2.184134829500787059e-06
2.184106275156712505e-06
2.184100992508319905e-06
2.184077303960899921e-06
2.184068042273187064e-06
2.184039385610958731e-06
2.184038320744245348e-06
2.184010103671122928e-06
2.183992520106888510e-06
2.183991504504471502e-06
2.183958937015025291e-06
2.183942494108729544e-06
2.183943108017653495e-06
2.183920238015465022e-06
2.183905526938664014e-06
2.183887875162326794e-06
2.183868086073440746e-06
2.183866221609302281e-06
2.183549186914509127e-06
2.184034061277391819e-06
2.183925611613327884e-06
2.183802378870799107e-06
2.183962154352532897e-06
2.184212128971315271e-06
2.183695391977380580e-06
2.183668027555541072e-06
2.183642789077566873e-06
2.183643255193601278e-06
2.183683128957151619e-06
2.183636847045514979e-06
2.183623829902595854e-06
2.183615845297026850e-06
2.183609149142284793e-06
2.183611729833500989e-06
2.183630446476551591e-06
2.183580003626654171e-06
2.183574277599594203e-06
2.183565315287220623e-06
2.183557429210243944e-06
2.183549853877290484e-06
2.183541990537681264e-06
2.183534835846027712e-06
2.183528567911707627e-06
2.183499979461582095e-06
2.183473346425065291e-06
2.183537030001995401e-06
2.183518430835344398e-06
2.183495397882021830e-06
2.183484271730170084e-06
2.183473259265156061e-06
2.183465592982732338e-06
2.183457782696980948e-06
2.183450847799879929e-06
2.183442370551347182e-06
2.183434541317789364e-06
2.183442222758458059e-06
2.183440559141066123e-06
2.183411121829218711e-06
2.183400950646804081e-06
2.183397062556954087e-06
2.183388509517196051e-06
2.183379494150964642e-06
2.183371880922398749e-06
2.183370581102887437e-06
2.183363452938162376e-06
2.183347172983000302e-06
2.183341193055336399e-06
2.183334208893939006e-06
2.183320221623337792e-06
2.183312021012776863e-06
2.183311346470873020e-06
2.183305021693134497e-06
2.183294460185910328e-06
2.183268971596892803e-06
2.183238306467198336e-06
2.183239765448282289e-06
2.183391499481028214e-06
2.183414532434350359e-06
2.183232985923192880e-06
2.183229772375246729e-06
2.183226786200975597e-06
2.183221082911283512e-06
2.183212196390134797e-06
2.183205314546891608e-06
2.183196018753126927e-06
2.183188401734999579e-06
2.183181178831243224e-06
2.183175388381641909e-06
2.183168392851560574e-06
2.183159002318765023e-06
2.183151324667657359e-06
2.183143749334703898e-06
2.183135806414308358e-06
2.183129705220683823e-06
2.183122156414659278e-06
2.183116392491986876e-06
2.183106179624398359e-06
2.183098971878886554e-06
2.183090024724757948e-06
2.183082654028112471e-06
2.183074491313163974e-06
2.183068086954638708e-06
2.183057260178126663e-06
2.183050855819601396e-06
2.183041605500572481e-06
2.183034541758388344e-06
2.183029297005608177e-06
2.183003747783611183e-06
2.197556375449494311e-06
2.208947410053951729e-06
2.186476039393407159e-06
2.183090896323847288e-06
2.182520734095305501e-06
2.182426389178241956e-06
2.182366707377999139e-06
2.182369170592816582e-06
2.182396239428877845e-06
2.182408703295853335e-06
2.182427912581867256e-06
2.182442563025688372e-06
2.182439762539919219e-06
2.182455083736082722e-06
2.182472466453570188e-06
2.182492391966661841e-06
2.182515428709545441e-06
2.182518778681696774e-06
2.182530761274392886e-06
2.182573291520384288e-06
2.182556685662954446e-06
2.182555817853426561e-06
2.182567482122976968e-06
2.182579760301450903e-06
2.182586600459520204e-06
2.182586505720488911e-06
2.182589939062988019e-06
2.182566978111329707e-06
2.182563654666106866e-06
2.182563673613913294e-06
2.182560880707266628e-06
2.182560600279733355e-06
2.182557201043285648e-06
2.182552748308808077e-06
2.182547704402774438e-06
2.182547420185680134e-06
2.182543884525027246e-06
2.182540765716112388e-06
2.182535615702363514e-06
2.182534368936709608e-06
2.182527452987415018e-06
2.182522109706042102e-06
2.182515963037682648e-06
2.182512109053884054e-06
2.182505378793090596e-06
2.182501274698249100e-06
2.182493521255916570e-06
2.182489580112208746e-06
2.182483001433865866e-06
2.182480094840381478e-06
2.182474092175349692e-06
2.182467335387627742e-06
2.182463674671453191e-06
2.182454348561198563e-06
2.182449179599643685e-06
2.182443464941267658e-06
2.182437829863677951e-06
2.182429398089880124e-06
2.182426165594127544e-06
2.182415751879792075e-06
2.182411155141987259e-06
2.182405220689057852e-06
2.182398482849142331e-06
2.182393806530550771e-06
2.182387049742828822e-06
2.182377625103981869e-06
2.182371686861491431e-06
2.182386602574600422e-06
2.182379732100040751e-06
2.182374392608229290e-06
2.182367506975424645e-06
2.182359829324316981e-06
2.182355274271685630e-06
2.182344780976563840e-06
2.182340195607442543e-06
2.182334041359960603e-06
2.182326428131394286e-06
2.182320095774533276e-06
2.182314187848533207e-06
2.182307374217392397e-06
2.182302049883825486e-06
2.182294652660251094e-06
2.182287361544391938e-06
2.182279229145933811e-06
2.182272620151100560e-06
2.182264878077451972e-06
2.182256279562959017e-06
2.182250701328788171e-06
2.182242201342887541e-06
2.182235588558493683e-06
2.182229252412071219e-06
2.182221097276245209e-06
2.182215901787761415e-06
2.182207291904584519e-06
2.182199868154081636e-06
2.182193501691169226e-06
2.182186331841269854e-06
2.182179108937513500e-06
2.182170942433003971e-06
2.182164113643618188e-06
2.182156678524430940e-06
2.182149626150931168e-06
2.182141868919037184e-06
2.182135290240694303e-06
2.182130750346307925e-06
2.182120802748007284e-06
2.182112765088580450e-06
2.182103946779534538e-06
2.182097144517077246e-06
2.182091873237368587e-06
2.180606585019025620e-06
2.180240399714724295e-06
2.180261905474860108e-06
2.180254656044174416e-06
2.180265228920082526e-06
2.180278659125178650e-06
2.180289050102146660e-06
2.180464900902734540e-06
2.180498897056774335e-06
2.180423905429051956e-06
2.180401391645621621e-06
2.180407561051348958e-06
2.180422639715592045e-06
2.180432890478793419e-06
2.180449484967539320e-06
2.180464343837229450e-06
2.180547202594122504e-06
2.180499541282188232e-06
2.180502106815159455e-06
2.180510925124205367e-06
2.180521664740808604e-06
2.180530771056510275e-06
2.180539164934695247e-06
2.180544887172194184e-06
2.180550416142068655e-06
2.180555031827679899e-06
2.180540487491574018e-06
2.180560917016312932e-06
2.180563732660327057e-06
2.180563944875757527e-06
2.180539699262832877e-06
2.180540817183403665e-06
2.180539308938023338e-06
2.180535761908686085e-06
2.180534155134713009e-06
2.180529717558480835e-06
2.180549260325885011e-06
2.180541162033477862e-06
2.180534204399009383e-06
2.180529520501295337e-06
2.180521028094517617e-06
2.180514593419502405e-06
2.180505869849487786e-06
2.180497555552089135e-06
2.180489752845460231e-06
2.180481142962283335e-06
2.180472123806490894e-06
2.180464169517411836e-06
2.180454365922438863e-06
2.180445854567854715e-06
2.180436733093908071e-06
2.180428718171848697e-06
2.180418084662960694e-06
2.180411445351637498e-06
2.180373094991712880e-06
2.180392887870160383e-06
2.180382224044782011e-06
2.180370851571448394e-06
2.180361294297957292e-06
2.180350584997844000e-06
2.180341884165197265e-06
2.180334278515753435e-06
2.180323186469953091e-06
2.180313970256975153e-06
2.180304060554286945e-06
2.180295746256888294e-06
2.180285071062826403e-06
2.180278215746511705e-06
2.180267688345338514e-06
2.180257778642650729e-06
2.180250476158107631e-06
2.180240729406553518e-06
2.180233010070272390e-06
2.180223335320382111e-06
2.180215960834175179e-06
2.180206843149789990e-06
2.180198157475388228e-06
2.180192670190687644e-06
2.180185212334132937e-06
2.180177985640815128e-06
2.180169940402265808e-06
2.180163755838293497e-06
2.180156904311540254e-06
2.180148146635474235e-06
2.180143349050922467e-06
2.180136402785137931e-06
2.180128285544924353e-06
2.180124329242971556e-06
2.180115779992774976e-06
2.180109728063446815e-06
2.180104642472239712e-06
2.180099109712803786e-06
2.180092375662449296e-06
2.180087816820256913e-06
2.180080480229662414e-06
2.180076326870524543e-06
2.180071991612446149e-06
2.180064514808085013e-06
2.180060600191306104e-06
2.180054836268633703e-06
2.180048886657459746e-06
2.180044183811939272e-06
2.180040117612710209e-06
2.180034736435724436e-06
2.180030461810626358e-06
2.180025698332125568e-06
2.180020347471630165e-06
2.180015974317939338e-06
2.180009857966069831e-06
2.180005901664117034e-06
2.180001035867462464e-06
2.179996655134649150e-06
2.179992975470668171e-06
2.179988030093227280e-06
2.179982110798543270e-06
2.179978230287815762e-06
2.179973125748801807e-06
2.179969245238074299e-06
2.179964527234308852e-06
2.179960237450965800e-06
2.179956076512705020e-06
2.179950024583376859e-06
2.179945598375828203e-06
2.179943411798983001e-06
2.179939178859058387e-06
2.179933342934721728e-06
2.179928465769383640e-06
2.179926726360766415e-06
2.179918927443698966e-06
2.179916005691969182e-06
2.179911662854768300e-06
2.179906501472335909e-06
2.179901836522427867e-06
2.179897535370400874e-06
2.179893052319433357e-06
2.179888811800386256e-06
2.179883752736107644e-06
2.179878485245960017e-06
2.179874199252177996e-06
2.179869409246748716e-06
2.179865217991997989e-06
2.179860094505178030e-06
2.179855342395361181e-06
2.179850491756951585e-06
2.179845978389494121e-06
2.179841374072566396e-06
2.179837789147616710e-06
2.179833090091657691e-06
2.179828065133430480e-06
2.179823957249027529e-06
2.179819246824384568e-06
2.179815510316984728e-06
2.179809951030620310e-06
2.179806210733659015e-06
2.179801003876491280e-06
2.179796517035962732e-06
2.179790199837346695e-06
2.179786402696966539e-06
2.179780233291239626e-06
2.179776193618939477e-06
2.179771138344221897e-06
2.179766314232741214e-06
2.179761384013545297e-06
2.179756468952594777e-06
2.179751504627347458e-06
2.179746081765188222e-06
2.179741522922995416e-06
2.179736702601076188e-06
2.179731624588991148e-06
2.179727459861169336e-06
2.179721995313836212e-06
2.179716739192372103e-06
2.179712612360162724e-06
2.179707144023268568e-06
2.179702331280471404e-06
2.179696927366118596e-06
2.179693001380655745e-06
2.179687957474622530e-06
2.179682428504747635e-06
2.179677865872993797e-06
2.179672636278458603e-06
2.179668069857143734e-06
2.179663965762301814e-06
2.179658361001202053e-06
2.179653154144034319e-06
2.179647996551163382e-06
2.179643236862224047e-06
2.179638901604145653e-06
2.179633107364982882e-06
2.179628112723245617e-06
2.179622996815548144e-06
2.179618729769572552e-06
2.179613454700302015e-06
2.179608437321197291e-06
2.179603605630594122e-06
2.179598296455272607e-06
2.179593699717467369e-06
2.179588098745929063e-06
2.179583168526733146e-06
2.179577469026602092e-06
2.179340788188710661e-06
2.179275115092119999e-06
2.179215133916538329e-06
2.179216380682191812e-06
2.179299144700053148e-06
2.179217911664939598e-06
2.179211685415793824e-06
2.179208483236531614e-06
2.179203697020663365e-06
2.179199808930813370e-06
2.179196064844291043e-06
2.179191752323580109e-06
2.179187989289251354e-06
2.179185131960063340e-06
2.179181960097291076e-06
2.179178496438301599e-06
2.179175536790959805e-06
2.179173535902615735e-06
2.179170329933792070e-06
2.179166619953321145e-06
2.179163573146070121e-06
2.179161568468165019e-06
2.179158173021278344e-06
2.179155357377264218e-06
2.179153974187405131e-06
2.179155137582711262e-06
2.179154955683770738e-06
2.179153693759872282e-06
2.179153576283473105e-06
2.179151495814342715e-06
2.179139990706365372e-06
2.179146417802258098e-06
2.179134954379454220e-06
2.179131111764339144e-06
2.179139983127242886e-06
2.179130918496715102e-06
2.179137716969610940e-06
2.179127496522899936e-06
2.179131877255713250e-06
2.179122623147122879e-06
2.179119534654697968e-06
2.179130562277956964e-06
2.179115737514318235e-06
2.179112705865312184e-06
2.179122664832296767e-06
2.179116188472107667e-06
2.179113827575444427e-06
2.179085769663894648e-06
2.179108901145809965e-06
2.179128989610035290e-06
2.179102640790612790e-06
2.179083935516246129e-06
2.179084791957090496e-06
2.179086834530608030e-06
2.179087577284614676e-06
2.179120887528067109e-06
2.179093386682021996e-06
2.179082734225327565e-06
2.179079137931694361e-06
2.179076489028375363e-06
2.179119098855153509e-06
2.179142954143268621e-06
2.179071047218409698e-06
2.179059041888346550e-06
2.179053334809092586e-06
2.179047915736494805e-06
2.179057329006657816e-06
2.179053899453720163e-06
2.179049586933009228e-06
2.179046884975832824e-06
2.179044777979773519e-06
2.179042545928192974e-06
2.179040461669501552e-06
2.179038373621248675e-06
2.179036368943343574e-06
2.179034246789039296e-06
2.179034621955603862e-06
2.179031105242756979e-06
2.179027709795870303e-06
2.179025883227344271e-06
2.179023545068048491e-06
2.179021987558371790e-06
2.179019350023736309e-06
2.179017042180930899e-06
2.179014908657942680e-06
2.179012581867330842e-06
2.179012850926180173e-06
2.179011767111660362e-06
2.179009830645858063e-06
2.179007761545411191e-06
2.179006063821968277e-06
2.179003782506090934e-06
2.179004184199584415e-06
2.179001588350123246e-06
2.178998583228046110e-06
2.178996347386904110e-06
2.178993755327003973e-06
2.178991420957269648e-06
2.178983462878629135e-06
2.178987529077858198e-06
2.178978400024789068e-06
2.178983424983016279e-06
2.178973534228134498e-06
2.178977880854896834e-06
2.178968099997291744e-06
2.178972329147654903e-06
2.178962207229536224e-06
2.178967243556447377e-06
2.178957144375696581e-06
2.178954059672833124e-06
2.178960933936953827e-06
2.178948905869522795e-06
2.178945389156675912e-06
2.178954427260274780e-06
2.178940079981354397e-06
2.178938412574401005e-06
2.178935847041429782e-06
2.178944566821883369e-06
2.178929507105446287e-06
2.178927525164908645e-06
2.178924902788518561e-06
2.178934911019799518e-06
2.178925448485339710e-06
2.178930962296969208e-06
2.178913401470102250e-06
2.178899577150635555e-06
2.178917407036351421e-06
2.178908096084342190e-06
2.178920506897459851e-06
2.178907376067703004e-06
2.178911718904904309e-06
2.178894843988625135e-06
2.178878150971286062e-06
2.178900702650328830e-06
2.178889762186979064e-06
2.178900880759707899e-06
2.178889057328584851e-06
2.178889860715571389e-06
2.178870064047562854e-06
2.178870749958150639e-06
2.178868654330775276e-06
2.178882361173843217e-06
2.178868434536222319e-06
2.178862913145470334e-06
2.178860931204932692e-06
2.178857899555926642e-06
2.178854325999660897e-06
2.178932925289700422e-06
2.178904098097215505e-06
2.178851946155191230e-06
2.178848334703313053e-06
2.178844935466865346e-06
2.178842756469142207e-06
2.178840115144945695e-06
2.178842866366418897e-06
2.178834464909111016e-06
2.178842877735102415e-06
2.178829114048615613e-06
2.178806300889846001e-06
2.178803310926014261e-06
2.178805762772147763e-06
2.178802833441295492e-06
2.178800158011048002e-06
2.178798657344790162e-06
2.178797744060526934e-06
2.178797243838441128e-06
2.178800904554615679e-06
2.178799070406967160e-06
2.178797736481404447e-06
2.178835059870228538e-06
2.178840892005003742e-06
2.178794117450403783e-06
2.178791711079005201e-06
2.178784347961482211e-06
2.178787667617143597e-06
2.178782343283577110e-06
2.178785488619420459e-06
2.178776310302055377e-06
2.178775120379820332e-06
2.178762455666098313e-06
2.178756574267026735e-06
2.178752545963410105e-06
2.178749487787475563e-06
2.178745959705944737e-06
2.178744326405042747e-06
2.178742643839844382e-06
2.178741503181906135e-06
2.178744773573271147e-06
2.178742333095821587e-06
2.178740044200822182e-06
2.178772660954564344e-06
2.178820814909461935e-06
2.178800931081544594e-06
2.178752436066133838e-06
2.178779247212029711e-06
2.178731752640790990e-06
2.178716090384113899e-06
2.178739657665573674e-06
2.178744023240142438e-06
2.178701182250127394e-06
2.178820322266498616e-06
2.178964590863567347e-06
2.178934194792721787e-06
2.178885282925572578e-06
2.178873486021378444e-06
2.178871549555575722e-06
2.178862784300387639e-06
2.178876945890806467e-06
2.178871121335153750e-06
2.178848402915415855e-06
2.178844401138728139e-06
2.178840342518621138e-06
2.178835476721966992e-06
2.178831156622133571e-06
2.178828333398996535e-06
2.178823713923823836e-06
2.178819382455306473e-06
2.178815714160009435e-06
2.178812599140656033e-06
2.178808400306782819e-06
2.178806096253538441e-06
2.178803735356874778e-06
2.178743428279024916e-06
2.178761678806040267e-06
2.178758097670652036e-06
2.178755873198193978e-06
2.178753796518625042e-06
2.178751174142234959e-06
2.178749195991258772e-06
2.178747104153444440e-06
2.178745042632120478e-06
2.178742378570556507e-06
2.178740821060879805e-06
2.178738156999315834e-06
2.178735792313091139e-06
2.178734200697363037e-06
2.178732040647446326e-06
2.178729907124458530e-06
2.178727625808581611e-06
2.178726640522654549e-06
2.178724404681512973e-06
2.178722900225693678e-06
2.178721175975321425e-06
2.178719493410123061e-06
2.178717833582292579e-06
2.178715972907715145e-06
2.178714195603485487e-06
2.178712732832840079e-06
2.178710735734057465e-06
2.178709280542534543e-06
2.178707586608652661e-06
2.178705813093984034e-06
2.178704202530449503e-06
2.178702713232875604e-06
2.178739320394621964e-06
2.178699173782661261e-06
2.178697703432893366e-06
2.178696373296891685e-06
2.178695293271933329e-06
2.178692852794483770e-06
2.178692424574061798e-06
2.178690939066048930e-06
2.178689445978913576e-06
2.178688165107208269e-06
2.178686709915685347e-06
2.178685061456538384e-06
2.178683682056240751e-06
2.178682404974097323e-06
2.178681230210107250e-06
2.178679267217376037e-06
2.178678175823733740e-06
2.178676402309065537e-06
2.178675144174728112e-06
2.178674386262476494e-06
2.178672836331922279e-06
2.178671100712866508e-06
2.178670092689571987e-06
2.178668076642982944e-06
2.178667091357055882e-06
2.178665795327106025e-06
2.178664290871286729e-06
2.178663479905177705e-06
2.178702565439986481e-06
2.178698059651651504e-06
2.178658345049673804e-06
2.178657606085228614e-06
2.178697214579491079e-06
2.178692693632911129e-06
2.178655457403995845e-06
2.178651997534567822e-06
2.178650496868309981e-06
2.178690514635187990e-06
2.178685258513723881e-06
2.178646495091622265e-06
2.178685561678624613e-06
2.178642997326581386e-06
2.178683238677573807e-06
2.178678683624942455e-06
2.178677429280166063e-06
2.178678266773204002e-06
2.178635558417833530e-06
2.178767859580451122e-06
2.178679199005273234e-06
2.178595373910259970e-06
2.178575963777499520e-06
2.178593767136286895e-06
2.178613097688260601e-06
2.178612423146357181e-06
2.178609296758319837e-06
2.178610687527300987e-06
2.178608967066490190e-06
2.178606723646225704e-06
2.178603642732923702e-06
2.178605249506896778e-06
2.178602672605241614e-06
2.178598947466525715e-06
2.178600478449273502e-06
2.178598371453214620e-06
2.178594407572139337e-06
2.178596226561542883e-06
2.178594183988025349e-06
2.178590447480625508e-06
2.178592342261253920e-06
2.178590735487280844e-06
2.178586729921032096e-06
2.178589045342959993e-06
2.178586578338581518e-06
2.178582887305917021e-06
2.178585111778375079e-06
2.178582902464161994e-06
2.178578798369320074e-06
2.178580761362051711e-06
2.178579207641936041e-06
2.178574997439378887e-06
2.178577407600338924e-06
2.178575368816382421e-06
2.178571082822599977e-06
2.178573151923046850e-06
2.178572954865861353e-06
2.178567103783279721e-06
2.178570556073585257e-06
2.178584130282009472e-06
2.178569206989777571e-06
2.178564697411881562e-06
2.178563939499629944e-06
2.178564614041533787e-06
2.178559645926725437e-06
2.178561142803421822e-06
2.178556163319929955e-06
2.178576225257226365e-06
2.178556193636419901e-06
2.178555962473183002e-06
2.178552097120700467e-06
2.178567653269662324e-06
2.178568714346814252e-06
2.178566107128669141e-06
2.178561415651832608e-06
2.178564814888280315e-06
2.178562321356972926e-06
2.178558448425367905e-06
2.178560058988902436e-06
2.178558114943977227e-06
2.178554537598150451e-06
2.178556993233844984e-06
2.178554708128407033e-06
2.178550550979707708e-06
2.178553105143994989e-06
2.178550418345063558e-06
2.178546871315726728e-06
2.178549414111330491e-06
2.178546905421778129e-06
2.178542748273078804e-06
2.178545423703326293e-06
2.178542998384121707e-06
2.178539496829519796e-06
2.178541554561282727e-06
2.178539447565223422e-06
2.178535021357674765e-06
2.178537643734064849e-06
2.178535479894587107e-06
2.178531171163437204e-06
2.178533672273867079e-06
2.178528817845896451e-06
2.178530761890821660e-06
2.178528893637121740e-06
2.178524732698860959e-06
2.178527309600516124e-06
2.178524304478438987e-06
2.178524111210814945e-06
2.178520041222024427e-06
2.178522000425194609e-06
2.178517157365907499e-06
2.178520052590708368e-06
2.178517578007206984e-06
2.178513492860171492e-06
2.178515967443672877e-06
2.178510684795279853e-06
2.178513106324923408e-06
2.178510995539303072e-06
2.178507175661555456e-06
2.178222613717177220e-06
2.178221787592822799e-06
2.178214079625225612e-06
2.178210987343239245e-06
2.178210240799671568e-06
2.178210043742486495e-06
2.178209717840218303e-06
2.178209263092867416e-06
2.178209119089539749e-06
2.178208774239465129e-06
2.178208376335533103e-06
2.178207932956866158e-06
2.178207463051269875e-06
2.178207307679258689e-06
2.178206125336146130e-06
2.178206246602106338e-06
2.178205681957479185e-06
2.178204893728737621e-06
2.178204545089101969e-06
2.178204541299540514e-06
2.178203961496668388e-06
2.178204211607711291e-06
2.178204222976394809e-06
2.178204253292885179e-06
2.178204321504987557e-06
2.178210445435979552e-06
2.178202248614980077e-06
2.178203434747653668e-06
2.178202271352347537e-06
2.178201907554466912e-06
2.178201672601668983e-06
2.178204222976394809e-06
2.178201001849326171e-06
2.178201164800460267e-06
2.178200603945394145e-06
2.178200778265212183e-06
2.178200490258556424e-06
2.178210418909050637e-06
2.178208054222826366e-06
2.178200084775501912e-06
2.178200956374591252e-06
2.178199061593962417e-06
2.178198974434053610e-06
2.178198227890485933e-06
2.178197117549037208e-06
2.178196776488524043e-06
2.178196386163714928e-06
2.178205697115724158e-06
2.178268516672687838e-06
2.178120022714816979e-06
2.178147432611391830e-06
2.178140762983578688e-06
2.178195074975519674e-06
2.178194798337547856e-06
2.178194313273707024e-06
2.178190986038923151e-06
2.178191133831811850e-06
2.178190728348757338e-06
2.178189523268277743e-06
2.178189053362681883e-06
2.178188852515934931e-06
2.178188219659204976e-06
2.178187977127284559e-06
2.178187886177814297e-06
2.178187025947408899e-06
2.178186995630918953e-06
2.178186230139544847e-06
2.178185627599304838e-06
2.178185203168444321e-06
2.178185582124569919e-06
2.178184312621548553e-06
2.178183376599918289e-06
2.178182910483883461e-06
2.178182292785398479e-06
2.178181849406731534e-06
2.178181550031392257e-06
2.178180803487824156e-06
2.178180197158023115e-06
2.178179757568917202e-06
2.178179533984803214e-06
2.178178590384050040e-06
2.178178245533975420e-06
2.178177142771649605e-06
2.178177089717792199e-06
2.178176506125358618e-06
2.178175782319158400e-06
2.178175126725060985e-06
2.178174596186484810e-06
2.178174224809481699e-06
2.178173205417503236e-06
2.178173402474688733e-06
2.178172492979986960e-06
2.178171394007222177e-06
2.178171079473637926e-06
2.178170439037785484e-06
2.178169533332644743e-06
2.178168847422057382e-06
2.178168923213282247e-06
2.178167926558671667e-06
2.178166676003456730e-06
