8.102061205621187423e-03
1.300980092006890796e-04
2.575101370894117281e-05
1.620451715401335157e-05
1.157054415064825112e-05
8.627408988104434684e-06
6.963236774026881734e-06
5.877083685845718380e-06
5.186096359466318972e-06
4.724117691997283166e-06
4.295432336220983246e-06
3.927727531542283751e-06
3.694172316196878920e-06
3.533422091095417103e-06
3.424811029617558064e-06
3.701435859208383231e-06
3.534369246456966256e-06
4.289151380968784377e-06
3.333201357236248356e-06
3.273821994298487055e-06
4.641370052619701520e-06
3.318633290897802549e-06
3.204664524976881884e-06
5.988932321088213600e-06
4.355447178265118435e-06
3.052679039683425884e-06
3.001830123139370698e-06
2.963121194928438389e-06
3.541069539399662337e-06
3.455034326786214034e-06
7.169510877247376071e-06
3.478483737732555604e-06
2.922669879505216708e-06
2.908954267392497524e-06
3.446957369609056958e-06
3.957196592333882088e-06
3.962305587871620827e-06
3.751672344757632070e-06
3.853976666808496893e-06
4.198157944301783234e-06
3.979754562048280584e-06
4.055241386898463663e-06
4.059562684233242180e-06
4.190276505748139454e-06
4.089707772436668165e-06
4.108945199732261583e-06
4.394032475829589943e-06
3.664167555446814266e-06
4.186387529140726296e-06
4.181033424780858906e-06
7.667926335367761609e-06
2.898372781061576975e-02
6.644004971409837347e-03
1.282662700396031055e-03
4.496238725550938533e-05
1.518769110286181493e-05
1.223114246992433178e-05
1.117287092711194418e-05
1.047004634529002874e-05
9.802910669047075804e-06
9.212750046572183005e-06
8.903879643185063519e-06
8.535165822346849762e-06
8.242256005056939483e-06
7.975268408699775707e-06
7.710411712954131830e-06
7.472983073360713396e-06
7.266628911869096005e-06
7.077959101782956189e-06
6.903734977944017162e-06
6.742177113968258498e-06
6.591940261084043223e-06
6.450941054936265742e-06
6.317405147152991937e-06
6.185218717291718688e-06
6.054980000650782110e-06
5.930281016238344438e-06
5.810990129854569014e-06
5.700340504214788759e-06
5.596633900495362299e-06
5.501117675521527078e-06
5.413224759346727677e-06
5.326255738206478993e-06
5.245645373482450871e-06
5.168121712510280283e-06
5.094069456390570510e-06
5.023878550976709237e-06
4.956236064875459835e-06
4.889937357196079934e-06
4.825590682836870127e-06
4.765553633963767214e-06
4.709510388541578852e-06
4.656846385842072777e-06
4.606256303911019342e-06
4.558920772979036312e-06
4.514924376053386029e-06
4.471517839495694166e-06
4.423764388169123566e-06
4.381965391075937416e-06
4.344646292035273502e-06
4.311715353348215083e-06
4.287585700997927254e-06
4.265900891671966536e-06
4.249669435315202484e-06
4.225399902679782996e-06
4.184026988696132490e-06
4.129262121447633754e-06
4.086026001459685747e-06
4.057353286649837384e-06
4.023472615699574648e-06
4.015673501574686291e-06
4.011989972241281066e-06
3.955063023871237610e-06
3.912866342640579184e-06
3.887431679080084926e-06
3.870819690140100436e-06
3.883664749082526954e-06
3.914977264685149178e-06
3.965520371214855702e-06
3.921458816572945960e-06
3.950520385842537169e-06
3.912240398070328940e-06
3.858615878016280815e-06
4.041891800928472739e-06
3.842677188004017808e-06
3.864803329634014686e-06
3.949807053989691857e-06
3.818159863537100116e-06
3.886894561825708119e-06
3.905798522888896154e-06
3.850752674831407413e-06
3.885549843592646899e-06
3.836559168727641897e-06
3.902436499932567660e-06
3.809048560772983470e-06
3.887912998834508302e-06
3.814220205337430153e-06
3.880447358521147391e-06
3.802346835376131927e-06
3.844497253642960988e-06
3.815195016917035181e-06
3.864587438329181338e-06
3.770717216866614593e-06
3.919747518921212420e-06
3.661745881800015753e-06
3.966303286991508706e-06
3.713582486852828879e-06
4.390497421506249148e-06
3.472371842387171265e-06
4.433371486811665818e-06
3.365639577168622139e-06
4.321197729950654659e-06
3.401444405426445713e-06
4.116759790425325053e-06
1.466012415297276159e-04
1.683292525740398627e-05
4.767974360220250674e-06
3.909842439497878902e-06
3.689469220565418360e-06
3.559890577283416395e-06
3.469271791800565383e-06
3.405429379199631682e-06
3.380730716647425102e-06
3.328369575683609413e-06
3.290289752537016094e-06
3.265374046653353976e-06
3.244808105288636123e-06
3.245385293363748767e-06
3.215914701589402644e-06
3.192635320677557692e-06
3.179486187339837860e-06
3.168030525557696735e-06
3.159453315978074178e-06
3.155116610287222927e-06
3.142126721892661133e-06
3.134430479197665866e-06
3.125996522612695032e-06
3.118282658457852914e-06
3.118260550157477515e-06
3.125112607449409467e-06
3.140348174686854226e-06
3.152604676870396361e-06
3.132184436556902700e-06
3.083101061444419239e-06
3.070162551921384705e-06
3.070947377636912364e-06
3.074288974858063823e-06
3.050919614603723667e-06
3.041570592661931546e-06
3.059670871152775532e-06
3.109168240674383289e-06
3.176970843317879646e-06
3.373603901006087463e-06
3.431795585129293528e-06
3.540826893792351976e-06
3.514053886040831817e-06
3.632366292549704752e-06
3.533277526912570550e-06
3.703367353106538568e-06
3.599242692568320203e-06
2.968587364193808922e-06
2.956488159118938161e-06
2.953086762621145131e-06
2.949488786422686454e-06
2.946610538856475445e-06
2.943756688485640087e-06
2.940862221597247743e-06
2.937954309345513878e-06
2.934882240879232911e-06
2.932025699919904667e-06
2.929272272922389506e-06
2.927019249909790402e-06
2.924065825027355459e-06
2.921805867117654913e-06
2.919700765839176605e-06
2.917692791015724567e-06
2.915905974987253928e-06
2.913014554906112608e-06
2.909640405353760333e-06
2.905815116112838316e-06
2.903305335166805974e-06
2.901411827830694630e-06
2.899724366519270197e-06
2.899748445391499720e-06
2.899108623447924951e-06
2.898273381409429211e-06
2.895525790336250708e-06
2.895186761027919876e-06
2.901340159648195093e-06
2.912393514028129365e-06
2.929115998995257626e-06
2.942495469445323938e-06
2.927659390176510452e-06
2.891122251943064120e-06
2.881724056654396368e-06
2.886659664606365093e-06
2.895691485112668932e-06
2.890827257336543986e-06
2.868574498885815596e-06
2.867820838522069057e-06
2.903554097125985843e-06
2.961453681867472644e-06
3.109023759861884088e-06
3.108771124971099198e-06
3.128046629778206447e-06
3.154649501387514752e-06
3.150640289580527044e-06
3.191557448189996564e-06
3.144999050164187708e-06
3.171546738182466110e-06
3.208915829115236742e-06
3.126205501757794822e-06
3.212299467728977741e-06
3.229584990549483337e-06
3.122731671586128149e-06
3.255178459464029296e-06
3.218103870494815055e-06
3.213070992084491546e-06
3.161748524386590911e-06
3.952455244871089235e-06
2.945748534936380206e-06
3.115954768873052672e-06
2.969136426145268985e-06
3.301244108418662299e-06
3.208530127570459732e-06
3.078696439236712840e-06
3.345417258060478902e-06
3.097678063568309711e-06
3.042673817314304595e-06
3.181895431225711861e-06
3.086830209516241201e-06
3.118672793789301068e-06
3.015251718352374324e-06
3.246160266220007078e-06
3.129498304588196249e-06
3.255933991871036787e-06
3.254317554516698417e-06
3.194096158646668025e-06
3.260404840451277059e-06
3.229617815729094937e-06
3.257420000106018516e-06
3.225191646076079260e-06
3.248991599017851069e-06
3.267135912210505752e-06
3.246259871048096186e-06
3.236643503138717744e-06
3.279075781392748637e-06
3.188827440681052479e-06
3.330737316294592537e-06
3.213722773883394544e-06
3.260705686140378824e-06
3.253754145286317548e-06
3.247743757128773638e-06
3.252760878543388762e-06
3.255538354096643076e-06
3.308815113693223688e-06
3.220584979620374090e-06
3.290328148371675630e-06
3.245467974011262328e-06
3.257796402067469814e-06
3.275147097762480265e-06
3.198937285257367601e-06
3.286442036672572972e-06
3.259200017661593742e-06
3.235280178159882611e-06
3.307405245323025071e-06
3.186362300766631876e-06
3.295635322804931452e-06
3.175673252068615067e-06
3.348439887910596363e-06
3.284307604189962064e-06
3.118134471454444243e-06
3.388749390372443845e-06
3.250375645317641905e-06
3.144018379922878562e-06
3.405749725970963312e-06
3.188234973094949795e-06
3.301112739488113940e-06
3.157332434966520025e-06
3.357411772716053028e-06
3.201722279300156515e-06
3.218722288996408214e-06
3.431511322560254569e-06
2.976951926333034228e-06
3.528210027070599778e-06
2.790022100877346654e-06
3.013287444749342729e-06
3.835372990579344502e-06
3.211120830807582828e-06
3.181035989049026390e-06
3.353489152383796758e-06
3.264950472233370694e-06
2.992207525191285450e-06
3.598270563998085150e-06
2.989309397586718554e-06
3.469301350378373003e-06
3.060929028227595260e-06
3.308703291319640537e-06
3.126159072053269483e-06
3.331044475392748884e-06
3.126732879839740425e-06
3.339744701709908715e-06
3.030385861772326005e-06
3.510189473369488591e-06
2.742257781089089698e-06
3.837920197232355138e-06
2.980428219719518343e-06
3.342212554950189664e-06
3.097224922991396746e-06
3.292908748638486476e-06
3.269911007919290399e-06
3.078692831574396117e-06
3.321901059886537760e-06
3.169380587072130871e-06
3.200007176928920756e-06
3.303083705456326137e-06
3.191950448429755217e-06
3.123616731196913417e-06
3.468625830767753647e-06
2.985087151804085087e-06
3.424247809865240205e-06
3.059836482558845556e-06
3.426689211967944450e-06
2.947584031668763156e-06
3.488444546443740174e-06
2.958083693253380726e-06
3.400908106717300418e-06
2.971372661401498146e-06
3.433648278890662813e-06
3.087443928961874917e-06
3.326047719080330903e-06
3.022315778859289631e-06
3.447795597821823406e-06
2.946209671487546540e-06
3.722868632394238460e-06
2.851909797148740286e-06
3.729232942835854733e-06
3.261328485374785297e-06
3.048612999615822340e-06
3.209802882035243593e-06
3.132117164265461449e-06
3.162736478164636727e-06
3.328484816241446699e-06
3.188364189554704353e-06
3.152522238754803216e-06
3.250960177562471112e-06
3.214746205533932415e-06
3.238827609190290512e-06
3.250133234663129050e-06
3.249474995451843380e-06
3.985655750208631426e-06
3.078235014678891170e-06
3.453629066522505022e-06
3.239333705096214713e-06
2.838823411366320300e-06
3.808082866877763631e-06
2.731822723944787952e-06
3.769309152327574973e-06
3.954259000238380395e-06
3.244820618419907987e-06
2.580877746064895101e-06
2.570764884997818901e-06
2.566855566025575637e-06
2.564518714128401815e-06
2.562945564932306467e-06
2.562350709922611629e-06
2.561246632618955668e-06
2.559843987152513829e-06
2.556831373112800235e-06
2.554316741528358296e-06
2.552475689299171960e-06
2.550996032368857244e-06
2.550684265164212140e-06
2.551015548609332929e-06
2.551533395944716345e-06
2.550651000395494626e-06
2.548472878061147640e-06
2.546699067806912184e-06
2.540646263090214593e-06
2.541258254495915025e-06
2.541614670311294778e-06
2.543425830481282816e-06
2.544883401848589169e-06
2.544746090885988916e-06
2.545243989970913220e-06
2.552011676471011184e-06
2.567381754185286619e-06
2.590064354990317952e-06
2.604182698936104506e-06
2.601564456957324288e-06
2.577950533577677476e-06
2.543853406677953814e-06
2.539148560269192510e-06
2.546023934731541336e-06
2.553009737008930283e-06
2.557648591997955644e-06
2.592712614083817708e-06
2.632905807331553491e-06
2.652661949772057787e-06
2.671252279166462253e-06
2.677567185097965998e-06
2.683855442834707541e-06
2.691695014315579820e-06
2.686946246891845116e-06
2.694987748933878445e-06
2.689743450901005587e-06
2.693636580867557039e-06
2.698964613045973322e-06
2.694857956460812792e-06
2.699162344773261159e-06
2.707672403327402673e-06
2.693534186922382295e-06
2.693574591224508812e-06
2.706723898882046257e-06
2.703840118556399745e-06
2.703096182206839436e-06
2.693379148392220381e-06
2.704846171279011181e-06
2.705073779907252343e-06
2.704038380822263757e-06
2.710418152673810170e-06
2.710377475523273291e-06
2.703403993109532166e-06
2.715477808123978151e-06
2.711754359552287666e-06
2.714219988320110133e-06
2.704066029461197569e-06
2.710307478537288177e-06
2.718871451179438652e-06
2.705533999384594418e-06
2.709123574125745214e-06
2.702728753926446083e-06
2.708560517324561451e-06
2.706282282360916640e-06
2.710261207994335479e-06
2.710582536262033140e-06
2.716925852534283771e-06
2.705568207754064683e-06
2.702640805788784471e-06
2.719156676297037213e-06
2.715909874950739153e-06
2.701817265915451571e-06
2.717181488757584343e-06
2.704390847914813199e-06
2.694727822927234398e-06
2.700898926377703817e-06
2.756385735362224761e-06
2.676524483528434313e-06
2.710783580065860300e-06
2.705777596171780440e-06
2.705972398568216429e-06
2.698410241919191321e-06
2.705512815737165341e-06
2.693785093773233902e-06
2.695633759230986555e-06
2.694335773867351405e-06
2.688049789867363870e-06
2.689204544973714757e-06
2.685792552862646157e-06
2.679388626347645355e-06
2.682680102831606556e-06
2.681726183103212967e-06
2.681377486624114766e-06
2.683147317839029541e-06
2.681288795732446932e-06
2.682058747420039063e-06
2.683577611151122340e-06
2.686674558087057914e-06
2.686490544571521960e-06
2.686043414238762844e-06
2.686569299233572670e-06
2.686097532963079365e-06
2.678024948939613116e-06
2.674834968274808404e-06
2.675218225552574400e-06
2.680036084257153477e-06
2.676380828840289533e-06
2.674129560394552205e-06
2.675468980820975852e-06
2.667301919245801485e-06
2.676835598928543457e-06
2.680235888874449217e-06
2.680282784695009383e-06
2.669382577854169645e-06
2.671634554947862218e-06
2.674305274770934480e-06
2.670871822374465410e-06
2.669734559882878679e-06
2.669661235662109268e-06
2.673289558667117130e-06
2.673473958717901591e-06
2.669496863442570239e-06
2.674878919606271750e-06
2.674780508489978718e-06
2.671013006268670684e-06
2.662883836516509016e-06
2.669816111241137510e-06
2.672992233480423703e-06
2.666468640200036959e-06
2.654929964288991594e-06
2.660373703141279568e-06
2.677404332492490814e-06
2.675467203516745770e-06
2.649255467683057654e-06
2.657302286479534984e-06
2.674750642957708911e-06
2.670218282219138758e-06
2.661236457394503939e-06
2.668326923564260607e-06
2.670267573042413565e-06
2.646739199008152270e-06
2.655933826645195950e-06
2.683924996442025711e-06
2.686193874978925948e-06
2.644393953232793053e-06
2.646284690399625190e-06
2.661920367093747235e-06
2.648468053697191313e-06
2.661197326384960243e-06
2.685555235378463739e-06
2.638182225685644161e-06
2.653272804309381003e-06
2.659260087511938933e-06
2.647557672238084071e-06
2.644178440884085725e-06
2.667970689647821378e-06
2.635959553269155274e-06
2.647473627348517851e-06
2.641913655073343042e-06
2.657418535060666367e-06
2.634433371895283926e-06
2.636438159697718305e-06
2.665322093283369488e-06
2.630993431769941813e-06
2.644272668324750517e-06
2.650648328502332524e-06
2.634631668267199339e-06
2.651620862555622088e-06
2.632567012976020589e-06
2.644658506293732708e-06
2.645195130905146196e-06
2.642244741461278758e-06
2.627543718366117097e-06
2.627365120133617893e-06
2.648350789513642497e-06
2.610629826449439946e-06
2.658662121272451724e-06
2.642293528272906304e-06
2.643191692186519504e-06
2.625321413537070289e-06
2.630567295606548764e-06
2.604300539132964416e-06
2.639853012927536373e-06
2.608680828567836935e-06
2.639277026143342292e-06
2.599340890204378601e-06
2.643876500011780631e-06
2.604128754531605600e-06
2.651750276072562143e-06
2.588637418436216543e-06
2.419315467250271298e-06
2.408896424791843750e-06
2.408121675519699428e-06
2.407435124496260044e-06
2.407258439992195680e-06
2.407406043403170770e-06
2.407696376849344318e-06
2.407908777968259698e-06
2.407461602160765239e-06
2.406090398684075914e-06
2.404298008210995884e-06
2.403028645403537666e-06
2.402414997959567784e-06
2.402396474584141647e-06
2.402872659483061123e-06
2.403921511510513293e-06
2.404945454751820487e-06
2.404059390907302153e-06
2.401459183450545784e-06
2.400736995393041705e-06
2.401583363583389190e-06
2.403686077438275344e-06
2.406800490462046582e-06
2.409665607198500321e-06
2.409997860771303199e-06
2.408713642883715883e-06
2.409432272543199191e-06
2.414277112923931147e-06
2.423472399944633697e-06
2.433027263274804322e-06
2.443112392332598934e-06
2.450101267944167820e-06
2.453575522546695433e-06
2.456377270239802889e-06
2.456892010134955388e-06
2.453955122897847908e-06
2.453478301352637023e-06
2.456100617109768791e-06
2.459158315559761916e-06
2.463902061814830441e-06
2.460715813867864114e-06
2.461427804216024649e-06
2.461158517993074574e-06
2.460881376009638188e-06
2.460552881681603034e-06
2.461146497504766452e-06
2.460821542626945217e-06
2.461327661270236879e-06
2.461626684180373643e-06
2.461533976353772697e-06
2.461271117226715348e-06
2.461388612573500638e-06
2.460511181349526660e-06
2.460456801145482872e-06
2.459890193525400824e-06
2.460081054778129413e-06
2.459345129561067446e-06
2.459724388851706757e-06
2.458189180742920059e-06
2.458785972218417196e-06
2.458910550255192627e-06
2.458450247407502777e-06
2.458267476868058851e-06
2.457218662736219537e-06
2.457019854773534377e-06
2.457081086504331409e-06
2.456727122535085157e-06
2.456482309298735175e-06
2.456057162210830219e-06
2.455775347698363306e-06
2.455457168556070873e-06
2.455005289903055940e-06
2.454796962562492534e-06
2.454836529371580687e-06
2.453716535910643701e-06
2.454244292948715325e-06
2.453875860434588059e-06
2.453588247893397343e-06
2.453335245415170797e-06
2.453153369212183671e-06
2.451544120655550255e-06
2.451016113506436150e-06
2.451469875571395553e-06
2.451478170920988199e-06
2.451043421084856798e-06
2.450633398135929848e-06
2.450241451394201059e-06
2.449567523399309806e-06
2.449210027558971697e-06
2.448958961546547026e-06
2.448694825337345825e-06
2.448448962392527857e-06
2.448290941477656266e-06
2.447924168791359904e-06
2.446788592654532569e-06
2.446256075927522033e-06
2.446160169711219909e-06
2.446291515904401231e-06
2.445794245886645428e-06
2.445378383223821212e-06
2.444851308306776340e-06
2.444264688013693833e-06
2.444335469438859480e-06
2.443831969382396448e-06
2.442747450004390060e-06
2.443051323552935998e-06
2.442715121257303233e-06
2.442281053542198162e-06
2.441824691838216135e-06
2.440918850273495272e-06
2.441194851598993409e-06
2.440605214815150248e-06
2.440599466050722820e-06
2.439885694608771595e-06
2.439714902872462327e-06
2.438856320926182254e-06
2.438357883723559288e-06
2.438661090309324293e-06
2.438416193702626959e-06
2.437282182654598813e-06
2.436552085782750594e-06
2.436647836627041110e-06
2.436439607815070028e-06
2.436188287902041423e-06
2.435230343659592658e-06
2.435157864510984097e-06
2.434601617551379689e-06
2.434298888450333030e-06
2.433894170887166987e-06
2.433800534618057840e-06
2.433275123318404905e-06
2.432376034751844959e-06
2.432137466712447180e-06
2.431416313205166536e-06
2.431128514975474265e-06
2.431553586272154356e-06
2.431350355891481571e-06
2.430462726958164049e-06
2.429850174697397496e-06
2.429273786219709934e-06
2.428233718395252698e-06
2.428148942120363350e-06
2.427823346806690097e-06
2.427194719227069876e-06
2.426866175634737924e-06
2.426453359779164308e-06
2.425957037151723133e-06
2.425577899127044031e-06
2.425280680048065839e-06
2.424931062705581923e-06
2.424515548682393358e-06
2.424306728698866209e-06
2.424024910396838264e-06
2.424015705552543845e-06
2.423516518016792171e-06
2.423144500577715642e-06
2.422620987848252573e-06
2.426260239947926683e-06
2.419645958677089491e-06
2.421866243669986224e-06
2.421927570139814549e-06
2.420941537669326059e-06
2.419910333628649654e-06
2.419766879787251403e-06
2.419305099010671171e-06
2.419143633384616530e-06
2.419141090589012767e-06
2.418826299314484099e-06
2.418392644661556450e-06
2.417516016824568586e-06
2.416851748421322639e-06
2.416376101640101402e-06
2.415768623601858857e-06
2.415234465994823844e-06
2.414928216391369270e-06
2.414553587944586176e-06
2.413987958031308703e-06
2.413380119984746565e-06
2.411474387524019115e-06
2.411389167870462823e-06
2.412020990050223190e-06
2.411968299990500676e-06
2.411024919031963796e-06
2.410858235180057903e-06
2.410937925863739301e-06
2.410228235779262113e-06
2.409705776547828908e-06
2.409137133933351389e-06
2.409567749358150925e-06
2.408429789587292467e-06
2.408571723814626873e-06
2.408468033839502273e-06
2.408141597243229626e-06
2.406693643782394691e-06
2.406780455051678663e-06
2.406959674772224304e-06
2.406773307939147174e-06
2.405535205222501370e-06
2.405977257543175446e-06
2.406128707358827067e-06
2.334098284488087852e-06
2.318743399124893226e-06
2.316542058148722115e-06
2.315829722950487384e-06
2.315048000885629610e-06
2.313573475021257764e-06
2.311700889852848652e-06
2.310262743776547723e-06
2.309229864749795440e-06
2.308670847620912249e-06
2.308096660878315286e-06
2.307834381554130063e-06
2.307625432725520219e-06
2.307415396292829533e-06
2.306915981383402416e-06
2.305990009669282340e-06
2.305021682028988475e-06
2.304288356450949132e-06
2.304134424472674064e-06
2.304143553525743195e-06
2.304778407354509190e-06
2.305641623934206934e-06
2.306601572854560800e-06
2.306884816031621720e-06
2.305469725646010819e-06
2.303594211146749436e-06
2.303355980378303790e-06
2.303919200130622072e-06
2.305695920767902947e-06
2.307944987478549677e-06
2.310929426130314739e-06
2.313774306609654453e-06
2.315932188897325537e-06
2.317044902611087309e-06
2.317259350093081678e-06
2.316636747915860280e-06
2.315349824281535528e-06
2.313710952724553144e-06
2.311898109989366741e-06
2.310230960726282044e-06
2.309199703631747810e-06
2.309396616813804136e-06
2.310596816338754146e-06
2.312288912283596251e-06
2.313465950010140575e-06
2.314492367834949153e-06
2.315266355405280402e-06
2.315640131200780161e-06
2.315897700100322423e-06
2.315670656116708415e-06
2.315483357051562052e-06
2.315303045937374114e-06
2.315305115037820986e-06
2.314708846521777115e-06
2.314666069954303841e-06
2.314435353885831763e-06
2.314042023954243463e-06
2.313816552638551552e-06
2.313206804653115606e-06
2.312565288775658531e-06
2.312802026456968824e-06
2.312501245190408829e-06
2.311856822719467790e-06
2.311819885865891783e-06
2.311129564229001157e-06
2.310803904492786556e-06
2.310646747597881395e-06
2.310325893025340625e-06
2.309972285274852935e-06
2.309707322941297312e-06
2.309347219882814094e-06
2.308879694131367889e-06
2.308702706462402793e-06
2.308330901238756734e-06
2.308035228300771725e-06
2.307659747202706142e-06
2.307395023611509904e-06
2.307082165013222504e-06
2.306816774459245333e-06
2.306514898009482009e-06
2.306262960397968422e-06
2.305842883743025595e-06
2.305467448119694931e-06
2.305084785803046458e-06
2.304560791799304012e-06
2.304561481499452828e-06
2.304184249624086078e-06
2.303924084875082647e-06
2.303626979482942176e-06
2.303257311571845368e-06
2.303069967031964087e-06
2.302773342914103418e-06
2.302324086637478569e-06
2.302060041377747629e-06
2.301667109350091778e-06
2.301485505995515438e-06
2.301150035085204953e-06
2.301029921151591035e-06
2.300807284427719254e-06
2.300270235385444827e-06
2.299989766167224568e-06
2.299456040570172982e-06
2.299234665770200081e-06
2.299028680378493486e-06
2.298726402235236682e-06
2.298451719677056285e-06
2.298198004761313039e-06
2.297857800688992134e-06
2.297631582829732547e-06
2.297076025570276955e-06
2.296876823493221224e-06
2.296832303727569694e-06
2.296283317567334496e-06
2.296164082811931981e-06
2.295629224136064210e-06
2.295356311302990984e-06
2.295109391070582121e-06
2.295075709450126576e-06
2.294553992972699594e-06
2.294656398286557855e-06
2.293952415281334207e-06
2.294030514349287926e-06
2.293270578472098815e-06
2.293437247165760159e-06
2.293178836983618926e-06
2.292686012121218207e-06
2.292159134261358409e-06
2.292391013725137042e-06
2.291958886265395724e-06
2.291432406309468375e-06
2.291327609782456505e-06
2.291077961065942323e-06
2.290685533049933732e-06
2.290352604935227011e-06
2.290345897411801436e-06
2.290040977944348120e-06
2.289741682185800993e-06
2.289394736484003535e-06
2.289023980968825886e-06
2.288892941730106750e-06
2.288543419126654128e-06
2.288428402152931254e-06
2.288200907211527814e-06
2.287771102752837303e-06
2.287517145305173641e-06
2.287355228721329145e-06
2.287098311626323266e-06
2.286915578982492196e-06
2.286700157583254707e-06
2.286430382506902344e-06
2.286177865092516630e-06
2.285951912502544918e-06
2.300675949603222296e-06
2.285652169575769391e-06
2.284415692580902667e-06
2.284802868265008603e-06
2.284727133883279579e-06
2.284539838607694671e-06
2.284269131299273076e-06
2.284017019367941874e-06
2.283752087350876621e-06
2.283344773938248985e-06
2.283133077677727395e-06
2.282922965453811420e-06
2.282732975800172595e-06
2.282476399765679881e-06
2.282221798092602322e-06
2.282120423539406042e-06
2.281798962637064231e-06
2.281516249998579486e-06
2.281208882474554124e-06
2.280928943794909618e-06
2.281034619500132891e-06
2.280564130311783438e-06
2.280566858795888757e-06
2.280333914465397166e-06
2.279993573968871080e-06
2.279683224060136042e-06
2.279466025356668894e-06
2.279441999538297201e-06
2.279176419506257019e-06
2.278803359937834567e-06
2.278624996658133293e-06
2.278513026491661443e-06
2.278135184496932197e-06
2.277920539957752331e-06
2.276857386126115121e-06
2.278161351417414597e-06
2.277862491458411928e-06
2.277363663930979423e-06
2.277034366215957731e-06
2.276903164026104499e-06
2.276753078452505538e-06
2.276414090829348594e-06
2.276239979437377939e-06
2.275891036636797443e-06
2.275874267828233505e-06
2.275624046887969683e-06
2.275404756346688204e-06
2.275214330893504497e-06
2.253279842534539226e-06
2.246904773528512864e-06
2.245393640502394657e-06
2.245945684838564820e-06
2.246380987950639432e-06
2.246868022363438835e-06
2.247379446392490980e-06
2.247769797728930635e-06
2.247856385414100619e-06
2.247532802357454954e-06
2.246811751168328090e-06
2.245840778414276259e-06
2.244869839766276252e-06
2.244063095228436205e-06
2.243470775435222644e-06
2.243025566410021278e-06
2.242708940987843667e-06
2.242510227764190224e-06
2.242357925297255691e-06
2.242262629200316486e-06
2.242213903021668832e-06
2.242217870692305147e-06
2.242246284822613064e-06
2.242272610904668105e-06
2.242111903190865083e-06
2.241943839938661133e-06
2.241761285404209132e-06
2.241672598302102330e-06
2.241672564196050929e-06
2.241751034641007759e-06
2.241963678291843555e-06
2.242286499646676570e-06
2.242735850662332713e-06
2.243296338140983798e-06
2.243971865330725640e-06
2.244624928001333945e-06
2.245298571779130895e-06
2.245706938689787971e-06
2.245922352509902974e-06
2.246027149036914844e-06
2.245898959548261235e-06
2.245592027823780332e-06
2.245260463951126270e-06
2.244782702594723665e-06
2.244353773524683950e-06
2.243959617468742075e-06
2.243531938953916874e-06
2.243322910544520710e-06
2.243305652882554484e-06
2.243329159531033944e-06
2.243398262180562681e-06
2.243629334467792898e-06
2.243772333561840686e-06
2.244038012122473616e-06
2.244228687686700226e-06
2.244287350094964580e-06
2.244388682962986972e-06
2.244462147397522596e-06
2.244474111042412280e-06
2.244427579019732738e-06
2.244409036696500597e-06
2.244312406673998254e-06
2.244232064185780473e-06
2.244153264048994420e-06
2.243945925783919107e-06
2.243939976172744727e-06
2.243839109420757162e-06
2.243689239852149703e-06
2.243581491256918525e-06
2.243352870815821811e-06
2.243310469414912679e-06
2.243188642599610026e-06
2.243017358220337438e-06
2.242934112928196724e-06
2.242731288030578875e-06
2.242693574316945245e-06
2.242542939256964103e-06
2.242387843883382904e-06
2.242240172260305012e-06
2.242104403649136487e-06
2.241966482567174163e-06
2.241826295327579469e-06
2.241722999466825862e-06
2.241583733090616883e-06
2.241440866631213244e-06
2.241311127212005421e-06
2.241176351465886445e-06
2.241043629661968945e-06
2.240885551903678069e-06
2.240755228892036664e-06
2.240618732685106891e-06
2.240505561227716054e-06
2.240375317796860970e-06
2.240268747755180896e-06
2.240119655046631483e-06
2.239968637240963290e-06
2.239860483162677600e-06
2.239842880650636754e-06
2.239664623478650715e-06
2.239471208061634845e-06
2.239399005550997677e-06
2.239261993963737125e-06
2.239125501546368384e-06
2.238983817430077304e-06
2.238865439115519156e-06
2.238754492130586376e-06
2.238630126309241415e-06
2.238502467359163982e-06
2.238379587045831888e-06
2.238227496794327825e-06
2.238108330251028112e-06
2.237983251992166875e-06
2.237859424288520575e-06
2.237703836271976057e-06
2.237605572948571725e-06
2.237467386597321101e-06
2.237330746387063660e-06
2.237255409909266661e-06
2.237122559260266466e-06
2.236976202614944859e-06
2.236856384267108762e-06
2.236724806910690964e-06
2.236632311299520912e-06
2.236527980888543869e-06
2.236369486278514963e-06
2.236229079244367313e-06
2.236131930051972737e-06
2.236021892561742154e-06
2.235874236096909234e-06
2.235754323010041844e-06
2.235672070582950255e-06
2.235483187481198276e-06
2.235372960512904683e-06
2.235272241553805818e-06
2.235155379063750483e-06
2.235056903524916104e-06
2.234905646976888525e-06
2.234833046562319756e-06
2.234736132322723109e-06
2.234625469554885058e-06
2.234516701567675417e-06
2.234359317299094813e-06
2.234282226254436039e-06
2.234166887168006005e-06
2.234023031633114273e-06
2.233932324694857820e-06
2.233782765870273579e-06
2.233664679351932221e-06
2.233560856742163471e-06
2.233473302718872854e-06
2.233376195211652165e-06
2.233264838954103842e-06
2.233148658585074837e-06
2.233027964848588369e-06
2.232939990183998266e-06
2.232830900084081889e-06
2.232755609081020233e-06
2.243103752637883380e-06
2.232616342704811253e-06
2.232174252488524321e-06
2.231887644181066672e-06
2.231969968609822095e-06
2.231894025802224056e-06
2.231871314961608647e-06
2.231769125652741888e-06
2.231670017257177553e-06
2.231568153850578985e-06
2.231446395247379134e-06
2.231427572496613720e-06
2.231295881453358201e-06
2.231211935092384729e-06
2.231069023158246172e-06
2.230954631462130343e-06
2.230839875968134313e-06
2.230684742698940681e-06
2.230592216771280259e-06
2.230512692828293989e-06
2.230575447962716321e-06
2.230354046635814928e-06
2.230250383187618819e-06
2.230175596196204424e-06
2.230066623572686800e-06
2.229922548243242535e-06
2.229878828075016087e-06
2.229718385630500517e-06
2.229564226278550006e-06
2.229577019837355142e-06
2.229372281211302030e-06
2.229331323633232302e-06
2.229204638600397989e-06
2.229147442752340075e-06
2.228998706262548800e-06
2.228976734386378582e-06
2.228798947119988402e-06
2.228732732116138048e-06
2.228633779092585322e-06
2.228544345446910843e-06
2.228431389994511931e-06
2.228221838625662078e-06
2.228212592096194195e-06
2.219618003588645204e-06
2.221116051259741483e-06
2.220859922393477169e-06
2.220570782659100122e-06
2.220248120465839747e-06
2.219666184070471710e-06
2.219344056205348542e-06
2.219160811970747725e-06
2.219005045844824138e-06
2.218923801441027070e-06
2.218875503482801388e-06
2.218917878356781605e-06
2.218962598969180088e-06
2.219102562624660370e-06
2.219270322711963587e-06
2.219451865433560035e-06
2.219706974907846310e-06
2.219944879774023765e-06
2.220228710333079297e-06
2.220497788130160358e-06
2.220777211429473662e-06
2.220991026054738075e-06
2.221210263542161725e-06
2.221425078611597750e-06
2.221517551485400767e-06
2.221609762879476516e-06
2.221717856324782313e-06
2.221715192263218341e-06
2.221716003229327366e-06
2.221714044026157184e-06
2.221725696927023649e-06
2.221698480298073264e-06
2.221663964974140812e-06
2.221644130410519845e-06
2.221597359645481341e-06
2.221543036284856414e-06
2.221523580677361044e-06
2.221487943643296773e-06
2.221419970283022764e-06
2.221367132430411127e-06
2.221261869787364853e-06
2.221244820551267642e-06
2.221194290541461838e-06
2.221119598289078737e-06
2.221081539725370486e-06
2.221023491226030083e-06
2.220981923528597860e-06
2.220887802195647880e-06
2.220898644130405321e-06
2.220750669342426696e-06
2.220783778739132601e-06
2.220631783226660255e-06
2.220655812834593404e-06
2.220508319320894580e-06
2.220515038213003674e-06
2.220373846739675913e-06
2.220380762688970927e-06
2.220235774075263010e-06
2.220236884416711735e-06
2.220117452604123723e-06
2.220086855686531635e-06
2.219986477787945935e-06
2.219879521211017354e-06
2.219856745947860598e-06
2.219749205778498435e-06
2.219690823797766931e-06
2.219605335085361730e-06
2.219549052521567044e-06
2.219407599568512439e-06
2.219397864185642268e-06
2.219252773253780571e-06
2.219236724461855818e-06
2.219113503088010560e-06
2.219022940153081351e-06
2.218957619485687796e-06
2.218852474319040274e-06
2.218793216949658821e-06
2.218640872797550401e-06
2.218567203726706794e-06
2.218417012045392597e-06
2.218257971738542543e-06
2.218021730489757025e-06
2.217908013335545463e-06
2.217699712521910547e-06
2.217469166983695052e-06
2.217305075191688872e-06
2.217036323296876427e-06
2.216751094389716410e-06
2.216478234610501014e-06
2.216139398569794224e-06
2.215822094816151738e-06
2.215484740493896784e-06
2.215144320416584378e-06
2.214811180086447610e-06
2.214525416851150387e-06
2.214211951923061945e-06
2.214014769682156289e-06
2.213807727002858798e-06
2.213607729117939016e-06
2.213445058411404356e-06
2.213304943173473920e-06
2.213175582710391694e-06
2.213084553659428080e-06
2.213068031172345590e-06
2.213042231839305270e-06
2.213017588322448594e-06
2.213023086975833119e-06
2.213041864251863614e-06
2.213038237641740040e-06
2.213058473898854488e-06
2.213024799857521430e-06
2.213034012280938336e-06
2.212979904925305333e-06
2.212951108049310363e-06
2.212874505858053453e-06
2.212821118519059213e-06
2.212739275364583591e-06
2.212674701240757713e-06
2.212631731405660397e-06
2.212587010793261914e-06
2.212558566346463627e-06
2.212542256074812030e-06
2.212535624342611744e-06
2.212521678757184418e-06
2.212509032991268404e-06
2.212517665611812760e-06
2.212531675619781434e-06
2.212527340361703039e-06
2.212545155089173932e-06
2.212526904562158157e-06
2.212514895442533554e-06
2.212485064016315571e-06
2.212477083200307598e-06
2.212455732812183394e-06
2.212430066113787224e-06
2.212401326081211114e-06
2.212375735174039809e-06
2.212371278650001206e-06
2.212350367850982916e-06
2.212313336258375615e-06
2.212256405679606000e-06
2.212124540316532867e-06
2.212071065817629820e-06
2.212039574563580932e-06
2.211964942944177723e-06
2.211911813295349295e-06
2.211871230883844133e-06
2.211833903705458587e-06
2.211768533773768658e-06
2.211688524766941555e-06
2.211640355653798991e-06
2.211574258126347389e-06
2.211527278935439871e-06
2.211475066360435279e-06
2.211411947428132323e-06
2.211353576816084759e-06
2.211299045029591240e-06
2.211233140769763680e-06
2.215743703951981652e-06
2.211778075889014787e-06
2.211062849255540641e-06
2.210988134265790080e-06
2.210911137960162599e-06
2.210846237934068530e-06
2.210774899443398216e-06
2.210708385064208584e-06
2.210664452680551666e-06
2.210606222282270315e-06
2.210563085706477872e-06
2.210495858889771541e-06
2.210438522827947414e-06
2.210378052798963032e-06
2.210318393736088098e-06
2.210250291530731819e-06
2.210193448111871011e-06
2.210127907649924499e-06
2.210069840202777244e-06
2.210011613594057772e-06
2.209946834833923911e-06
2.209897214318819457e-06
2.209830722676997708e-06
2.209778733686107528e-06
2.209709915253673094e-06
2.209644719641801203e-06
2.209588186966963613e-06
2.209517015216988427e-06
2.209460474963028351e-06
2.209401388123903057e-06
2.209336961792966302e-06
2.209278511600132418e-06
2.209227178203339653e-06
2.209172051455728611e-06
2.209108473986513313e-06
2.209053036494879052e-06
2.208990319256069153e-06
2.208930565454162925e-06
2.208857809667582123e-06
2.208810049827055526e-06
2.208755741624675571e-06
2.208688166168334012e-06
2.207335861233635389e-06
2.207134529423152894e-06
2.206657616928472170e-06
2.206813936330339392e-06
2.206868358219556645e-06
2.206930488076371508e-06
2.206993137103078605e-06
2.207051788142659017e-06
2.207105975079078340e-06
2.207163466512914500e-06
2.207206360556786527e-06
2.207242638026703664e-06
2.207279400560461634e-06
2.207297950462816685e-06
2.207317648602232471e-06
2.207328213899018095e-06
2.207333723921086138e-06
2.207338188024247651e-06
2.207332268729563217e-06
2.207321851225666716e-06
2.207308845451431532e-06
2.207295335665549088e-06
2.207281719771950985e-06
2.207258315441625306e-06
2.207239068259999375e-06
2.207220378143877687e-06
2.207195132086781002e-06
2.207172826729220105e-06
2.207147372246254405e-06
2.207122569567824665e-06
2.207092768458096628e-06
2.207063297040197815e-06
2.207041078842545725e-06
2.207014836130838460e-06
2.206985876303709394e-06
2.206957530385504279e-06
2.206931014825386228e-06
2.206903896725028168e-06
2.206874197933454335e-06
2.206844817465025783e-06
2.206811215425356559e-06
2.206790001461437536e-06
2.206753587567315218e-06
2.206726173881179336e-06
2.206696891941343533e-06
2.206668686236905054e-06
2.206655877519854944e-06
2.206613946024542096e-06
2.206581226952645730e-06
2.206552085226576140e-06
2.206526153258892094e-06
2.206509736879524838e-06
2.206467180106604521e-06
2.206437333522141565e-06
2.206413197806493182e-06
2.206444022097760713e-06
2.206343185662262671e-06
2.206322805401820555e-06
2.206292045533094372e-06
2.206259394673300808e-06
2.206228528696859390e-06
2.206202452725847252e-06
2.206175266413386812e-06
2.206145427408045920e-06
2.206114750909667511e-06
2.206092176493257284e-06
2.206059991749498125e-06
2.206027401522684878e-06
2.206000423636093453e-06
2.205964536490985856e-06
2.205943993279409644e-06
2.205913294043663776e-06
2.205885732564638771e-06
2.205846196072040140e-06
2.205823545864405047e-06
2.205793301376009642e-06
2.205769646934641059e-06
2.205732831347025684e-06
2.205701480306743009e-06
2.205670587803373099e-06
2.205647107681822130e-06
2.205616999617632330e-06
2.205589737513946602e-06
2.205558071940079677e-06
2.205533083573148805e-06
2.205500224287485803e-06
2.205474853174867454e-06
2.205444578369982527e-06
2.205411025594609677e-06
2.205381565545394382e-06
2.205347542864425672e-06
2.205317851651973902e-06
2.205292472960233491e-06
2.205261061286970924e-06
2.205235345324278379e-06
2.205206927404409006e-06
2.205175906055955978e-06
2.205145631251071051e-06
2.205120699727558616e-06
2.205098144258954393e-06
