8.630922820884734392e-06
5.721660563722252846e-04
2.733525587245821953e-03
1.826723018893972039e-04
8.011311292648315430e-04
1.380806905217468739e-03
8.455839706584811211e-04
1.418452447978779674e-04
2.116428222507238388e-04
7.185107097029685974e-04
5.028084851801395416e-04
1.046144461724907160e-04
1.650287740631029010e-04
2.846123825293034315e-04
2.583191962912678719e-04
1.857254101196303964e-04
1.225018932018429041e-04
1.329584920313209295e-04
2.040899416897445917e-04
2.301135391462594271e-04
1.797919103410094976e-04
1.227895845659077168e-04
1.164960849564522505e-04
1.362243929179385304e-04
1.306509657297283411e-04
9.102020703721791506e-05
5.067749589215964079e-05
3.901494346791878343e-05
5.583236634265631437e-05
7.203393033705651760e-05
6.477214628830552101e-05
4.711126530310139060e-05
3.966155054513365030e-05
3.854660462820902467e-05
3.776766243390738964e-05
4.121023812331259251e-05
4.398340388434007764e-05
4.053745215060189366e-05
3.172834840370342135e-05
2.319599298061802983e-05
1.996583523578010499e-05
2.196378773078322411e-05
2.471775769663508981e-05
2.430237509543076158e-05
2.165958176192361861e-05
1.858484756667166948e-05
1.601503208803478628e-05
1.546418752695899457e-05
1.719493229757063091e-05
1.863365105236880481e-05
1.722343949950300157e-05
1.378600882162572816e-05
1.131756289396435022e-05
1.110002722271019593e-05
1.196754874399630353e-05
1.294069261348340660e-05
1.376773798256181180e-05
1.385462110192747787e-05
1.285655162064358592e-05
1.168245762528385967e-05
1.126170536736026406e-05
1.139721371146151796e-05
1.136203536589164287e-05
1.105413139157462865e-05
1.076285752787953243e-05
1.057050212693866342e-05
1.047308796842116863e-05
1.058076850313227624e-05
1.080000947695225477e-05
1.074005285772727802e-05
1.030104886012850329e-05
9.875178875518031418e-06
9.767351002665236592e-06
9.853302799456287175e-06
9.984352800529450178e-06
1.011714721244061366e-05
1.014772260532481596e-05
9.982498340832535177e-06
9.750310709932819009e-06
9.642578334023710340e-06
9.650961146689951420e-06
9.666984624345786870e-06
9.666357073001563549e-06
9.658206181484274566e-06
9.586093256075400859e-06
9.500884516455698758e-06
9.489591320743784308e-06
9.520728781353682280e-06
9.522621439828071743e-06
9.501736712991259992e-06
9.473669706494547427e-06
9.428044904780108482e-06
9.395960660185664892e-06
9.399723239766899496e-06
9.414829037268646061e-06
9.406810022483114153e-06
9.390079867444001138e-06
9.363278877572156489e-06
9.339289135823491961e-06
9.323925041826441884e-06
9.324625352746807039e-06
9.321333891421090811e-06
9.308203516411595047e-06
9.298718396166805178e-06
9.292352842749096453e-06
9.284273801313247532e-06
9.281124221161007881e-06
9.279508958570659161e-06
9.269011570722796023e-06
9.255829354515299201e-06
9.247399248124565929e-06
9.241423867933917791e-06
9.237752237822860479e-06
9.237761332769878209e-06
9.233881428372114897e-06
9.225017493008635938e-06
9.216377293341793120e-06
9.209406016452703625e-06
9.203515219269320369e-06
9.201107786793727428e-06
9.198935003951191902e-06
9.193854566547088325e-06
9.187991963699460030e-06
9.182425856124609709e-06
9.176683306577615440e-06
9.172262252832297236e-06
9.168565156869590282e-06
9.164111361315008253e-06
9.159247383649926633e-06
9.154833605862222612e-06
9.150300684268586338e-06
9.146106094704009593e-06
9.142433555098250508e-06
9.138267159869428724e-06
9.133873390965163708e-06
9.129349564318545163e-06
9.125266842602286488e-06
9.121831681113690138e-06
9.118622983805835247e-06
9.114826752920635045e-06
9.110897735808975995e-06
9.107066034630406648e-06
9.103184311243239790e-06
9.099456292460672557e-06
9.095971108763478696e-06
9.092433174373582006e-06
9.088909791898913682e-06
9.085441888601053506e-06
9.081918506126385182e-06
9.078443326870910823e-06
9.075227353605441749e-06
9.071868589671794325e-06
9.068402505363337696e-06
9.065106496564112604e-06
9.061819582711905241e-06
9.058590876520611346e-06
9.055434929905459285e-06
9.052253517438657582e-06
9.049073014466557652e-06
9.045913429872598499e-06
9.042774763656780124e-06
9.039700671564787626e-06
9.036674782691989094e-06
9.033656169776804745e-06
9.030667570186778903e-06
9.027693522511981428e-06
9.024744031194131821e-06
9.021830010169651359e-06
9.018941454996820539e-06
9.016081094159744680e-06
9.013245289679616690e-06
9.010393114294856787e-06
9.007570952235255390e-06
9.004776984511408955e-06
9.002017577586229891e-06
8.999272722576279193e-06
8.996541509986855090e-06
8.993831215775571764e-06
8.991135473479516804e-06
8.988567060441710055e-06
8.985896783997304738e-06
8.983260158856865019e-06
8.980633538158144802e-06
8.978029654826968908e-06
8.975447599368635565e-06
8.972871000878512859e-06
8.970315320766530931e-06
8.967776011559180915e-06
8.965258530224673450e-06
8.962724677985534072e-06
8.960201739682815969e-06
8.957678801380097866e-06
8.955179509939625859e-06
8.952674761530943215e-06
8.950202754931524396e-06
8.947704372985754162e-06
8.945200534071773291e-06
8.942723070504143834e-06
8.940261068346444517e-06
8.937816346588078886e-06
8.935363439377397299e-06
8.932916898629628122e-06
8.930484909797087312e-06
8.928067472879774868e-06
8.925665497372392565e-06
8.923313544073607773e-06
8.920985237637069076e-06
8.918666026147548109e-06
8.916369552025571465e-06
8.914089448808226734e-06
8.911850272852461785e-06
8.909611096896696836e-06
8.907410119718406349e-06
8.905203685571905226e-06
8.902988156478386372e-06
8.900809916667640209e-06
8.898634405340999365e-06
8.896467079466674477e-06
8.894327038433402777e-06
8.892200639820657670e-06
8.890056051313877106e-06
8.887975127436220646e-06
8.885896932042669505e-06
8.883823284122627228e-06
8.881786925485357642e-06
8.879755114321596920e-06
8.877728760126046836e-06
8.875704224919900298e-06
8.873698789102490991e-06
8.871692443790379912e-06
8.869688826962374151e-06
8.867697943060193211e-06
8.865708878147415817e-06
8.863731636665761471e-06
8.861769856594037265e-06
8.859824447426944971e-06
8.857892680680379272e-06
8.855947271513286978e-06
8.854010047798510641e-06
8.852101018419489264e-06
8.850191989040467888e-06
8.848284778650850058e-06
8.846383934724144638e-06
8.844503099680878222e-06
8.842649549478664994e-06
8.840814189170487225e-06
8.838984285830520093e-06
8.837203495204448700e-06
8.835422704578377306e-06
8.833641913952305913e-06
8.831862032820936292e-06
8.830089427647180855e-06
8.828317731968127191e-06
8.826541488815564662e-06
8.824783435557037592e-06
8.823033567750826478e-06
8.821310075290966779e-06
8.819595677778124809e-06
8.817909474601037800e-06
8.816215995466336608e-06
8.814527973299846053e-06
8.812832675175741315e-06
8.811151928966864944e-06
8.809473911242093891e-06
8.807811354927252978e-06
8.806157893559429795e-06
8.804504432191606611e-06
8.802847332844976336e-06
8.801230251265224069e-06
8.799597708275541663e-06
8.797989721642807126e-06
8.796381735010072589e-06
8.794777386356145144e-06
8.793187589617446065e-06
8.791603249846957624e-06
8.790002539171837270e-06
8.788440027274191380e-06
8.786870239418931305e-06
8.785309546510688961e-06
8.783746125118341297e-06
8.782206350588239729e-06
8.780666576058138162e-06
8.779121344559825957e-06
8.777594302955549210e-06
8.776058166404254735e-06
8.774548405199311674e-06
8.773027730057947338e-06
8.771507054916583002e-06
8.770010026637464762e-06
8.768502084421925247e-06
8.767012332100421190e-06
8.765649909037165344e-06
8.764164704189170152e-06
8.762683137319982052e-06
8.761209755903109908e-06
8.759729098528623581e-06
8.758272088016383350e-06
8.756794159126002342e-06
8.755358976486604661e-06
8.753904694458469748e-06
8.752454050409141928e-06
8.751014320296235383e-06
8.749574590183328837e-06
8.748144864512141794e-06
8.746728781261481345e-06
8.745310879021417350e-06
8.743898433749563992e-06
8.742485988477710634e-06
8.741074452700559050e-06
8.739668373891618103e-06
8.738268661545589566e-06
8.736876225157175213e-06
8.735491064726375043e-06
8.734104994800873101e-06
8.732720743864774704e-06
8.731354682822711766e-06
8.729996807232964784e-06
8.728629836696200073e-06
8.727261047170031816e-06
8.725904081074986607e-06
8.724567123863380402e-06
8.723211976757738739e-06
8.721865924599114805e-06
8.720528967387508601e-06
8.719198376638814807e-06
8.717862328921910375e-06
8.716529919183813035e-06
8.715218427823856473e-06
8.713900570000987500e-06
8.712589078641030937e-06
8.711275768291670829e-06
8.709952453500591218e-06
8.708663699508178979e-06
8.707353117642924190e-06
8.706056178198195994e-06
8.704759238753467798e-06
8.703475032234564424e-06
8.702178092789836228e-06
8.700901162228547037e-06
8.699627869646064937e-06
8.698338206158950925e-06
8.697064913576468825e-06
8.695804353919811547e-06
8.694524694874417037e-06
8.693259587744250894e-06
8.692002666066400707e-06
8.690744834893848747e-06
8.689485184731893241e-06
8.688226444064639509e-06
8.686985893291421235e-06
8.685715329193044454e-06
8.684462954988703132e-06
8.683222404215484858e-06
8.681967301527038217e-06
8.680740393174346536e-06
8.679511665832251310e-06
8.678283847984857857e-06
8.677058758621569723e-06
8.675837307237088680e-06
8.674616765347309411e-06
8.673394404468126595e-06
8.672188414493575692e-06
8.670978786540217698e-06
8.669770977576263249e-06
8.668563168612308800e-06
8.667367183079477400e-06
8.666154826642014086e-06
8.664952474646270275e-06
8.663755579618737102e-06
8.662575964990537614e-06
8.661378160468302667e-06
8.660191269882488996e-06
8.658997103339061141e-06
8.657798389322124422e-06
8.656616046209819615e-06
8.655441888549830765e-06
8.654258635942824185e-06
8.653087206766940653e-06
8.651923053548671305e-06
8.650761628814507276e-06
8.649594747112132609e-06
8.648426955915056169e-06
8.647274626127909869e-06
8.646114110888447613e-06
8.644960871606599540e-06
8.643810360808856785e-06
8.642668035463429987e-06
8.641521162644494325e-06
8.640376108814962208e-06
8.639241059427149594e-06
8.638086001155897975e-06
8.636965503683313727e-06
8.635824087832588702e-06
8.634686309960670769e-06
8.633562174509279430e-06
8.632376193418167531e-06
8.631324817542918026e-06
8.630202501080930233e-06
8.629075637145433575e-06
8.627961506135761738e-06
8.629837793705519289e-06
8.628364412288647145e-06
8.629112926428206265e-06
8.625833288533613086e-06
8.625189366284757853e-06
8.622589120932389051e-06
8.622273526270873845e-06
8.620746484666597098e-06
8.620079825050197542e-06
8.618166248197667301e-06
8.616996638011187315e-06
8.615973456471692771e-06
8.615020306024234742e-06
8.613914360466878861e-06
8.612527381046675146e-06
8.611458724772091955e-06
8.609958968008868396e-06
8.609115866420324892e-06
8.607940799265634269e-06
8.607254130765795708e-06
8.605925359006505460e-06
8.605064067523926497e-06
8.603748938185162842e-06
8.602759407949633896e-06
8.601559784437995404e-06
8.600723958807066083e-06
8.599663487984798849e-06
8.598660315328743309e-06
8.597586202085949481e-06
8.596573024988174438e-06
8.595590770710259676e-06
8.594521204940974712e-06
8.593571692472323775e-06
8.592486665293108672e-06
8.591531695856247097e-06
8.590481229475699365e-06
8.589580829720944166e-06
8.588552191213238984e-06
8.587583579355850816e-06
8.586563126300461590e-06
8.585583600506652147e-06
8.584600436734035611e-06
8.583614544477313757e-06
8.582662303524557501e-06
8.581690053688362241e-06
8.580738722230307758e-06
8.579759196436498314e-06
8.578818778914865106e-06
8.577827429689932615e-06
8.576874279242474586e-06
8.575898391427472234e-06
8.574933417548891157e-06
8.573961167712695897e-06
8.572990736865904182e-06
8.572018487029708922e-06
8.571061698603443801e-06
8.570096724724862725e-06
8.569129931856878102e-06
8.568161319999489933e-06
8.567194527131505311e-06
8.566237738705240190e-06
8.565294592699501663e-06
8.564326890336815268e-06
8.563373739889357239e-06
8.562416951463092119e-06
8.561483809899073094e-06
8.560517017031088471e-06
8.559577509004157037e-06
8.558636181987822056e-06
8.557677574572153389e-06
8.556744433008134365e-06
8.555786735087167472e-06
8.554849955544341356e-06
8.553911357012111694e-06
8.552972758479882032e-06
8.552033250452950597e-06
8.551091923436615616e-06
8.550160600862000138e-06
8.549236554244998842e-06
8.548311598133295774e-06
8.547385732526890934e-06
8.546462595404591411e-06
8.545548553229309618e-06
8.544623597117606550e-06
8.543707735952921212e-06
8.542785508325323462e-06
8.541881470591761172e-06
8.540980161342304200e-06
8.540066119167022407e-06
8.539158443454653025e-06
8.538256224710494280e-06
8.537333997082896531e-06
8.536442692275159061e-06
8.535542292520403862e-06
8.534641892765648663e-06
8.533742402505595237e-06
8.532828360330313444e-06
8.531939784006681293e-06
8.531053026672452688e-06
8.530145350960083306e-06
8.529253136657644063e-06
8.528369107807520777e-06
8.527465979568660259e-06
8.526575584255624563e-06
8.525691555405501276e-06
8.524805707565974444e-06
8.523925316694658250e-06
8.523049473296850920e-06
8.522174539393745363e-06
8.521290510543622077e-06
8.520428309566341341e-06
8.519554285157937557e-06
8.518703907611779869e-06
8.517828973708674312e-06
8.516971320204902440e-06
8.516109119227621704e-06
8.515248737239744514e-06
8.514381988788954914e-06
8.513525244779884815e-06
8.512663953297305852e-06
8.511813575751148164e-06
8.510960469720885158e-06
8.510109182680025697e-06
8.509247891197446734e-06
8.508399332640692592e-06
8.507548045599833131e-06
8.506700396537780762e-06
8.505863661412149668e-06
8.505022378813009709e-06
8.504175639245659113e-06
8.503333447151817381e-06
8.502493074047379196e-06
8.501652700942941010e-06
8.500820513290818781e-06
8.499988325638696551e-06
8.499158866470679641e-06
8.498331226292066276e-06
8.497496310155838728e-06
8.496672307956032455e-06
8.495849215250927955e-06
8.495020665577612817e-06
8.494194844388402998e-06
8.493368113704491407e-06
8.492557753925211728e-06
8.491735570714809000e-06
8.490913387504406273e-06
8.490087566315196455e-06
8.489270840073004365e-06
8.488465027767233551e-06
8.487638297083321959e-06
8.486841579724568874e-06
8.486035767418798059e-06
8.485219041176605970e-06
8.484250429319217801e-06
8.483446436002850533e-06
8.482646990159992129e-06
8.481828444928396493e-06
8.481014447170309722e-06
8.481081749778240919e-06
8.479993084620218724e-06
8.478805284539703280e-06
8.478591553284786642e-06
8.477330993628129363e-06
8.476548828184604645e-06
8.475958566123154014e-06
8.474813512293621898e-06
8.474249625578522682e-06
8.473401976516470313e-06
8.472436093143187463e-06
8.471855835523456335e-06
8.470889042655471712e-06
8.470076863886788487e-06
8.469440217595547438e-06
8.468463420285843313e-06
8.467761290376074612e-06
8.467035513604059815e-06
8.466106010018847883e-06
8.465420251013711095e-06
8.464636266580782831e-06
8.463772246614098549e-06
8.463086487608961761e-06
8.462287041766103357e-06
8.461472134513314813e-06
8.460761819151230156e-06
8.459951459371950477e-06
8.459176569886039943e-06
8.458449883619323373e-06
8.457647709292359650e-06
8.456894647679291666e-06
8.456134310108609498e-06
8.455349416180979460e-06
8.454613634967245162e-06
8.453856935375370085e-06
8.453072950942441821e-06
8.452313522866461426e-06
8.451587746094446629e-06
8.450818313576746732e-06
8.450068889942485839e-06
8.449294909951277077e-06
8.448530934401787817e-06
8.447787877230439335e-06
8.447024811175651848e-06
8.446254469163250178e-06
8.445491403108462691e-06
8.444733794021885842e-06
8.443977094430010766e-06
8.443214937869925052e-06
8.442463695246260613e-06
8.441706086159683764e-06
8.440949386567808688e-06
8.440203600912354887e-06
8.439435987384058535e-06
8.438685654255095869e-06
8.437927135673817247e-06
8.437164069619029760e-06
8.436416464974172413e-06
8.435672498308122158e-06
8.434913979726843536e-06
8.434171832050196826e-06
8.433415132458321750e-06
8.432676622760482132e-06
8.431929018115624785e-06
8.431185051449574530e-06
8.430443813267629594e-06
8.429700756096281111e-06
8.428956789430230856e-06
8.428221008216496557e-06
8.427478860539849848e-06
8.426742169831413776e-06
8.426011845585890114e-06
8.425276064372155815e-06
8.424543921137228608e-06
8.423797225987073034e-06
8.423087820119690150e-06
8.422351129411254078e-06
8.421619895671028644e-06
8.420887752436101437e-06
8.420160156674683094e-06
8.419425284955650568e-06
8.418690413236618042e-06
8.417964636464603245e-06
8.417247954639606178e-06
8.416504897468257695e-06
8.415758202318102121e-06
8.415022421104367822e-06
8.414292096858844161e-06
8.413576324528548867e-06
8.412851457251235843e-06
8.412132956436835229e-06
8.411407179664820433e-06
8.410691407334525138e-06
8.409980182477738708e-06
8.409264410147443414e-06
8.408547728322446346e-06
8.407825589529238641e-06
8.407101631746627390e-06
8.406383130932226777e-06
8.405663720623124391e-06
8.404938853345811367e-06
8.404215805057901889e-06
8.403503670706413686e-06
8.402767889492679387e-06
8.402051207667682320e-06
8.401329068874474615e-06
8.400595106650143862e-06
8.399863872909918427e-06
8.399129910685587674e-06
8.398402314924169332e-06
8.397679266636259854e-06
8.396955308853648603e-06
8.396233170060440898e-06
8.395512850256636739e-06
8.394787073484621942e-06
8.394073120143730193e-06
8.393350981350522488e-06
8.392630661546718329e-06
8.391909432248212397e-06
8.391200026380829513e-06
8.390476068598218262e-06
8.389759386773221195e-06
8.389049980905838311e-06
8.388336937059648335e-06
8.387625712202861905e-06
8.386922672798391432e-06
8.386214176425710320e-06
8.385500223084818572e-06
8.384781722270417958e-06
8.384063221456017345e-06
8.383351996599230915e-06
8.382641681237146258e-06
8.381919542443938553e-06
8.381199222640134394e-06
8.380476174352224916e-06
8.379760402021929622e-06
8.379027349292300642e-06
8.378281563636846840e-06
8.377542144444305450e-06
8.376802725251764059e-06
8.376060577575117350e-06
8.375313882424961776e-06
8.374564458790700883e-06
8.373813216167036444e-06
8.373061064048670232e-06
8.372302545467391610e-06
8.371553121833130717e-06
8.370798241230659187e-06
8.370045179617591202e-06
8.369288480025716126e-06
8.368537237402051687e-06
8.367782356799580157e-06
8.367018381250090897e-06
8.366261681658215821e-06
8.365507710550446063e-06
8.364745553990360349e-06
8.363997039850801229e-06
8.363245797227136791e-06
8.362506378034595400e-06
8.361770596820861101e-06
8.361022992176003754e-06
8.360289029951673001e-06
8.359533239854499698e-06
8.358799277630168945e-06
8.358069862879347056e-06
8.357330443686805665e-06
8.356606485904194415e-06
8.355863428732845932e-06
8.355137651960831136e-06
8.354414603672921658e-06
8.353679731953889132e-06
8.352957593160681427e-06
8.352216354978736490e-06
8.351484211743809283e-06
8.350748430530074984e-06
8.350003554369322956e-06
8.349256859219167382e-06
8.348528353963047266e-06
8.347801667696330696e-06
8.347073162440210581e-06
8.346361028088722378e-06
8.345621608896180987e-06
8.344884008693043143e-06
8.344148227479308844e-06
8.343419722223188728e-06
8.342683941009454429e-06
8.341961802216246724e-06
8.341216016560792923e-06
8.340477506862953305e-06
8.339731721207499504e-06
8.339002306456677616e-06
8.338265615748241544e-06
8.337528925039805472e-06
8.336801329278387129e-06
8.336086466442793608e-06
8.335352504218462855e-06
8.334623998962342739e-06
8.333889127243310213e-06
8.333156984008383006e-06
8.332441211678087711e-06
8.331712706421967596e-06
8.330984201165847480e-06
8.330263881362043321e-06
8.329546290042344481e-06
8.328826879733242095e-06
8.328121111844666302e-06
8.327389878104440868e-06
8.326665010827127844e-06
8.325964699906762689e-06
8.325268936459906399e-06
8.324567716044839472e-06
8.323859219672158360e-06
8.323154361278284341e-06
8.322452231368515640e-06
8.321758286911062896e-06
8.321059794980101287e-06
8.320354027091525495e-06
8.319654625665862113e-06
8.318957952724304050e-06
8.318263098772149533e-06
8.317568244819995016e-06
8.316874300362542272e-06
8.316165803989861161e-06
8.315477316500619054e-06
8.314793376484885812e-06
8.314084880112204701e-06
8.313384569191839546e-06
8.312698810186702758e-06
8.312009413202758878e-06
8.311302735819481313e-06
8.310597877425607294e-06
8.309897566505242139e-06
8.309206350531894714e-06
8.308505130116827786e-06
8.307801181217655540e-06
8.307113603223115206e-06
8.306414201797451824e-06
8.305723895318806171e-06
8.305028131871949881e-06
8.304348739329725504e-06
8.303646609419956803e-06
8.302942660520784557e-06
8.302269634441472590e-06
8.301574780489318073e-06
8.300865374621935189e-06
8.300175977637991309e-06
8.299494766106363386e-06
8.298796274175401777e-06
8.298091415781527758e-06
8.297400199808180332e-06
8.296708983834832907e-06
8.296015039377380162e-06
8.295334737340454012e-06
8.294632607430685312e-06
8.293943210446741432e-06
8.293249265989288688e-06
8.292562597489450127e-06
8.291866834042593837e-06
8.291161975648719817e-06
8.290471669170074165e-06
8.289770448755007237e-06
8.289077413792256266e-06
8.288367098430171609e-06
8.287670425488613546e-06
8.286973752547055483e-06
8.286261618195567280e-06
8.285554940812289715e-06
8.284850991913117468e-06
8.284150680992752314e-06
8.283430361188948154e-06
8.282704584416933358e-06
8.281976988655515015e-06
8.281254849862307310e-06
8.280512702185660601e-06
8.279766916530206800e-06
8.279036592284683138e-06
8.278286259155720472e-06
8.277545930468477309e-06
8.276787411887198687e-06
8.276052540168166161e-06
8.275285836134571582e-06
8.274518222606275231e-06
8.273757885035593063e-06
8.273000275949016213e-06
8.272238119388930500e-06
8.271492333733476698e-06
8.270746548078022897e-06
8.270025318779516965e-06
8.269276804639957845e-06
8.268525562016293406e-06
8.267796147265471518e-06
8.267074008472263813e-06
8.266356417152564973e-06
8.265645192295778543e-06
8.264910320576746017e-06
8.264159987447783351e-06
8.263460586022119969e-06
8.262741175713017583e-06
8.262009941972792149e-06
8.261264156317338347e-06
8.260558388428762555e-06
8.259848073066677898e-06
8.259119567810557783e-06
8.258448360720649362e-06
8.257746230810880661e-06
8.257032277469988912e-06
8.256315595644991845e-06
8.255621651187539101e-06
8.254916792793665081e-06
8.254201929958071560e-06
8.253506166511215270e-06
8.252797670138534158e-06
8.252088264271151274e-06
8.251387953350786120e-06
8.250694008893333375e-06
8.249986422015354037e-06
8.249307029473129660e-06
8.248620360973291099e-06
8.247930963989347219e-06
8.247270670835860074e-06
8.246634934039320797e-06
8.246082870755344629e-06
8.245677236118353903e-06
8.245588105637580156e-06
8.246112884080503136e-06
8.247938239946961403e-06
8.252356565208174288e-06
8.262254596047569066e-06
8.283594979729969054e-06
8.329436241183429956e-06
8.428031833318527788e-06
8.636565326014533639e-06
9.093001608562190086e-06
1.004089244815986603e-05
1.219400655827485025e-05
1.644317126192618161e-05
2.629966547829099000e-05
4.237422399455681443e-05
7.699719571974128485e-05
9.576401498634368181e-05
1.197957171825692058e-04
5.482410779222846031e-05
1.187934776680776849e-05
2.318467159057036042e-05
4.467953476705588400e-05
2.932400821009650826e-05
9.887655323836952448e-06
2.974420931423082948e-05
2.912059790105558932e-05
9.195410711981821805e-06
2.518368637538515031e-05
2.459187453496269882e-05
9.110427527048159391e-06
2.345675966353155673e-05
1.894934939628001302e-05
9.937162758433260024e-06
2.172339736716821790e-05
1.330581926595186815e-05
1.166876063507515937e-05
1.818489363358821720e-05
9.588204193278215826e-06
1.386979056405834854e-05
1.337950834567891434e-05
9.355269867228344083e-06
1.398219865222927183e-05
9.852266884990967810e-06
1.094114577426807955e-05
1.197374695038888603e-05
8.921794687921646982e-06
1.174812769022537395e-05
9.922854587784968317e-06
9.573826901032589376e-06
1.109129516407847404e-05
8.936957783589605242e-06
1.021181560645345598e-05
9.880795914796181023e-06
8.950881237979047000e-06
1.013995006360346451e-05
9.026737643580418080e-06
9.352579581900499761e-06
9.614970622351393104e-06
8.805177458270918578e-06
9.494736332271713763e-06
9.071322892850730568e-06
8.916937986214179546e-06
9.324325219495221972e-06
8.768418410909362137e-06
9.035547918756492436e-06
9.023952770803589374e-06
8.719189281691797078e-06
9.029173270391765982e-06
8.793258530204184353e-06
8.769972737354692072e-06
8.927574526751413941e-06
8.682976840646006167e-06
8.800781870377250016e-06
8.793102097115479410e-06
8.653335498820524663e-06
8.784538295003585517e-06
8.689370588399469852e-06
8.655837518745101988e-06
8.735951269045472145e-06
8.629639523860532790e-06
8.655983037897385657e-06
8.677411642565857619e-06
8.598493877798318863e-06
8.643443834444042295e-06
8.627464922028593719e-06
8.583227099734358490e-06
8.622444511274807155e-06
8.590846846345812082e-06
8.572420483687892556e-06
8.597538908361457288e-06
8.564044037484563887e-06
8.560348760511260480e-06
8.573057129979133606e-06
8.544500815332867205e-06
8.547845027351286262e-06
8.551428436476271600e-06
8.529294973413925618e-06
8.534510925528593361e-06
8.532850188203155994e-06
8.516248271916992962e-06
8.520823030266910791e-06
8.516868547303602099e-06
8.504474863002542406e-06
8.507474376528989524e-06
8.502776836394332349e-06
8.493258064845576882e-06
8.494694156979676336e-06
8.490258551319129765e-06
8.482520570396445692e-06
8.482682460453361273e-06
8.478684321744367480e-06
8.472133231407497078e-06
8.471359251416288316e-06
8.467875886708498001e-06
8.462184268864803016e-06
8.460709068458527327e-06
8.457658623228780925e-06
8.452587280771695077e-06
8.450553650618530810e-06
8.447856089333072305e-06
8.444965715170837939e-06
8.444061677437275648e-06
8.442365469818469137e-06
8.440384590358007699e-06
8.439546036242973059e-06
8.437138603767380118e-06
8.436364623776171356e-06
8.434258234046865255e-06
8.433036782662384212e-06
8.431516107521019876e-06
8.429811714449897408e-06
8.428676665062084794e-06
8.426772183156572282e-06
8.425662599620409310e-06
8.423897270404268056e-06
8.422560313192661852e-06
8.421076927334070206e-06
8.419531695835758001e-06
8.418241122853942215e-06
8.416585842496715486e-06
8.415314368903636932e-06
8.413697287323884666e-06
8.412341230723541230e-06
8.410836016992107034e-06
8.409374459006357938e-06
8.407976565649732947e-06
8.406425877183210105e-06
8.405071639572270215e-06
8.403525498579256237e-06
8.402150342590175569e-06
8.400686965615022928e-06
8.399250873480923474e-06
8.397820238315034658e-06
8.396364137297496200e-06
8.394941687583923340e-06
8.393473763135261834e-06
8.392064955842215568e-06
8.390624316234607249e-06
8.389217327930964530e-06
8.387783054786268622e-06
8.386364243051502854e-06
8.384949978790245950e-06
8.383519343624357134e-06
8.382134183193556964e-06
8.380719918932300061e-06
8.379329301533289254e-06
8.377914127777330577e-06
8.376532605325337499e-06
8.375131983484607190e-06
8.373705895792227238e-06
8.372292541025672108e-06
8.370869181817397475e-06
8.369444913114421070e-06
8.368027920369058847e-06
8.366606380150187761e-06
8.365179382963106036e-06
8.363789675058797002e-06
8.362388143723364919e-06
8.360979336430318654e-06
8.359585081052500755e-06
8.358194463653489947e-06
8.356812031706795096e-06
8.355438694707117975e-06
8.354079909622669220e-06
8.352702025149483234e-06
8.351354154001455754e-06
8.350000825885217637e-06
8.348650226253084838e-06
8.347308721567969769e-06
8.345974492840468884e-06
8.344662091985810548e-06
8.343345143657643348e-06
8.342039109265897423e-06
8.340744898305274546e-06
8.339467967743985355e-06
8.338187399203889072e-06
8.336923201568424702e-06
8.335664460901170969e-06
8.334413905686233193e-06
8.333169716934207827e-06
8.331935532623901963e-06
8.330704076797701418e-06
8.329487172886729240e-06
8.328270268975757062e-06
8.327082468895241618e-06
8.325886483362410218e-06
8.324701411766000092e-06
8.323521797137800604e-06
8.322362191393040121e-06
8.321212590089999139e-06
8.320064807776361704e-06
8.318909749505110085e-06
8.317779247590806335e-06
8.316652383655309677e-06
8.315539162140339613e-06
8.314412298204842955e-06
8.313309990626294166e-06
8.312200407090131193e-06
8.311091733048669994e-06
8.310002158395946026e-06
8.308903488796204329e-06
8.307809366669971496e-06
8.306721611006651074e-06
8.305642950290348381e-06
8.304563380079343915e-06
8.303477443405427039e-06
8.302403330162633210e-06
8.301340130856260657e-06
8.300276022055186331e-06
8.299202818307094276e-06
8.298135981021914631e-06
8.297080967167858034e-06
8.296032319776713848e-06
8.294972758449148387e-06
8.293924111058004200e-06
8.292871825688052922e-06
8.291824087791610509e-06
8.290789082820992917e-06
8.289736797451041639e-06
8.288700882985722274e-06
8.287661330541595817e-06
8.286634511023294181e-06
8.285594049084465951e-06
8.284560863103251904e-06
8.283534043584950268e-06
8.282515409518964589e-06
8.281487680505961180e-06
8.280474503408186138e-06
8.279475878225639462e-06
8.278460882138460875e-06
8.277442248072475195e-06
8.276429070974700153e-06
8.275428626802749932e-06
8.274434549093712121e-06
8.273435923911165446e-06
8.272438208223320544e-06
8.271448677987791598e-06
8.270452781289350241e-06
8.269475074484944344e-06
8.268487363238818944e-06
8.267511475423816592e-06
8.266518307209480554e-06
8.265551514341495931e-06
8.264571988547686487e-06
8.263603376690298319e-06
8.262624760391190648e-06
8.261663424491416663e-06
8.260702998086344451e-06
8.259742571681272238e-06
8.258783054770901799e-06
8.257823537860531360e-06
8.256867658928968012e-06
8.255920874944422394e-06
8.254968633991666138e-06
8.254020031017716974e-06
8.253075066022574902e-06
8.252138286479748785e-06
8.251207873399835080e-06
8.250254722952377051e-06
8.249332495324779302e-06
8.248391168308444321e-06
8.247458026744425297e-06
8.246543984569143504e-06
8.245617209468036890e-06
8.244689524872228503e-06
8.243774573202244937e-06
8.242843250627629459e-06
8.241930117947049439e-06
8.241020623245276511e-06
8.240116585511714220e-06
8.239201633841730654e-06
8.238299415097571909e-06
8.237389920395798981e-06
8.236496796598657966e-06
8.235616405727341771e-06
8.234723281930200756e-06
8.233821972680743784e-06
8.232921572925988585e-06
8.232032087107654661e-06
8.231154424720443785e-06
8.230268576880916953e-06
8.229381819546688348e-06
8.228516890085302293e-06
8.227638318203389645e-06
8.226767022279091179e-06
8.225894816860090941e-06
8.225027158914599568e-06
8.224161319958511740e-06
8.223289114539511502e-06
8.222417818615213037e-06
8.221559255616739392e-06
8.220710697059985250e-06
8.219853043556213379e-06
8.218999937525950372e-06
8.218150469474494457e-06
8.217302820412442088e-06
8.216459718823898584e-06
8.215612979256547987e-06
8.214771696657408029e-06
8.213943146984092891e-06
8.213106411858461797e-06
8.212274224206339568e-06
8.211442036554217339e-06
8.210612577386200428e-06
8.209793122659903020e-06
8.208970029954798520e-06
8.208144208765588701e-06
8.207330211007501930e-06
8.206518032238818705e-06
8.205694030039012432e-06
8.204893674701452255e-06
8.204083314922172576e-06
8.203283869079314172e-06
8.202476237784139812e-06
8.201673153962474316e-06
8.200877346098423004e-06
8.200086995202582330e-06
8.199283911380916834e-06
8.198497198463883251e-06
8.197703209589235485e-06
8.196910130209289491e-06
8.196127964765764773e-06
8.195339432859327644e-06
8.194564543373417109e-06
8.193776920961681753e-06
8.192992027034051716e-06
8.192224413505755365e-06
8.191454980988055468e-06
8.190672815544530749e-06
8.189908839995041490e-06
8.189127584046218544e-06
8.188359061023220420e-06
8.187584171537309885e-06
8.186819286493118852e-06
8.186073500837665051e-06
8.185297701857052743e-06
8.184537364286370575e-06
8.183784302673302591e-06
8.183013960660900921e-06
8.182263627531938255e-06
8.181511475413572043e-06
8.180754775821696967e-06
8.180011718650348485e-06
8.179258657037280500e-06
8.178523785318247974e-06
8.177770723705179989e-06
8.177029485523235053e-06
8.176287337846588343e-06
8.175550647138152272e-06
8.174818503903225064e-06
8.174083632184192538e-06
8.173351488949265331e-06
8.172617526724934578e-06
8.171890840458218008e-06
8.171155059244483709e-06
8.170438377419486642e-06
8.169710781658068299e-06
8.168972271960228682e-06
8.168258318619336933e-06
8.167530722857918590e-06
8.166805855580605567e-06
8.166080078808590770e-06
8.165357030520681292e-06
8.164635801222175360e-06
8.163912752934265882e-06
8.163196980603970587e-06
8.162481208273675293e-06
8.161758159985765815e-06
8.161050573107786477e-06
8.160346624208614230e-06
8.159633580362424254e-06
8.158921446010936052e-06
8.158216587617062032e-06
8.157512638717889786e-06
8.156808689818717539e-06
8.156102921930141747e-06
8.155398063536267728e-06
8.154713214025832713e-06
8.154006536642555147e-06
8.153321687132120132e-06
8.152617738232947886e-06
8.151921974786091596e-06
8.151238944265060127e-06
8.150544090312905610e-06
8.149856512318365276e-06
8.149159839376807213e-06
8.148477718350477517e-06
8.147788321366533637e-06
8.147102562361396849e-06
8.146414984366856515e-06
8.145736501319333911e-06
8.145044375851284713e-06
8.144372259266674519e-06
8.143685590766835958e-06
8.143013474182225764e-06
8.142338629113510251e-06
8.141658327076584101e-06
8.140985300997272134e-06
8.140319550875574350e-06
8.139635610859841108e-06
8.138958946801722050e-06
8.138294106174726039e-06
8.137629265547730029e-06
8.136958967952523381e-06
8.136296855809632689e-06
8.135636562656145543e-06
8.134964446071535349e-06
8.134315976349171251e-06
8.133645678753964603e-06
8.132989933073986322e-06
8.132340553856920451e-06
8.131679351208731532e-06
8.131039976433385164e-06
8.130376045301090926e-06
8.129725756589323282e-06
8.129080015351064503e-06
8.128430636133998632e-06
8.127784894895739853e-06
8.127141882141586393e-06
8.126499778882134706e-06
8.125854947138577700e-06
8.125213753373827785e-06
8.124568921630270779e-06
8.123936822812538594e-06
8.123304723994806409e-06
8.122660801745951176e-06
8.122027793433517218e-06
8.121396604110486805e-06
8.120761776808649302e-06
8.120129677990917116e-06
8.119498488667886704e-06
8.118875484797172248e-06
8.118245204968843609e-06
8.117621291603427380e-06
8.116993740259204060e-06
8.116368917399086058e-06
8.115743185044266284e-06
8.115125638141762465e-06
8.114505362755153328e-06
8.113877811410930008e-06
8.113256626529619098e-06
8.112641808111220598e-06
8.112023351714015007e-06
8.111404895316809416e-06
8.110780072456691414e-06
8.110163435048889369e-06
8.109549526125192642e-06
8.108932888717390597e-06
8.108316251309588552e-06
8.107694156933575869e-06
8.107090252451598644e-06
8.106464520096778870e-06
8.105851520667783916e-06
8.105233064270578325e-06
8.104620064841583371e-06
8.104017979349009693e-06
8.103394975478295237e-06
8.102783795038703829e-06
8.102162610157392919e-06
8.101572348095942289e-06
8.100962077151052654e-06
8.100352715700864792e-06
8.099752449197694659e-06
8.099153092189226300e-06
8.098559192148968577e-06
8.097961654129903764e-06
8.097365025605540723e-06
8.096769306575879455e-06
8.096180863503832370e-06
8.095580597000662237e-06
8.094994882412720472e-06
8.094400982372462749e-06
8.093812539300415665e-06
8.093209544313140213e-06
8.092619282251689583e-06
8.092049938568379730e-06
8.091446943581104279e-06
8.090861228993162513e-06
8.090273695415817201e-06
8.089696166280191392e-06
8.089106813713442534e-06
8.088530194072518498e-06
8.087946298473980278e-06
8.087376045295968652e-06
8.086800335149746388e-06
8.086210073088295758e-06
8.085641638899687678e-06
8.085071385721676052e-06
8.084495675575453788e-06
8.083929060376249254e-06
8.083360626187641174e-06
8.082792191999033093e-06
8.082216481852810830e-06
8.081654414127115160e-06
8.081088708422612399e-06
8.080520274234004319e-06
8.079951840045396239e-06
8.079387043835595250e-06
8.078814062173478305e-06
8.078253813437186182e-06
8.077693564700894058e-06
8.077126040006987751e-06
8.076571248238906264e-06
8.076004633039701730e-06
8.075426194409374148e-06
8.074872312135994434e-06
8.074312063399702311e-06
8.073749995674006641e-06
8.073201570368837565e-06
8.072644050116650760e-06
8.072074706433340907e-06
8.071521733654662967e-06
8.070955118455458432e-06
8.070384865277446806e-06
8.069839168456383049e-06
8.069279829214792699e-06
8.068712304520886391e-06
8.068154784268699586e-06
8.067599992500618100e-06
8.067045200732536614e-06
8.066484042501542717e-06
8.065922884270548820e-06
8.065377187449485064e-06
8.064829671639017761e-06
8.064280336839146912e-06
8.063729183049872518e-06
8.063181667239405215e-06
8.062630513450130820e-06
8.062077540671452880e-06
8.061539119808003306e-06
8.060986147029325366e-06
8.060437721724156290e-06
8.059883839450776577e-06
8.059356332523748279e-06
8.058808816713280976e-06
8.058268576860427856e-06
8.057731065491680056e-06
8.057193554122932255e-06
8.056434126046951860e-06
8.055894795688800514e-06
8.055358193814754486e-06
8.054824320424813777e-06
8.054283171077258885e-06
8.053750207182019949e-06
8.053216333792079240e-06
8.052680641412734985e-06
8.052138582570478320e-06
8.051607437664642930e-06
8.051069016801193357e-06
8.050530595937743783e-06
8.049993084568995982e-06
8.049454663705546409e-06
8.048918061831500381e-06
8.048380550462752581e-06
8.047843948588706553e-06
8.047296432778239250e-06
8.046770744840614498e-06
8.046237780945375562e-06
8.045698450587224215e-06
8.045157301239669323e-06
8.044626156333833933e-06
8.044090463954489678e-06
8.043551133596338332e-06
8.043018169701099396e-06
8.042476110858842731e-06
8.041932233027182519e-06
8.041403816605452448e-06
8.040868124226108193e-06
8.040318789426237345e-06
8.039789463509805501e-06
8.039245585678145289e-06
8.038724445214029402e-06
8.038176929403562099e-06
8.037636689550708979e-06
8.037092811719048768e-06
8.036550752876792103e-06
8.036004146561026573e-06
8.035451173782348633e-06
8.034889106056652963e-06
8.034348866203799844e-06
8.033797712414525449e-06
8.033238373172935098e-06
8.032691766857169569e-06
8.032136065594386309e-06
8.031570359889883548e-06
8.031024663068819791e-06
8.030458957364317030e-06
8.029904165596235543e-06
8.029337550397031009e-06
8.028773663681931794e-06
8.028205229493323714e-06
8.027635885810013860e-06
8.027051080716773868e-06
8.026477189559955150e-06
8.025886018003802747e-06
8.025293936952948570e-06
8.024731869227252901e-06
8.024147064134012908e-06
8.023573172977194190e-06
8.023007467272691429e-06
8.022455403988715261e-06
8.021887879294808954e-06
8.021321264095604420e-06
8.020756467885803431e-06
8.020173481781966984e-06
8.019605957088060677e-06
8.019011147553101182e-06
8.018437256396282464e-06
8.017881555133499205e-06
8.017322215891908854e-06
8.016775609576143324e-06
8.016215360839851201e-06
8.015666026039980352e-06
8.015111234271898866e-06
8.014552804525010288e-06
8.013999831746332347e-06
8.013450496946461499e-06
8.012902981135994196e-06
8.012357284314930439e-06
8.011809768504463136e-06
8.011264981178101152e-06
8.010718374862335622e-06
8.010170859051868320e-06
8.009627890714909881e-06
8.009085831872653216e-06
8.008558324945624918e-06
8.008028999029193074e-06
8.007506949070375413e-06
8.006987627595663071e-06
8.006456482689827681e-06
8.005935342225711793e-06
8.005412382772192359e-06
8.004881237866356969e-06
8.004337360034696758e-06
8.003807124623563141e-06
8.003265975276008248e-06
8.002728463907260448e-06
8.002192771527916193e-06
8.001650712685659528e-06
8.001103196875192225e-06
8.000558409548830241e-06
8.000020898180082440e-06
7.999469744390808046e-06
7.998937689990270883e-06
7.998399269126821309e-06
7.997867214726284146e-06
7.997329703357536346e-06
7.996798558451700956e-06
7.996268323040567338e-06
7.995724445208907127e-06
7.995192390808369964e-06
7.994635780050884932e-06
7.994097359187435359e-06
7.993554390850476921e-06
7.993018698471132666e-06
7.992479368112981319e-06
7.991942766238935292e-06
7.991400707396678627e-06
7.990845915628597140e-06
7.990308404259849340e-06
7.989761797944083810e-06
7.989231562532950193e-06
7.988685865711886436e-06
7.988147444848436862e-06
7.987615390447899699e-06
7.987071512616239488e-06
7.986550372152123600e-06
7.985997399373445660e-06
7.985471711435820907e-06
7.984930562088266015e-06
7.984399417182430625e-06
7.983862815308384597e-06
7.983320756466127932e-06
7.982776878634467721e-06
7.982231181813403964e-06
7.981682756508234888e-06
7.981138878676574677e-06
7.980610462254844606e-06
7.980072041391395032e-06
7.979516340128611773e-06
7.978999747138004750e-06
7.978463145263958722e-06
7.977918357937596738e-06
7.977402674441691488e-06
7.976872439030557871e-06
7.976336746651213616e-06
7.975786502356640995e-06
7.975277185323648155e-06
7.974766049301251769e-06
7.974223990458995104e-06
7.973684660100843757e-06
7.973178981046658009e-06
7.972676939971279353e-06
7.972137609613128006e-06
7.971580089360941201e-06
7.971081686264369637e-06
7.970579645188990980e-06
7.970050319272559136e-06
7.969505531946197152e-06
7.968968020577449352e-06
7.968468707986176014e-06
7.967948477016761899e-06
7.967400051711592823e-06
7.966888006194494665e-06
7.966374141687992960e-06
7.965843906276859343e-06
7.965321856318041682e-06
7.964825272210873663e-06
7.964303222252056003e-06
7.963767529872711748e-06
7.963251846376806498e-06
7.962748895806726068e-06
7.962225936353206635e-06
7.961700248415581882e-06
7.961199116834904999e-06
7.960687071317806840e-06
7.960162292874883860e-06
7.959649337863083929e-06
7.959144568303599954e-06
7.958627975312992930e-06
7.958102287375368178e-06
7.957591151352971792e-06
7.957077286846470088e-06
7.956549779919441789e-06
7.956036824907641858e-06
7.955528417369350791e-06
7.955007276905234903e-06
7.954499778861645609e-06
7.953986823849845678e-06
7.953472049848642200e-06
7.952960004331544042e-06
7.952453415782656521e-06
7.951935003802645952e-06
7.951424777274951339e-06
7.950905455800238997e-06
7.950400686240755022e-06
7.949880455271340907e-06
7.949368409754242748e-06
7.948856364237144589e-06
7.948355232656467706e-06
7.947839549160562456e-06
7.947335689095780253e-06
7.946819096105173230e-06
7.946318874019198120e-06
7.945814104459714144e-06
7.945316610857844353e-06
7.944800927361939102e-06
7.944299795781262219e-06
7.943804121168795973e-06
7.943302989588119090e-06
7.942800039018038660e-06
7.942317097331397235e-06
7.941818694234825671e-06
7.941331205074675381e-06
7.940813702589366585e-06
7.940337127365637571e-06
7.939835995784960687e-06
7.939324859762564301e-06
7.938834642118308693e-06
7.938348062452860177e-06
7.937842383398674428e-06
7.937358532217331231e-06
7.936863767099566758e-06
7.936361726024188101e-06
7.935870598885230720e-06
7.935369467304553837e-06
7.934871973702684045e-06
7.934379937069024891e-06
7.933886081445962191e-06
7.933397682791110128e-06
7.932899279694538563e-06
7.932420885481406003e-06
7.931919753900729120e-06
7.931434993224684149e-06
7.930952961032744497e-06
7.930448191473260522e-06
7.929973435238935053e-06
7.929477760626468807e-06
7.928988452476914972e-06
7.928507329779677093e-06
7.928020750114228576e-06
7.927534170448780060e-06
7.927050319267436862e-06
7.926561011117883027e-06
7.926066246000118554e-06
7.925576937850564718e-06
7.925104910100344568e-06
7.924615601950790733e-06
7.924105375423096120e-06
7.923619705252349377e-06
7.923134944576304406e-06
7.922644726932048798e-06
7.922157237771898508e-06
7.921667020127642900e-06
7.921193173388019204e-06
7.920705684227868915e-06
7.920221833046525717e-06
7.919728886918164790e-06
7.919250492705032229e-06
7.918766641523689032e-06
7.918281880847644061e-06
7.917794391687493771e-06
7.917301445559132844e-06
7.916823960840702057e-06
7.916351023595780134e-06
7.915858986962120980e-06
7.915370588307268918e-06
7.914895832072943449e-06
7.914408342912793159e-06
7.913932677183765918e-06
7.913443369034212083e-06
7.912973160273395479e-06
7.912486580607946962e-06
7.912018190836533904e-06
7.911539796623401344e-06
7.911051397968549281e-06
7.910574822744820267e-06
7.910085514595266432e-06
7.909615305834449828e-06
7.909136002126615494e-06
7.908654879429377615e-06
7.908174666226841509e-06
7.907689905550796539e-06
7.907212420832365751e-06
7.906732207629829645e-06
7.906257451395504177e-06
7.905775419203564525e-06
7.905300662969239056e-06
7.904822268756106496e-06
7.904347512521781027e-06
7.903854566393420100e-06
7.903399819042533636e-06
7.902917786850593984e-06
7.902429388195741922e-06
7.901964636403135955e-06
7.901475328253582120e-06
7.901004209998063743e-06
7.900519449322018772e-06
7.900042874098289758e-06
7.899567208369262516e-06
7.899079719209112227e-06
7.898628609837032855e-06
7.898143849160987884e-06
7.897653631516732275e-06
7.897183422755915672e-06
7.896705028542783111e-06
7.896251190686598420e-06
7.895776434452272952e-06
7.895293492765631527e-06
7.894826921983622015e-06
7.894341251812875271e-06
7.893867405073251575e-06
7.893399015301838517e-06
7.892914254625793546e-06
7.892444955359678715e-06
7.891968380135949701e-06
7.891493623901624233e-06
7.891007044236175716e-06
7.890534106991253793e-06
7.890064807725138962e-06
7.889580956543795764e-06
7.889095286373049021e-06
7.888618711149320006e-06
7.888139407441485673e-06
7.887660103733651340e-06
7.887183528509922326e-06
7.886705134296789765e-06
7.886231287557166070e-06
7.885751983849331737e-06
7.885273589636199176e-06
7.884805199864786118e-06
7.884326805651653558e-06
7.883856596890836954e-06
7.883371836214791983e-06
7.882897079980466515e-06
7.882437785156071186e-06
7.881963028921745718e-06
7.881478268245700747e-06
7.881028068368323147e-06
7.880543307692278177e-06
7.880063094489742070e-06
7.879604709160048515e-06
7.879135409893933684e-06
7.878654287196695805e-06
7.878168617025949061e-06
7.877718417148571461e-06
7.877245479903649539e-06
7.876749805291183293e-06
7.876285053498577327e-06
7.875813025748357177e-06
7.875329174567013979e-06
7.874871698732022196e-06
7.874390576034784317e-06
7.873913091316353530e-06
7.873439244576729834e-06
7.872973583289422095e-06
7.872494279581587762e-06
7.872029527788981795e-06
7.871548405091743916e-06
7.871070010878611356e-06
7.870604349591303617e-06
7.870132321841083467e-06
7.869642104196827859e-06
7.869175533414818347e-06
7.868704415159299970e-06
7.868225111451465636e-06
7.867758540669456124e-06
7.867282874940428883e-06
7.866798114264383912e-06
7.866314263083040714e-06
7.865861334721557796e-06
7.865378393034916371e-06
7.864888175390660763e-06
7.864427061576861888e-06
7.863955033826641738e-06
7.863466635171789676e-06
7.862981874495744705e-06
7.862479833420366049e-06
7.862010534154251218e-06
7.861530320951715112e-06
7.861031008360441774e-06
7.860555342631414533e-06
7.860069672460667789e-06
7.859576726332306862e-06
7.859095603635068983e-06
7.858612661948427558e-06
7.858131539251189679e-06
7.857647688069846481e-06
7.857173841330222785e-06
7.856671800254844129e-06
7.856191587052308023e-06
7.855707735870964825e-06
7.855209332774393260e-06
7.854729119571857154e-06
7.854227987991180271e-06
7.853739589336328208e-06
7.853234819776844233e-06
7.852739145164377987e-06
7.852255293983034790e-06
7.851759619370568544e-06
7.851258487789891660e-06
7.850769179640337825e-06
7.850275324017275125e-06
7.849777830415405333e-06
7.849279427318833768e-06
7.848791938158683479e-06
7.848297173040919006e-06
7.847813321859575808e-06
7.847304914321284741e-06
7.846816515666432679e-06
7.846321750548668206e-06
7.845823347452096641e-06
7.845326763344928622e-06
7.844822903280146420e-06
7.844323590688873082e-06
7.843829735065810382e-06
7.843316780054010451e-06
7.842816557968035340e-06
7.842303602956235409e-06
7.841795195417944342e-06
7.841277692932635546e-06
7.840761099942028522e-06
7.840231774025596678e-06
7.839726094971410930e-06
7.839204045012593269e-06
7.838696546969003975e-06
7.838174497010186315e-06
7.837648809072561562e-06
7.837132216081954539e-06
7.836621080059558153e-06
7.836096301616635174e-06
7.835575161152519286e-06
7.835060387151315808e-06
7.834541065676603466e-06
7.834035386622417718e-06
7.833526979084126651e-06
7.833015843061730266e-06
7.832502888049930334e-06
7.832003575458656996e-06
7.831495167920365930e-06
7.830986760382074863e-06
7.830472895875573158e-06
7.829967216821387410e-06
7.829455171304289252e-06
7.828963134670630097e-06
7.828446541680023074e-06
7.827960871509276330e-06
7.827447916497476399e-06
7.826944056432694197e-06
7.826448381820227951e-06
7.825951797713059932e-06
7.825446118658874184e-06
7.824948625057004392e-06
7.824455678928643465e-06
7.823950909369159490e-06
7.823466148693114519e-06
7.822967745596542954e-06
7.822472070984076709e-06
7.821982762834522873e-06
7.821484359737951308e-06
7.820988685125485063e-06
7.820503924449440092e-06
7.819990059942938387e-06
7.819513484719209373e-06
7.819019629096146673e-06
7.818519407010171562e-06
7.818018275429494679e-06
7.817523510311730206e-06
7.817039659130387008e-06
7.816561264917254448e-06
7.816068318788893521e-06
7.815589924575760961e-06
7.815103344910312444e-06
7.814605851308442652e-06
7.814133823558222502e-06
7.813634510966949165e-06
7.813151569280307740e-06
7.812665899109560996e-06
7.812191142875235528e-06
7.811711839167401195e-06
7.811233444954268634e-06
7.810748684278223664e-06
7.810265742591582239e-06
7.809781891410239041e-06
7.809307135175913572e-06
7.808826921973377466e-06
7.808343980286736041e-06
7.807841939211357385e-06
7.838312740204855800e-06
7.852549970266409218e-06
7.842367267585359514e-06
7.836977601982653141e-06
7.827940862625837326e-06
7.832565643184352666e-06
7.827100489521399140e-06
7.819844540790654719e-06
7.831815310055390000e-06
7.830197318980935961e-06
7.821619874448515475e-06
7.817536243237555027e-06
7.813931006239727139e-06
7.817438017809763551e-06
7.815686331014148891e-06
7.813379852450452745e-06
7.815977369318716228e-06
7.811202522134408355e-06
7.807155270711518824e-06
7.806576832081191242e-06
7.805907443980686367e-06
7.806448593328241259e-06
7.803831067576538771e-06
7.802581421856302768e-06
7.803051630617119372e-06
7.800134881108533591e-06
7.798445039952639490e-06
7.798334991093724966e-06
7.798394108249340206e-06
7.798361366440076381e-06
7.796572390361689031e-06
7.795812052791006863e-06
7.795542842359282076e-06
7.793963050062302500e-06
7.793152690283022821e-06
7.792732503730803728e-06
7.792496035108342767e-06
7.792123142280615866e-06
7.791043572069611400e-06
7.790536074026022106e-06
7.789965820848010480e-06
7.788989933033008128e-06
7.788324182911310345e-06
7.787684808135963976e-06
7.787139111314900219e-06
7.786524292896501720e-06
7.785734851495362818e-06
7.785142770444508642e-06
7.784349691064562649e-06
7.783372893754858524e-06
7.782577085890807211e-06
7.781736712786369026e-06
7.780902706144843251e-06
7.779958650644402951e-06
7.779116458550561219e-06
7.778419785609003156e-06
7.777632163197267801e-06
7.776828169880900532e-06
7.776154234306886792e-06
7.775494850648101419e-06
7.774841833452228457e-06
7.774161531415302306e-06
7.773549441481009126e-06
7.773001016175840050e-06
7.772408025630284101e-06
7.771828677505254745e-06
7.771253876853734255e-06
7.770688171149231493e-06
7.770111551508307457e-06
7.769515832478646189e-06
7.768951036268845201e-06
7.768373507133219391e-06
7.768077921355143189e-06
7.767797796986997128e-06
7.767511306155938655e-06
7.767253919155336916e-06
7.766975613776594400e-06
7.766713679302483797e-06
7.766428097966127098e-06
7.766177077428437769e-06
7.765899681544397026e-06
7.765640475554391742e-06
7.765383088553790003e-06
7.765127520542591810e-06
7.764859219605568796e-06
7.764590009173844010e-06
7.764338079141452909e-06
7.764075235172640532e-06
7.763817848172038794e-06
7.763565918139647692e-06
7.763303074170835316e-06
7.763044777675531805e-06
7.762793757137842476e-06
7.762531822663731873e-06
7.762267159705515951e-06
7.762024324620142579e-06
7.761757842672523111e-06
7.761510460113640875e-06
7.761251254123635590e-06
7.760992048133630306e-06
7.760732842143625021e-06
7.760488188068848103e-06
7.760232620057649910e-06
7.759977052046451718e-06
7.759722393529955298e-06
7.759470463497564197e-06
7.759208529023453593e-06
7.758965693938080221e-06
7.758702849969267845e-06
7.758451829431578517e-06
7.758194442430976778e-06
7.757943421893287450e-06
7.757683306408580393e-06
7.757428647892083973e-06
7.757183084322605282e-06
7.756929335300810635e-06
7.756676495773717761e-06
7.756418199278414249e-06
7.756165359751321375e-06
7.755903425277210772e-06
7.755648766760714352e-06
7.755390470265410841e-06
7.755139449727721512e-06
7.754882062727119774e-06
7.754634680168237537e-06
7.754370017210021615e-06
7.754116268188226968e-06
7.753869795124046504e-06
7.753611498628742993e-06
7.753355021122843027e-06
7.753100362606346607e-06
7.752843885100446641e-06
7.752592864562757313e-06
7.752340025035664439e-06
7.752080819045659155e-06
7.751822522550355643e-06
7.751569683023262769e-06
7.751325028948485851e-06
7.751052180537953973e-06
7.750806616968475282e-06
7.750551958451978862e-06
7.750299118924885988e-06
7.750042641418986022e-06
7.749779797450173646e-06
7.749530595901887864e-06
7.749271389911882579e-06
7.749016731395386159e-06
7.748754796921275556e-06
7.748501957394182682e-06
7.748238203930668533e-06
7.747989002382382751e-06
7.747730705887079239e-06
7.747475137875881046e-06
7.747212293907068670e-06
7.746955816401168704e-06
7.746699338895268738e-06
7.746447408862877637e-06
7.746191840851679444e-06
7.745929906377568841e-06
7.745673428871668875e-06
7.745413313386961818e-06
7.745158654870465398e-06
7.744896720396354795e-06
7.744653885310981423e-06
7.744401045783888549e-06
7.744140020804479718e-06
7.743885362287983298e-06
7.743625246803276241e-06
7.743364221823867410e-06
7.743110472802072763e-06
7.742859452264383435e-06
7.742595698800869286e-06
7.742333764326758683e-06
7.742083653283771127e-06
7.741829904261976480e-06
7.741570698271971196e-06
7.741320587228983641e-06
7.741063200228381902e-06
7.740798537270165980e-06
7.740542969258967787e-06
7.740289220237173140e-06
7.740034561720676720e-06
7.739805369055829942e-06
7.739549801044631749e-06
7.739288776065222919e-06
7.739035936538130045e-06
7.738789463473949581e-06
7.738516615063417703e-06
7.738262866041623056e-06
7.738003660051617771e-06
7.737745363556314260e-06
7.737484338576905429e-06
7.737238775007426739e-06
7.736963198112789541e-06
7.736713087069801986e-06
7.736452062090393156e-06
7.736191037110984325e-06
7.735938197583891451e-06
7.735674444120377302e-06
7.735410690656863153e-06
7.735154213150963187e-06
7.734885002719238400e-06
7.734623068245127797e-06
7.734362043265718967e-06
7.734093742328695953e-06
7.733830898359883577e-06
7.733567144896369427e-06
7.733307938906364143e-06
7.733045094937551767e-06
7.732780431979335845e-06
7.732513950031716377e-06
7.732247468084096909e-06
7.731978257652372122e-06
7.731721780146472156e-06
7.731457117188256234e-06
7.731185178272426128e-06
7.730939614702947438e-06
7.730672223260626197e-06
7.730397555860690773e-06
7.730130164418369532e-06
7.729872777417767793e-06
7.729615390417166054e-06
7.729338904027827084e-06
7.729074241069611162e-06
7.728811397100798786e-06
7.728554010100197047e-06
7.728288437647279352e-06
7.728018317720852792e-06
7.727745469310320914e-06
7.727474439889192581e-06
7.727214324404485524e-06
7.726949661446269602e-06
7.726675903541035950e-06
7.726410331088118255e-06
7.726146577624604106e-06
7.725870091235265136e-06
7.725600880803540349e-06
7.725332579866517335e-06
7.725076102360617369e-06
7.724800525465980172e-06
7.724522220087237656e-06
7.724256647634319961e-06
7.723993803665507585e-06
7.723717317276168615e-06
7.723445378360338509e-06
7.723168891970999539e-06
7.722910595475696027e-06
7.722637747065164149e-06
7.722353984718210995e-06
7.722089321759995073e-06
7.721817382844164968e-06
7.721546353423036635e-06
7.721265319560188800e-06
7.721000656601972878e-06
7.720720532233826816e-06
7.720455869275610894e-06
7.720173016423359513e-06
7.719898349023424089e-06
7.719622772128786892e-06
7.719348104728851467e-06
7.719066161371301860e-06
7.718805136391893029e-06
7.718515917076729238e-06
7.718233973719179630e-06
7.717958396824542433e-06
7.717686457908712327e-06
7.717404514551162720e-06
7.717137123108841479e-06
7.716856998740695417e-06
7.716574145888444036e-06
7.716293112025596201e-06
7.716024811088573188e-06
7.715735591773409396e-06
7.715460014878772199e-06
7.715188075962942094e-06
7.714903404121287167e-06
7.714623279753141105e-06
7.714346793363802135e-06
7.714064850006252527e-06
7.713779268669895828e-06
7.713488230365328491e-06
7.713214472460094839e-06
7.712920705671422184e-06
7.712647857260890305e-06
7.712350452493410558e-06
7.712076694588176906e-06
7.711797479714732617e-06
7.711505531915463507e-06
7.711214493610896170e-06
7.710921636316925287e-06
7.710643330938182771e-06
7.710345016676001251e-06
7.710057616350241005e-06
7.709763849561568350e-06
7.709477358730509877e-06
7.709194505878258497e-06
7.708902558078989387e-06
7.708600605838000774e-06
7.708315933996345848e-06
7.708033081144094467e-06
7.707738404860720038e-06
7.707449185545556247e-06
7.707167242188006639e-06
7.706870746915228665e-06
7.706585165578871965e-06
7.706303222221322358e-06
7.706007636443246156e-06
7.705715688643977046e-06
7.705437383265234530e-06
7.705158168391790241e-06
7.704869858571328223e-06
7.704575182287953794e-06
7.704304152866825461e-06
7.704008567088749260e-06
7.703718438278883696e-06
7.703431947447825223e-06
7.703134542680345476e-06
7.702852599322795868e-06
7.702561561018228531e-06
7.702275070187170058e-06
7.701985850872006267e-06
7.701701179030351341e-06
7.701401045778766274e-06
7.701114554947707802e-06
7.700820788159035146e-06
7.700531568843871355e-06
7.700250534981023520e-06
7.699956768192350864e-06
7.699667548877187073e-06
7.699371053604409099e-06
7.699085472268052399e-06
7.698800800426397473e-06
7.698512490605935454e-06
7.698223271290771663e-06
7.697929504502099007e-06
7.697649380133952945e-06
7.697351065871771425e-06
7.697059118072502315e-06
7.696776265220250934e-06
7.696480679442174733e-06
7.696204193052835763e-06
7.695899512327741832e-06
7.695616659475490451e-06
7.695325621170923114e-06
7.695035492361057550e-06
7.694754458498209715e-06
7.694466148677747697e-06
7.694174200878478587e-06
7.693884072068613023e-06
7.693595762248151004e-06
7.693299266975373030e-06
7.693015504628419876e-06
7.692728104302659631e-06
7.692430699535179883e-06
7.692145118198823184e-06
7.691860446357168257e-06
7.691563041589688510e-06
7.691276550758630037e-06
7.690980055485852063e-06
7.690701750107109547e-06
7.690397978876717389e-06
7.690122401982080191e-06
7.689825906709302217e-06
7.689533958910033107e-06
7.689245649089571089e-06
7.688953701290301979e-06
7.688649930059909821e-06
7.688360710744746029e-06
7.688065124966669828e-06
7.687760444241575897e-06
7.687463039474096149e-06
7.687167453696019948e-06
7.686867320444434881e-06
7.686568096687551588e-06
7.686267053941264749e-06
7.685972377657890320e-06
7.685668606427498162e-06
7.685359378228895366e-06
7.685050150030292571e-06
7.684746378799900413e-06
7.684437150601297617e-06
7.684126103413291276e-06
7.683820513193495572e-06
7.683504009037278593e-06
7.683189323870465159e-06
7.682889190618880093e-06
7.682581781409680843e-06
7.682266186748165637e-06
7.681956049054861069e-06
7.681648639845661819e-06
7.681343049625866115e-06
7.681026545469649136e-06
7.680711860302835703e-06
7.680402632104232907e-06
7.680095222895033658e-06
7.679789632675237954e-06
7.679483132960740477e-06
7.679164809815119952e-06
7.678860129090026021e-06
7.678546353417914361e-06
7.678230758756399155e-06
7.677919711568392813e-06
7.677595931454561651e-06
7.677284884266555309e-06
7.676972018089145422e-06
7.676651875954121351e-06
7.676339009776711464e-06
7.676024324609898031e-06
7.675704182474873960e-06
7.675404049223288894e-06
7.675071174162440002e-06
7.674781045352574438e-06
7.674469088669866323e-06
7.674148946534842253e-06
7.673809705011080950e-06
7.673519576201215386e-06
7.673188520129770041e-06
7.672878382436465472e-06
7.672567335248459131e-06
7.672251740586943924e-06
7.671921594010200351e-06
7.671616913285106421e-06
7.671305866097100079e-06
7.670971172046847641e-06
7.670670129300560802e-06
7.670366358070168644e-06
7.670061677345074713e-06
7.669730621273629367e-06
7.669395927223376930e-06
7.669099431950598955e-06
7.668792022741399705e-06
7.668464604648761451e-06
7.668144462513737381e-06
7.667833415325731039e-06
7.667535101063549519e-06
7.667204044992104173e-06
7.666878445888869464e-06
7.666576493647880852e-06
7.666261808481067419e-06
7.665936209377832711e-06
7.665628800168633461e-06
7.665319571970030665e-06
7.664997610845603049e-06
7.664690201636403799e-06
7.664375516469590366e-06
7.664059012313373387e-06
7.663737960683647543e-06
7.663429641979746521e-06
7.663112228328827769e-06
7.662792086193803698e-06
7.662480129511095583e-06
7.662166353838983923e-06
7.661855306650977582e-06
7.661526979063637555e-06
7.661206836928613484e-06
7.660895789740607142e-06
7.660577466594986618e-06
7.660257324459962547e-06
7.659941729798447341e-06
7.659620678168721497e-06
7.659303264517802745e-06
7.658978574909269810e-06
7.658658432774245739e-06
7.658340109628625214e-06
7.658018148504197598e-06
7.657694368390366435e-06
7.657370588276535273e-06
7.657039532205089927e-06
7.656732122995890677e-06
7.656403795408550650e-06
7.656075467821210623e-06
7.655759873159695417e-06
7.655435183551162481e-06
7.655107765458524227e-06
7.654795808775816113e-06
7.654478395124897361e-06
7.654130968148820102e-06
7.653809916519094259e-06
7.653487955394666642e-06
7.653158718312624842e-06
7.652843123651109636e-06
7.652521162526682019e-06
7.652191925444640219e-06
7.651866326341405511e-06
7.651537089259363711e-06
7.651211490156129003e-06
7.650889529031701386e-06
7.650565748917870224e-06
7.650241968804039061e-06
7.649913641216699034e-06
7.649590770597569644e-06
7.649266990483738482e-06
7.648935934412293136e-06
7.648608516319654882e-06
7.648295650142244995e-06
7.647966413060203195e-06
7.647638085472863168e-06
7.647305210412014276e-06
7.646986887266393751e-06
7.646658559679053724e-06
7.646329322597011924e-06
7.645990990567952394e-06
7.645659934496507049e-06
7.645334335393272340e-06
7.644998731848318130e-06
7.644668585271574557e-06
7.644332072231918573e-06
7.644001016160473228e-06
7.643659046152606606e-06
7.643330718565266579e-06
7.642995115020312369e-06
7.642674063390586525e-06
7.642327545909211040e-06
7.641991942364256829e-06
7.641659067303407937e-06
7.641318006790243089e-06
7.640991498192306608e-06
7.640649528184439987e-06
7.640304829692468047e-06
7.639978321094531566e-06
7.639636351086664945e-06
7.639301657036412507e-06
7.638958777533844113e-06
7.638618626515381038e-06
7.638276656507514417e-06
7.637930139026138932e-06
7.637590897502377629e-06
7.637250746483914554e-06
7.636921509401872754e-06
7.636571353941690177e-06
7.636221198481507599e-06
7.635882866452448070e-06
7.635533620486967266e-06
7.635180736542679369e-06
7.634827852598391473e-06
7.634469511685892940e-06
7.634105713805183768e-06
7.633745553903281689e-06
7.633386303496081382e-06
7.633025234099477530e-06
7.632659617229364812e-06
7.632300366822164506e-06
7.631931111973244697e-06
7.631557309650816023e-06
7.631182597833685577e-06
7.630816071468871087e-06
7.630460459040477872e-06
7.630078471265733242e-06
7.629711944900918752e-06
7.629331776115577668e-06
7.628968432982219383e-06
7.628599632880650461e-06
7.628222647326765582e-06
7.627850209246389568e-06
7.627487320860382169e-06
7.627118066011462361e-06
7.626754268130753189e-06
7.626400474691763520e-06
7.626043043273966759e-06
7.625688340340275317e-06
7.625323178217513487e-06
7.624968020536471158e-06
7.624624231539200991e-06
7.624267709616106004e-06
7.623908459208905697e-06
7.623544206580845639e-06
7.623202691320329905e-06
7.622832526976708323e-06
7.622484645253280178e-06
7.622118573635816574e-06
7.621784334332915023e-06
7.621420991199556738e-06
7.621057193318847567e-06
7.620686119480524212e-06
7.620323685841867700e-06
7.619972166139632463e-06
7.619614279974484816e-06
7.619248208357021213e-06
7.618899417138891295e-06
7.618536074005533010e-06
7.618175459356280044e-06
7.617809842486167327e-06
7.617471055709756911e-06
7.617106803081696853e-06
7.616752554895356297e-06
7.616407856403384358e-06
7.616054972459096462e-06
7.615713911945931613e-06
7.615361937496345490e-06
7.615015420014970005e-06
7.614661626575980335e-06
7.614318292326061055e-06
7.613974503328790888e-06
7.613623438373906538e-06
7.613265552208758891e-06
7.612927220179699361e-06
7.612581612193025649e-06
7.612228728248737752e-06
7.611883120262064040e-06
7.611527507833670825e-06
7.611166438437066972e-06
7.610809916513971984e-06
7.610449756612069905e-06
7.610100055899238214e-06
7.609748990944353864e-06
7.609392923768609762e-06
7.609032763866707683e-06
7.608672603964805603e-06
7.608325176988728344e-06
7.607958650623913854e-06
7.607604857184924185e-06
7.607254701724741608e-06
7.606905455759260803e-06
7.606551662320271134e-06
7.606198778375983238e-06
7.605843165947590023e-06
7.605483460793038830e-06
7.605141036037821323e-06
7.604794518556445837e-06
7.604455277032684535e-06
7.604108304803958163e-06
7.603763151564635336e-06
7.603419362567365170e-06
7.603074664075393230e-06
7.602721780131105334e-06
7.602387086080852896e-06
7.602056939504109323e-06
7.601714514748891816e-06
7.601372544741025195e-06
7.601037850690772757e-06
7.600697244924958795e-06
7.600350727443583310e-06
7.600018307130085304e-06
7.599690434290096164e-06
7.599356649734545499e-06
7.599022865178994834e-06
7.598684078402584419e-06
7.598353022331139073e-06
7.598022421007044613e-06
7.597679996251827106e-06
7.597346666443627328e-06
7.597006515425164253e-06
7.596678187837824225e-06
7.596345312776975334e-06
7.595999704790301621e-06
7.595663191750645638e-06
7.595325769216287881e-06
7.594981070724315941e-06
7.594631824758835137e-06
7.594281669298652560e-06
7.593947429995751008e-06
7.593601367261726409e-06
7.593235750391613692e-06
7.592889232910238206e-06
7.592565452796407044e-06
7.592222573293838650e-06
7.591871963086305186e-06
7.591523171868175268e-06
7.591163466713624075e-06
7.590835593873634934e-06
7.590479071950539947e-06
7.590113909827778116e-06
7.589758752146735787e-06
7.589429969812044874e-06
7.589086635562125593e-06
7.588729204144328833e-06
7.588382686662953347e-06
7.588033440697472543e-06
7.587691015942255035e-06
7.587326763314194977e-06
7.586987976537784562e-06
7.586635547340847552e-06
7.586282663396559656e-06
7.585929779452271760e-06
7.585585990455001593e-06
7.585230832773959264e-06
7.584875675092916936e-06
7.584518243675120175e-06
7.584160357509972528e-06
7.583812021039193496e-06
7.583461410831660032e-06
7.583105798403266817e-06
7.582751095469575375e-06
7.582397302030585706e-06
7.582048056065104902e-06
7.581683348689693958e-06
7.581328645756002516e-06
7.580982128274627030e-06
7.580642886750865728e-06
7.580288183817174286e-06
7.579944394819904119e-06
7.579600151075283065e-06
7.579260454804170877e-06
7.578943495900603011e-06
7.578616987302666530e-06
7.578275926789501682e-06
7.577923497592564672e-06
7.577582891826750711e-06
7.577274573122849688e-06
7.576912139484193176e-06
7.576577445433940738e-06
7.576260031783021986e-06
7.575916242785751820e-06
7.575574272777885199e-06
7.575224117317702621e-06
7.574867595394607633e-06
7.574517439934425056e-06
7.574196843052050099e-06
7.573835318908095360e-06
7.573498351121088490e-06
7.573158654849976301e-06
7.572825779789127409e-06
7.572466529381927103e-06
7.572125468868762255e-06
7.571787591587053612e-06
7.571442438347730786e-06
7.571091828140197322e-06
7.570748948637628928e-06
7.570415164082078263e-06
7.570068191853351891e-06
7.569712579424958676e-06
7.569382432848215103e-06
7.569035460619488731e-06
7.568695309601025656e-06
7.568348337372299284e-06
7.568008186353836209e-06
7.567669854324776679e-06
7.567330612801015377e-06
7.566980457340832800e-06
7.566637123090913519e-06
7.566287422378081828e-06
7.565955456811934710e-06
7.565613486804068089e-06
7.565278792753815651e-06
7.564936822745949030e-06
7.564597581222187728e-06
7.564251063740812242e-06
7.563900908280629665e-06
7.563551207567797974e-06
7.563213330286089331e-06
7.562885002698749304e-06
7.562536211480619386e-06
7.562189239251893014e-06
7.561832717328798026e-06
7.561478014395106584e-06
7.561137863376643509e-06
7.560790436400566250e-06
7.560443009424488991e-06
7.560088306490797549e-06
7.559754521935246885e-06
7.559398000012151897e-06
7.559051027783425525e-06
7.558707693533506244e-06
7.558361176052130759e-06
7.558017387054860592e-06
7.557665412605274469e-06
7.557317076134495437e-06
7.556979653600137681e-06
7.556640412076376379e-06
7.556292075605597347e-06
7.555944193882169202e-06
7.555606771347811446e-06
7.555254796898225322e-06
7.554929652542341501e-06
7.554588137281825766e-06
7.554237527074292302e-06
7.553894192824373022e-06
7.553559044026769698e-06
7.553214345534797758e-06
7.552873285021632910e-06
7.552536771981976926e-06
7.552188435511197895e-06
7.551844646513927728e-06
7.551505404990166426e-06
7.551177077402826399e-06
7.550816917500924319e-06
7.550500868092058226e-06
7.550148438895121217e-06
7.549813744844868779e-06
7.549459951405879110e-06
7.549124802608275786e-06
7.548788744315970689e-06
7.548437679361086339e-06
7.548086614406201988e-06
7.547757377324160188e-06
7.547425411758013070e-06
7.547086170234251767e-06
7.546711458417121321e-06
7.546379492850974202e-06
7.546042070316616446e-06
7.545688276877626777e-06
7.545345397375058383e-06
7.545008429588051513e-06
7.544670097558991984e-06
7.544326763309072703e-06
7.543987521785311401e-06
7.543647370766848326e-06
7.543306765001034364e-06
7.542952516814693809e-06
7.542608727817423642e-06
7.542266303062206134e-06
7.541937520727515221e-06
7.541596460214350373e-06
7.541247668996220455e-06
7.540917067672125995e-06
7.540563728980487213e-06
7.540234946645796299e-06
7.539891157648526132e-06
7.539550551882712170e-06
7.539210400864249095e-06
7.538866157119628042e-06
7.538529644079972059e-06
7.538192221545614302e-06
7.537856618000660092e-06
7.537512829003389925e-06
7.537176315963733941e-06
7.536838893429376185e-06
7.536502380389720201e-06
7.536164957855362445e-06
7.535824806836899370e-06
7.535487384302541614e-06
7.535144504799973220e-06
7.534802534792106599e-06
7.534468750236555934e-06
7.534126780228689313e-06
7.533777534263208508e-06
7.533447387686464936e-06
7.533113148383563384e-06
7.532774816354503855e-06
7.532426025136373937e-06
7.532092695328174159e-06
7.531752999057061970e-06
7.531413302785949782e-06
7.531088158430065960e-06
7.530747552664251998e-06
7.530414222856052220e-06
7.530070888606132939e-06
7.529734830313827842e-06
7.529391041316557676e-06
7.529050890298094600e-06
7.528721653216052800e-06
7.528376954724080861e-06
7.528044534410582855e-06
7.527695288445102051e-06
7.527364687121007591e-06
7.527027264586649835e-06
7.526692115789046511e-06
7.526344234065618366e-06
7.526013177994173020e-06
7.525678029196569696e-06
7.525333785451948643e-06
7.525005457864608616e-06
7.524665306846145540e-06
7.524333341279998422e-06
7.523994554503588006e-06
7.523660315200686455e-06
7.523325621150434017e-06
7.522991381847532466e-06
7.522657142544630915e-06
7.522306987084448338e-06
7.521981387981213629e-06
7.521643055952154100e-06
7.521317911596270278e-06
7.520974577346350998e-06
7.520642611780203879e-06
7.520311555708758533e-06
7.519956398027716205e-06
7.519645805587060750e-06
7.519309292547404766e-06
7.518964139308081940e-06
7.518637175962794572e-06
7.518300662923138589e-06
7.517966423620237038e-06
7.517628546338528395e-06
7.517261110479012132e-06
7.516929144912865013e-06
7.516586265410296619e-06
7.516255209338851273e-06
7.515915058320388198e-06
7.515583092754241079e-06
7.515247489209286869e-06
7.514917342632543296e-06
7.514574463129974902e-06
7.514249773521441966e-06
7.513905075029470026e-06
7.513574928452726454e-06
7.513233867939561605e-06
7.512898264394607395e-06
7.512568117817863822e-06
7.512217962357681245e-06
7.511891453759744763e-06
7.511549483751878142e-06
7.511193416576134041e-06
7.510873729188460857e-06
7.510531759180594236e-06
7.510183422709815204e-06
7.509850092901615426e-06
7.509514034609310329e-06
7.509159331675618887e-06
7.508806447731330991e-06
7.508467206207569689e-06
7.508125690947053954e-06
7.507792361138854176e-06
7.507437658205162734e-06
7.507102054660208523e-06
7.506764632125850767e-06
7.506419933633878827e-06
7.506074780394556001e-06
7.505731900891987607e-06
7.505388566642068326e-06
7.505046141886850819e-06
7.504712812078651041e-06
7.504363566113170236e-06
7.504017048631794751e-06
7.503676897613331676e-06
7.503339020331623033e-06
7.502997959818458185e-06
7.502642802137415856e-06
7.502308562834514305e-06
7.501961590605787933e-06
7.501620984839973971e-06
7.501273103116545826e-06
7.500923857151065022e-06
7.500583706132601947e-06
7.500234460167121142e-06
7.499875209759920835e-06
7.499538696720264852e-06
7.499191269744187593e-06
7.498840204789303243e-06
7.498483682866208255e-06
7.498130798921920359e-06
7.497773367504123598e-06
7.497421847801888362e-06
7.497073056583758444e-06
7.496713806176558137e-06
7.496357284253463149e-06
7.495998943340964615e-06
7.495657428080448881e-06
7.495298632420599461e-06
7.494941655750153586e-06
7.494587862311163917e-06
7.494234523619525135e-06
7.493883458664640784e-06
7.493524208257440478e-06
7.493168595829047263e-06
7.492817076126812026e-06
7.492447366530541331e-06
7.492093573091551661e-06
7.491747965104877949e-06
7.491381438740063459e-06
7.491024007322266698e-06
7.490668394893873483e-06
7.490318239433690906e-06
7.489952167816227302e-06
7.489600648113992065e-06
7.489249128411756828e-06
7.488883056794293225e-06
7.488540177291724831e-06
7.488175469916313887e-06
7.487826223950833082e-06
7.487466973543632776e-06
7.487120001314906403e-06
7.486749382223933935e-06
7.486393315048189834e-06
7.486031790904235095e-06
7.485656624339753762e-06
7.485297373932553455e-06
7.484932211809791625e-06
7.484559318982064724e-06
7.484174147975863889e-06
7.483816261810716242e-06
7.483448825951199979e-06
7.483069566660560668e-06
7.482699402316939086e-06
7.482334694941528141e-06
7.481967713829362765e-06
7.481601642211899161e-06
7.481231932615628466e-06
7.480857675545848906e-06
7.480484782718122005e-06
7.480120984837412834e-06
7.479741725546773523e-06
7.479371561203151941e-06
7.478997304133372381e-06
7.478623956558294594e-06
7.478260158677585423e-06
7.477889084839262068e-06
7.477527105947956443e-06
7.477141934941755608e-06
7.476784048776607960e-06
7.476403879991266876e-06
7.476039172615855932e-06
7.475663551304023713e-06
7.475288839486893266e-06
7.474912308680359274e-06
7.474540325347334146e-06
7.474165613530203700e-06
7.473780897271353751e-06
7.473406185454223305e-06
7.473027835658285767e-06
7.472653123841155320e-06
7.472280231013428420e-06
7.471962817362509668e-06
7.471588560292730108e-06
7.471211574738845229e-06
7.470827313227346167e-06
7.470457603631075472e-06
7.470090167771559209e-06
7.469705451512709260e-06
7.469338925147894770e-06
7.468968306056922302e-06
7.468598596460651606e-06
7.468223884643521160e-06
7.467857813026057556e-06
7.467489922419190407e-06
7.467122486559674144e-06
7.466755960194859654e-06
7.466386705345939845e-06
7.466018359991721809e-06
7.465637281711678952e-06
7.465264388883952051e-06
7.464888767572119832e-06
7.464498594345059246e-06
7.464109330612700433e-06
7.463730526069412008e-06
7.463355359504930675e-06
7.462981557182502002e-06
7.462600024155108258e-06
7.462225312337977812e-06
7.461843324563233182e-06
7.461470886482857168e-06
7.461102541128639132e-06
7.460721008101245388e-06
7.460347660526167601e-06
7.459968401235528290e-06
7.459581865987274796e-06
7.459193511749617755e-06
7.458826075890101492e-06
7.458430900442181155e-06
7.458050276909489185e-06
7.457668289134744555e-06
7.457282663381192833e-06
7.456905223079957068e-06
7.456526873284019530e-06
7.456166713382117450e-06
7.455782906617969275e-06
7.455406830558786169e-06
7.455032573489006609e-06
7.454665592376841232e-06
7.454288152075605467e-06
7.453919351974036545e-06
7.453546004398958758e-06
7.453178568539442495e-06
7.452810223185224459e-06
7.452432782883988693e-06
7.452076715708244592e-06
7.451710644090780988e-06
7.451342753483913839e-06
7.450974862877046689e-06
7.450598786817863584e-06
7.450225893990136683e-06
7.449863005604129285e-06
7.449501026712823659e-06
7.449120857927482575e-06
7.448756605299422517e-06
7.448389624187257141e-06
7.448017640854232013e-06
7.447638381563592702e-06
7.447286407114006579e-06
7.446919880749192089e-06
7.446547442668816075e-06
