9.085226338356733322e-06
7.467833929695188999e-04
2.945494605228304863e-03
1.805747742764651775e-04
8.957578102126717567e-04
1.504866173490881920e-03
9.159793844446539879e-04
1.474194577895104885e-04
2.062057901639491320e-04
7.287656189873814583e-04
5.519228870980441570e-04
2.166236808989197016e-04
2.858508960343897343e-04
2.559980785008519888e-04
1.587989099789410830e-04
2.302597567904740572e-04
2.658389275893568993e-04
2.650873502716422081e-04
2.643219777382910252e-04
2.689996035769581795e-04
2.687051892280578613e-04
2.446895232424139977e-04
1.950133591890335083e-04
1.403734204359352589e-04
9.876421972876414657e-05
6.882681918796151876e-05
4.701113357441499829e-05
3.631965228123590350e-05
4.355759301688522100e-05
5.876278373762033880e-05
6.349926115944981575e-05
5.531779970624484122e-05
4.498537600738927722e-05
4.754134715767577291e-05
4.768069629790261388e-05
3.688159995363093913e-05
2.772175685095135123e-05
2.469009996275417507e-05
2.214363848906941712e-05
1.986286042665597051e-05
2.098279583151452243e-05
2.274180769745726138e-05
2.168191895179916173e-05
1.974853148567490280e-05
1.934765532496385276e-05
1.868832987383939326e-05
1.685515599092468619e-05
1.592726039234548807e-05
1.617996531422249973e-05
1.574852285557426512e-05
1.469123708375263959e-05
1.414882171957287937e-05
1.357508244836935773e-05
1.225505366164725274e-05
1.120562046708073467e-05
1.093761784431990236e-05
1.073730163625441492e-05
1.066640834324061871e-05
1.118626732932170853e-05
1.165271260106237605e-05
1.160973170044599101e-05
1.152690310846082866e-05
1.132236593548441306e-05
1.071893620974151418e-05
1.019614683173131198e-05
9.995143045671284199e-06
9.809466064325533807e-06
9.728766599437221885e-06
9.883395250653848052e-06
9.941896678355988115e-06
9.835397577262483537e-06
9.767131814442109317e-06
9.648294508224353194e-06
9.456289262743666768e-06
9.408571713720448315e-06
9.426817996427416801e-06
9.409988706465810537e-06
9.456983207201119512e-06
9.490491720498539507e-06
9.417237379238940775e-06
9.340197721030563116e-06
9.273604518966749310e-06
9.179931112157646567e-06
9.147133823717013001e-06
9.170704288408160210e-06
9.183757356368005276e-06
9.213546945829875767e-06
9.236153346137143672e-06
9.206873073708266020e-06
9.170435077976435423e-06
9.133867933996953070e-06
9.087292710319161415e-06
9.067812243301887065e-06
9.066454367712140083e-06
9.063071047421544790e-06
9.072973625734448433e-06
9.077802133106160909e-06
9.067156497621908784e-06
9.060546290129423141e-06
9.049706932273693383e-06
9.037258678290527314e-06
9.036002666107378900e-06
9.034258255269378424e-06
9.031770787260029465e-06
9.032278285303618759e-06
9.025990038935560733e-06
9.018041964736767113e-06
9.012164809973910451e-06
9.004382263810839504e-06
9.000624231703113765e-06
8.999901183415204287e-06
8.998220437206327915e-06
8.998725206765811890e-06
8.997880286187864840e-06
8.994561540021095425e-06
8.991986760520376265e-06
8.987699402496218681e-06
8.983748557511717081e-06
8.981183782452717423e-06
8.978315236163325608e-06
8.976651770353782922e-06
8.975212040240876377e-06
8.973047442850656807e-06
8.971343959274236113e-06
8.969181180873420089e-06
8.966972018242813647e-06
8.965256711235269904e-06
8.963284926721826196e-06
8.961589628597721457e-06
8.960018021753057837e-06
8.958173566497862339e-06
8.956611054600216448e-06
8.954790246207267046e-06
8.953055839810986072e-06
8.951473319029901177e-06
8.949733455665409565e-06
8.948152753873728216e-06
8.946610250859521329e-06
8.945033187046647072e-06
8.943549801188055426e-06
8.941875421442091465e-06
8.940380212152376771e-06
8.938765859056729823e-06
8.937126040109433234e-06
8.935594451031647623e-06
8.934042853070423007e-06
8.932630407798569649e-06
8.931217962526716292e-06
8.929773684940300882e-06
8.928347597247920930e-06
8.926685040933080018e-06
8.925201655074488372e-06
8.923722816689405590e-06
8.922243068809621036e-06
8.920828804548364133e-06
8.919380888983141631e-06
8.917978448153007776e-06
8.916567821870557964e-06
8.915169928513932973e-06
8.913748388295061886e-06
8.912349585443735123e-06
8.910961696528829634e-06
8.909595635486766696e-06
8.908231393434107304e-06
8.906881703296676278e-06
8.905534741643350571e-06
8.904191417968831956e-06
8.902843546820804477e-06
8.901517503545619547e-06
8.900202374206855893e-06
8.898886335373390466e-06
8.897599400370381773e-06
8.896308827388565987e-06
8.895000974007416517e-06
8.893708582036197186e-06
8.892417099559679627e-06
8.891147444956004620e-06
8.889861419447697699e-06
8.888609045243356377e-06
8.887356671039015055e-06
8.886107025318779051e-06
8.884866474545560777e-06
8.883634109224658459e-06
8.882405381882563233e-06
8.881183930498082191e-06
8.879963388608302921e-06
8.878750122676137835e-06
8.877548680175095797e-06
8.876339961716439575e-06
8.875141247699502856e-06
8.873969818523619324e-06
8.872797479853034019e-06
8.871637874108273536e-06
8.870470082911197096e-06
8.869312296155840158e-06
8.868173608789220452e-06
8.867033102433197200e-06
8.865900781529489905e-06
8.864759365678764880e-06
8.863649782142601907e-06
8.862523827701807022e-06
8.861963578965514898e-06
8.861406968208029866e-06
8.860855814418755472e-06
8.860291018208954483e-06
8.859739864419680089e-06
8.859187801135703921e-06
8.858637556841131300e-06
8.858087312546558678e-06
8.857546163199003786e-06
8.856984095473308116e-06
8.856438398652244359e-06
8.855900887283496559e-06
8.855355190462432802e-06
8.854807674651965499e-06
8.854252882883884013e-06
8.853706276568118483e-06
8.853163308231160045e-06
8.852624887367710471e-06
8.852073733578436077e-06
8.851536222209688276e-06
8.850992344378028065e-06
8.850448466546367854e-06
8.849896403262391686e-06
8.849359801388345659e-06
8.848807738104369491e-06
8.848265679262112826e-06
8.847723620419856161e-06
8.847186109051108360e-06
8.846629498293623328e-06
8.846086529956664890e-06
8.845549018587917089e-06
8.844997864798642695e-06
8.844453986966982484e-06
8.843918294587638229e-06
8.843367140798363835e-06
8.842836905387230217e-06
8.842287570587359369e-06
8.841751878208015114e-06
8.841205271892249584e-06
8.840672307997010648e-06
8.840135706122964621e-06
8.839592737786006182e-06
8.839055226417258382e-06
8.838514077069703490e-06
8.837981113174464554e-06
8.837445420795120299e-06
8.836912456899881363e-06
8.836369488562922925e-06
8.835831067699473351e-06
8.835299922793637961e-06
8.834757863951381296e-06
8.834229447529651225e-06
8.833691026666201651e-06
8.833159881760366261e-06
8.832614184939302504e-06
8.832091225485783070e-06
8.831542800180613995e-06
8.831002560327760875e-06
8.830465958453714848e-06
8.829936632537283003e-06
8.829394573695026338e-06
8.828845238895155489e-06
8.828306818031705916e-06
8.827772944641765207e-06
8.827219062368385494e-06
8.826682460494339466e-06
8.826145858620293438e-06
8.825599252304527909e-06
8.825056283967569470e-06
8.824517863104119897e-06
8.823973985272459686e-06
8.823436473903711885e-06
8.822908966976683587e-06
8.822357813187409192e-06
8.821820301818661392e-06
8.821282790449913591e-06
8.820748917059972882e-06
8.820212315185926855e-06
8.819672075333073735e-06
8.819140930427238345e-06
8.818603419058490545e-06
8.818057722237426788e-06
8.817540219752117991e-06
8.816999070404563099e-06
8.816467925498727709e-06
8.815938599582295865e-06
8.815401088213548064e-06
8.814865395834203809e-06
8.814327884465456009e-06
8.813809472485445440e-06
8.813273780106101185e-06
8.812733540253248066e-06
8.812206033326219767e-06
8.811677616904489696e-06
8.811146471998654306e-06
8.810600775177590549e-06
8.810065992292948067e-06
8.809538485365919769e-06
8.809005521470680833e-06
8.808466191112529486e-06
8.807953236100729555e-06
8.807418453216087073e-06
8.806880941847339272e-06
8.806357982393819839e-06
8.805826837487984449e-06
8.805295692582149059e-06
8.804763638181611896e-06
8.804237950243987143e-06
8.803716809779871255e-06
8.803189302852842957e-06
8.802664524409919977e-06
8.802126103546470404e-06
8.801597687124740332e-06
8.801074727671220899e-06
8.800549949228297919e-06
8.800024261290673167e-06
8.799499482847750187e-06
8.798975613899528980e-06
8.798445378488395363e-06
8.797917871561367065e-06
8.797394912107847631e-06
8.796881957096047699e-06
8.796343536232598126e-06
8.795814210316166282e-06
8.795289431873243302e-06
8.794747373030986637e-06
8.794222594588063657e-06
8.793691449682228267e-06
8.793153938313480467e-06
8.792630978859961033e-06
8.792099833954125643e-06
8.791574146016500890e-06
8.791043001110665500e-06
8.790514584688935429e-06
8.789977073320187628e-06
8.789449566393159330e-06
8.788931154413148761e-06
8.788388186076190323e-06
8.787860679149162024e-06
8.787328624748624861e-06
8.786800208326894790e-06
8.786275429883971810e-06
8.785740646999329329e-06
8.785205864114686847e-06
8.784663805272430182e-06
8.784132660366594791e-06
8.783595148997846991e-06
8.783048542682081461e-06
8.782484655966982245e-06
8.781928954704198986e-06
8.781388714851345867e-06
8.780851203482598066e-06
8.780307325650937855e-06
8.779757990851067007e-06
8.779234121902845800e-06
8.778682058618869632e-06
8.778139090281911194e-06
8.777577022556215525e-06
8.777017683314625174e-06
8.776461072557140142e-06
8.775889909884426743e-06
8.775331480137538165e-06
8.774788511800579727e-06
8.774244633968919516e-06
8.773682566243223846e-06
8.773107765591703355e-06
8.772532055445481092e-06
8.771986358624417335e-06
8.771414286457002163e-06
8.770866770646534860e-06
8.770311069383751601e-06
8.769745363679248840e-06
8.769192390900570899e-06
8.768623047217261046e-06
8.768060069996863604e-06
8.767496183281764388e-06
8.766943210503086448e-06
8.766395694692619145e-06
8.765842721913941205e-06
8.765293387114070356e-06
8.764753147261217237e-06
8.764206540945451707e-06
8.763672667555510998e-06
8.763136065681464970e-06
8.762604011280927807e-06
8.762069228396285325e-06
8.761525350564625114e-06
8.760984201217070222e-06
8.760456694290041924e-06
8.759927368373610079e-06
8.759378943068441004e-06
8.758843250689096749e-06
8.758304829825647175e-06
8.757761861488688737e-06
8.757214345678221434e-06
8.756669558351859450e-06
8.756130227993708104e-06
8.755583621677942574e-06
8.755034286878071725e-06
8.754486771067604423e-06
8.754219379625283182e-06
8.753957445151172578e-06
8.753683687245938927e-06
8.753421752771828324e-06
8.753151632845401764e-06
8.752878784434869885e-06
8.752616849960759282e-06
8.752350368013139814e-06
8.752078429097309709e-06
8.751822861086111516e-06
8.751549103180877864e-06
8.751299901632592082e-06
8.751036148169077933e-06
8.750771485210862011e-06
8.750511369726154953e-06
8.750264896661974490e-06
8.750004781177267432e-06
8.749743756197858602e-06
8.749475455260835588e-06
8.749220796744339168e-06
8.748953405302017927e-06
8.748691470827907324e-06
8.748435902816709131e-06
8.748168511374387890e-06
8.747897481953259557e-06
8.747630090510938317e-06
8.747373613005038351e-06
8.747101674089208245e-06
8.746848834562115371e-06
8.746578714635688812e-06
8.746321327635087073e-06
8.746052117203362286e-06
8.745790182729251683e-06
8.745533705223351717e-06
8.745279956201557070e-06
8.745006198296323419e-06
8.744740625843405724e-06
8.744475962885189801e-06
8.744208571442868561e-06
8.743956641410477459e-06
8.743689249968156219e-06
8.743426405999343842e-06
8.743150829104706645e-06
8.742897989577613771e-06
8.742627869651187211e-06
8.742368663661181927e-06
8.742099453229457140e-06
8.741824785829521716e-06
8.741561032366007566e-06
8.741302735870704055e-06
8.741048077354207635e-06
8.740784323890693486e-06
8.740522389416582882e-06
8.740247722016647458e-06
8.739978511584922671e-06
8.739721124584320933e-06
8.739455552131403238e-06
8.739195436646696180e-06
8.738935321161989123e-06
8.738661563256755471e-06
8.738405085750855505e-06
8.738130418350920081e-06
8.737871212360914797e-06
8.737609277886804193e-06
8.737342795939184725e-06
8.737086318433284760e-06
8.736813470022752881e-06
8.736554264032747597e-06
8.736278687138110399e-06
8.736022209632210433e-06
8.735758456168696284e-06
8.735498340683989227e-06
8.735231858736369759e-06
8.734954462852329016e-06
8.734694347367621958e-06
8.734433322388213128e-06
8.734165930945891887e-06
8.733890354051254690e-06
8.733626600587740541e-06
8.731438356335274875e-06
8.731170964892953634e-06
8.730898116482421756e-06
8.730625268071889877e-06
8.730367881071288139e-06
8.730105037102475762e-06
8.729837645660154521e-06
8.729568435228429735e-06
8.729302862775512040e-06
8.729030923859681934e-06
8.728775355848483741e-06
8.728506145416758955e-06
8.728238753974437714e-06
8.727969543542712927e-06
8.727715794520918280e-06
8.727442036615684628e-06
8.727180102141574025e-06
8.726917258172761649e-06
8.726644409762229770e-06
8.726387022761628032e-06
8.726130545255728066e-06
8.725854058866389096e-06
8.725589395908173174e-06
8.725324732949957252e-06
8.725070983928162605e-06
8.724805411475244910e-06
8.724538929527625442e-06
8.724268809601198882e-06
8.724009603611193597e-06
8.723746759642381221e-06
8.723481187189463526e-06
8.723206519789528102e-06
8.722951861273031682e-06
8.722689017304219306e-06
8.722418897377792746e-06
8.722150596440769732e-06
8.721890480956062675e-06
8.721631274966057390e-06
8.721354788576718420e-06
8.721088306629098952e-06
8.720817277207970619e-06
8.720553523744456470e-06
8.720300684217363596e-06
8.720034202269744128e-06
8.719760444364510477e-06
8.719498509890399873e-06
8.719232027942780405e-06
8.718967364984564483e-06
8.718691788089927286e-06
8.718427125131711364e-06
8.718153367226477712e-06
8.717903256183490157e-06
8.717623131815344095e-06
8.717353921383619308e-06
8.717090167920105159e-06
8.716824595467187464e-06
8.716549928067252040e-06
8.716278898646123707e-06
8.716013326193206012e-06
8.715747753740288317e-06
8.715482181287370622e-06
8.715214789845049381e-06
8.714947398402728140e-06
8.714670002518687397e-06
8.714406249055173248e-06
8.714133400644641370e-06
8.713870556675828993e-06
8.713594979781191796e-06
8.713328497833572328e-06
8.713060196896549314e-06
8.712799171917140484e-06
8.712525414011906832e-06
8.712252565601374954e-06
8.711982445674948394e-06
8.711716873222030699e-06
8.711453119758516550e-06
8.711188456800300628e-06
8.710915608389768749e-06
8.710652764420956373e-06
8.710385372978635132e-06
8.710118891031015664e-06
8.709849680599290878e-06
8.709578651178162545e-06
8.709312169230543077e-06
8.709054782229941338e-06
8.708779205335304141e-06
8.708512723387684673e-06
8.708240784471854568e-06
8.707985216460656375e-06
8.707720553502440453e-06
8.707448614586610347e-06
8.707175766176078469e-06
8.706907465239055455e-06
8.706648259249050170e-06
8.706385415280237794e-06
8.706107109901495278e-06
8.705842446943279356e-06
8.705583240953274071e-06
8.705306754563935101e-06
8.705045729584526271e-06
8.704772881173994392e-06
8.704504580236971378e-06
8.704238098289351910e-06
8.703973435331135988e-06
8.703701496415305883e-06
8.703437742951791734e-06
8.703178536961786449e-06
8.702914783498272300e-06
8.702638297108933330e-06
8.702374543645419180e-06
8.702108061697799712e-06
8.701847036718390882e-06
8.701579645276069641e-06
8.701307706360239536e-06
8.701047590875532478e-06
8.700777470949105918e-06
8.700511898496188223e-06
8.700247235537972301e-06
8.699973477632738650e-06
8.699700629222206771e-06
8.699452337168622762e-06
8.699308637005742639e-06
8.699186764715705067e-06
8.699033060111105442e-06
8.698901183379348367e-06
8.698775673110503703e-06
8.698650162841659039e-06
8.698508281668182462e-06
8.698367309989407659e-06
8.698234523762948811e-06
8.698105375515297055e-06
8.697972589288838208e-06
8.697839803062379360e-06
8.697703378857113421e-06
8.697568773641251028e-06
8.697435077920090407e-06
8.697293196746613830e-06
8.697155863046646118e-06
8.697028533788397908e-06
8.696883924130816013e-06
8.696758413861971349e-06
8.696621080162003636e-06
8.696484655956737697e-06
8.696355507709085941e-06
8.696207260072696954e-06
8.696080840309150517e-06
8.695940778125077486e-06
8.695799806446302682e-06
8.695671567693352699e-06
8.695524229551665485e-06
8.695396900293417275e-06
8.695258657098747790e-06
8.695124051882885396e-06
8.694981261214707047e-06
8.694841199030634016e-06
8.694707503309473395e-06
8.694573807588312775e-06
8.694436473888345063e-06
8.694288226251956075e-06
8.694147254573181272e-06
8.694016287336125970e-06
8.693877134646754712e-06
8.693742529430892318e-06
8.693599738762713969e-06
8.693462405062746257e-06
8.693317795405164361e-06
8.693189556652214378e-06
8.693044037499930710e-06
8.692910341778770089e-06
8.692773917573504150e-06
8.692630217410624027e-06
8.692490155226550996e-06
8.692353731021285057e-06
8.692218216310720891e-06
8.692074516147840768e-06
8.691931725479662418e-06
8.691800758242607117e-06
8.691662515047937632e-06
8.691522452863864601e-06
8.691376933711580932e-06
8.691237781022209674e-06
8.691095899848733097e-06
8.690958566148765385e-06
8.690818503964692354e-06
8.690677532285917550e-06
8.690547474543564022e-06
8.690399226907175034e-06
8.690266440680716187e-06
8.690123650012537837e-06
8.689979040354955941e-06
8.689836249686777592e-06
8.689704372955020517e-06
8.689556125318631530e-06
8.689418791618663818e-06
8.689281457918696105e-06
8.689138667250517756e-06
8.689000424055848271e-06
8.688847628945950419e-06
8.688706657267175615e-06
8.688566595083102584e-06
8.688430170877836645e-06
8.688282832736149430e-06
8.688142770552076399e-06
8.688000889378599823e-06
8.687857189215719700e-06
8.687712579558137804e-06
8.687575245858170092e-06
8.687428817211184651e-06
8.687292393005918711e-06
8.687149602337740362e-06
8.687006811669562012e-06
8.686864021001383662e-06
8.686725777806714177e-06
8.686583896633237600e-06
8.686445653438568115e-06
8.686296496307477355e-06
8.686159162607509643e-06
8.686010005476418883e-06
8.685868124302942306e-06
8.685708962730132043e-06
8.685570719535462558e-06
8.685432476340793073e-06
8.685280590725596994e-06
8.685135981068015099e-06
8.685005013830959797e-06
8.684853128215763718e-06
8.684716704010497779e-06
8.684570275363512337e-06
8.684416570758912712e-06
8.684277418069541454e-06
8.684135536896064878e-06
8.683990017743781209e-06
8.683837222633883357e-06
8.683700798428617418e-06
8.683545274834614247e-06
8.683417036081664264e-06
8.683259693498257548e-06
8.683120540808886290e-06
8.682975931151304394e-06
8.682823136041406542e-06
8.682680345373228192e-06
8.682535735715646297e-06
8.682389307068660855e-06
8.682241968926973641e-06
8.682093721290584654e-06
8.681969120516441762e-06
8.681811777933035046e-06
8.681674444233067334e-06
8.681528925080783665e-06
8.681385224917903543e-06
8.681243343744426966e-06
8.681106010044459254e-06
8.680955943418666720e-06
8.680826795171014965e-06
8.680671271577011794e-06
8.680528480908833444e-06
8.680392056703567505e-06
8.680251994519494474e-06
8.680094651936087757e-06
8.679961865709628910e-06
8.679814527567941695e-06
8.679679012857377529e-06
8.679518032295163721e-06
8.679383427079301327e-06
8.679245183884631842e-06
8.679098755237646401e-06
8.678953236085362732e-06
8.678810445417184383e-06
8.678674930706620216e-06
8.678526683070231229e-06
8.678378435433842242e-06
8.678232006786856800e-06
8.678088306623976678e-06
8.677939149492885917e-06
8.677796358824707568e-06
8.677654477651230991e-06
8.677508049004245549e-06
8.677373443788383156e-06
8.677216101204976439e-06
8.677066944073885679e-06
8.676926881889812648e-06
8.676777724758721888e-06
8.676637662574648857e-06
8.676493962411768734e-06
8.676351171743590385e-06
8.676206562086008489e-06
8.676050128997303545e-06
8.675910976307932287e-06
8.675768185639753938e-06
8.675623575982172042e-06
8.675484423292800784e-06
8.675335266161710024e-06
8.675184290041215718e-06
8.675052413309458643e-06
8.674898708704859018e-06
8.674754099047277123e-06
8.674601303937379271e-06
8.674457603774499148e-06
8.674321179569233209e-06
8.674182026879861951e-06
8.674027412780560553e-06
8.673881893628276885e-06
8.673733645991887897e-06
8.673578122397884727e-06
8.673436241224408150e-06
8.673289812577422708e-06
8.673146112414542586e-06
8.672991498315241188e-06
8.672847798152361065e-06
8.672703188494779170e-06
8.672557669342495501e-06
8.672405783727299422e-06
8.672268450027331710e-06
8.672112926433328539e-06
8.671959221828728914e-06
8.671826435602270067e-06
8.671680916449986398e-06
8.671524483361281455e-06
8.671378054714296013e-06
8.671224350109696388e-06
8.671080649946816266e-06
8.670774150232318789e-06
8.670844181324355304e-06
8.670867828186601400e-06
8.670809620525687933e-06
8.670742317917756736e-06
8.670660463394597173e-06
8.670569513924419880e-06
8.670500392327085137e-06
8.670425813761539757e-06
8.670351235195994377e-06
8.670289389556273818e-06
8.670202987559605390e-06
8.670131137478165329e-06
8.670042916492093354e-06
8.669982889841776341e-06
8.669900125823915005e-06
8.669831004226580262e-06
8.669760063639841974e-06
8.669670023664366454e-06
8.669607268529944122e-06
8.669522685522679240e-06
8.669447197462432086e-06
8.669380804349202663e-06
8.669069757161196321e-06
8.668986993143334985e-06
8.669142516737338156e-06
8.669069757161196321e-06
8.668995178595650941e-06
8.668916962051298469e-06
8.668759619467891753e-06
8.668683221912942827e-06
8.668610462336800992e-06
8.668533155287150294e-06
8.668460395711008459e-06
8.668382179166655988e-06
8.668310329085215926e-06
8.668237569509074092e-06
8.668147529533598572e-06
8.668082955409772694e-06
8.668009286338929087e-06
8.667921974847558886e-06
8.667846486787311733e-06
8.667772817716468126e-06
8.667710062582045794e-06
8.667622751090675592e-06
8.667551810503937304e-06
8.667471774970181286e-06
8.667397196404635906e-06
8.667322617839090526e-06
8.667245310789439827e-06
8.667166184750385582e-06
8.667094334668945521e-06
8.667010661156382412e-06
8.666936082590837032e-06
8.666861504025291651e-06
8.666791472933255136e-06
8.666700523463077843e-06
8.666635039844550192e-06
8.666560461279004812e-06
8.666474059282336384e-06
8.666407666169106960e-06
8.666318535688333213e-06
8.666249414090998471e-06
8.666173016536049545e-06
8.666092981002293527e-06
8.666018402436748147e-06
8.665948371344711632e-06
8.665866516821552068e-06
8.665785571793094277e-06
8.665705536259338260e-06
8.665635505167301744e-06
8.665562745591159910e-06
8.665480891068000346e-06
8.665401765028946102e-06
8.665315363032277673e-06
8.665239874972030520e-06
8.665169843879994005e-06
8.665081622893922031e-06
8.665007044328376651e-06
8.664932465762831271e-06
8.664862434670794755e-06
8.664776942168828100e-06
8.664704182592686266e-06
8.664615961606614292e-06
8.664537745062261820e-06
8.664461347507312894e-06
8.664383130962960422e-06
8.664306733408011496e-06
8.664232154842466116e-06
8.664155757287517190e-06
8.664083907206077129e-06
8.663997505209408700e-06
8.663922926643863320e-06
8.663848348078317940e-06
8.663757398608140647e-06
8.663684639031998813e-06
8.663606422487646341e-06
8.663528205943293869e-06
8.663446351420134306e-06
8.663365406391676515e-06
8.663289008836727589e-06
8.663217158755287528e-06
8.663135304232127964e-06
8.663045264256652445e-06
8.662967957207001746e-06
8.662895197630859911e-06
8.662807886139489710e-06
8.662730579089839011e-06
8.662651453050784767e-06
8.662580512464046478e-06
8.662498657940886915e-06
8.662413165438920259e-06
8.662325853947550058e-06
8.662244908919092268e-06
8.662173968332353979e-06
8.662083928356878459e-06
8.662020263727754354e-06
8.661927495268173516e-06
8.661840183776803315e-06
8.661767424200661480e-06
8.661691026645712554e-06
8.661603715154342353e-06
8.661527317599393427e-06
8.661436368129216135e-06
8.661357242090161890e-06
8.661280844535212964e-06
8.661199899506755173e-06
8.661122592457104474e-06
8.661045285407453775e-06
8.660947969474364072e-06
8.660872481414116919e-06
8.660796083859167993e-06
8.660717867314815521e-06
8.660639650770463049e-06
8.660546882310882211e-06
8.660469575261231512e-06
8.660385901748668402e-06
8.660304956720210612e-06
8.660220373712945729e-06
8.660147614136803895e-06
8.660073945065960288e-06
8.659975719638168812e-06
8.659893865115009248e-06
8.659818377054762095e-06
8.659733794047497213e-06
8.659654668008442968e-06
8.659574632474686950e-06
8.659507329866755754e-06
8.659408194944262505e-06
8.659333616378717124e-06
8.659244485897943377e-06
8.659168088342994452e-06
8.659088052809238434e-06
8.659003469801973552e-06
8.658927072247024626e-06
8.658838851260952652e-06
8.658758815727196634e-06
8.658673323225229979e-06
8.658591468702070415e-06
8.658508704684209079e-06
8.658425940666347742e-06
8.658342267153784633e-06
8.658256774651817977e-06
8.658184015075676143e-06
8.658096703584305942e-06
8.658023944008164108e-06
8.657938451506197453e-06
8.657847502036020160e-06
8.657770194986369461e-06
8.657697435410227627e-06
8.657611033413559198e-06
8.657532816869206727e-06
8.657446414872538298e-06
8.657361831865273416e-06
8.657270882395096123e-06
8.657199941808357835e-06
8.657123544253408909e-06
8.657031685288529843e-06
8.656947102281264961e-06
8.656867066747508943e-06
8.656777936266735196e-06
8.656694262754172087e-06
8.656601494294591248e-06
8.656525096739642322e-06
8.656439604237675667e-06
8.656347745272796601e-06
8.656260433781426400e-06
8.656180398247670382e-06
8.656097634229809046e-06
8.656003046780824661e-06
8.655913916300050914e-06
8.655814781377557665e-06
8.655739293317310512e-06
8.655651981825940311e-06
8.655551937408745289e-06
8.655472811369691044e-06
8.655387318867724389e-06
8.655289093439932913e-06
8.655198143969755620e-06
8.655107194499578327e-06
8.655071724206209183e-06
8.655024430481716990e-06
8.654966222820803523e-06
8.654928933538030833e-06
8.654888006276451051e-06
8.654843441036064178e-06
8.654799785290379077e-06
8.654749763081781566e-06
8.654700650367885828e-06
8.654661542095709592e-06
8.654615157865919173e-06
8.654569683130830526e-06
8.654531484353356063e-06
8.654477824165951461e-06
8.654438715893775225e-06
8.654389603179879487e-06
8.654355951875913888e-06
8.654304110677912831e-06
8.654255907458718866e-06
8.654209523228928447e-06
8.654169505462050438e-06
8.654125849716365337e-06
8.654084012960083783e-06
8.654033081256784499e-06
8.653983059048186988e-06
8.653949407744221389e-06
8.653896657051518559e-06
8.653854820295237005e-06
8.653809345560148358e-06
8.653771146782673895e-06
8.653719305584672838e-06
8.653681106807198375e-06
8.653628356114495546e-06
8.653589247842319310e-06
8.653535587654914707e-06
8.653493750898633152e-06
8.653449185658246279e-06
8.653404620417859405e-06
8.653352779219858348e-06
8.653310032968875021e-06
8.653268196212593466e-06
8.653212717035785317e-06
8.653179975226521492e-06
8.653123586555011570e-06
8.653080840304028243e-06
8.653034456074237823e-06
8.652994438307359815e-06
8.652948054077569395e-06
8.652904398331884295e-06
8.652853466628585011e-06
8.652799806441180408e-06
8.652758879179600626e-06
8.652714313939213753e-06
8.652667929709423333e-06
8.652613360027316958e-06
8.652576070744544268e-06
8.652531505504157394e-06
8.652481483295559883e-06
8.652427823108155280e-06
8.652390533825382590e-06
8.652346878079697490e-06
8.652294127386994660e-06
8.652257747598923743e-06
8.652208634885028005e-06
8.652161341160535812e-06
8.652114047436043620e-06
8.652064934722147882e-06
8.652019459987059236e-06
8.651975804241374135e-06
8.651925782032776624e-06
8.651881216792389750e-06
8.651841199025511742e-06
8.651790267322212458e-06
8.651737516629509628e-06
8.651693860883824527e-06
8.651646567159332335e-06
8.651602001918945462e-06
8.651552889205049723e-06
8.651501048007048666e-06
8.651453754282556474e-06
8.651401003589853644e-06
8.651357347844168544e-06
8.651319149066694081e-06
8.651265488879289478e-06
8.651215466670691967e-06
8.651166353956796229e-06
8.651115422253496945e-06
8.651069947518408298e-06
8.651028110762126744e-06
8.650980817037634552e-06
8.650934432807844132e-06
8.650896234030369669e-06
8.650828931422438473e-06
8.650789823150262237e-06
8.650746167404577136e-06
8.650698873680084944e-06
8.650647032482083887e-06
8.650601557746995240e-06
8.650548807054292411e-06
8.650500603835098445e-06
8.650449672131799161e-06
8.650404197396710515e-06
8.650363270135130733e-06
8.650313247926533222e-06
8.650262316223233938e-06
8.650215931993443519e-06
8.650158633827231824e-06
8.650116797070950270e-06
8.650073141325265169e-06
8.650022209621965885e-06
8.649968549434561282e-06
8.649920346215367317e-06
8.649879418953787535e-06
8.649825758766382933e-06
8.649773917568381876e-06
8.649722985865082592e-06
8.649672054161783308e-06
8.649623850942589343e-06
8.649572919239290059e-06
8.649518349557183683e-06
8.649458322906866670e-06
8.649402843730058521e-06
8.649352821521461010e-06
8.649299161334056407e-06
8.649240044178441167e-06
8.649193659948650748e-06
8.649135452287737280e-06
8.649074516142718494e-06
8.649021765450015664e-06
8.648966286273207515e-06
8.648908988106995821e-06
8.648846232972573489e-06
8.648798029753379524e-06
8.648741641081869602e-06
8.648683433420956135e-06
8.648623406770639122e-06
8.648570656077936292e-06
8.648512448417022824e-06
8.648459697724319994e-06
8.648398761579301208e-06
8.648345101391896605e-06
8.648291441204492003e-06
8.648228686070069671e-06
8.648170478409156203e-06
8.648116818221751601e-06
8.648060429550241679e-06
8.647998583910521120e-06
8.647944923723116517e-06
8.647883078083395958e-06
8.647834874864201993e-06
8.647772119729779661e-06
8.647713912068866193e-06
8.647653885418549180e-06
8.647600225231144577e-06
8.647550203022547066e-06
8.647478352941107005e-06
8.647426511743105948e-06
8.647367394587490708e-06
8.647306458442471921e-06
8.647258255223277956e-06
8.647187314636539668e-06
8.647145477880258113e-06
8.647080903756432235e-06
8.647022696095518768e-06
8.646964488434605300e-06
8.646909918752498925e-06
8.646841706649865955e-06
8.646790774946566671e-06
8.646742571727372706e-06
8.646686183055862784e-06
8.646621608932036906e-06
8.646567948744632304e-06
8.646500646136701107e-06
8.646451533422805369e-06
8.646392416267190129e-06
8.646327842143364251e-06
8.646264177514240146e-06
8.646216883789747953e-06
8.646155947644729167e-06
8.646107744425535202e-06
8.646036803838796914e-06
8.645978596177883446e-06
8.645924935990478843e-06
8.645864909340161830e-06
8.645809430163353682e-06
8.645753041491843760e-06
8.645693924336228520e-06
8.645641173643525690e-06
8.645563866593874991e-06
8.645518391858786345e-06
8.645454727229662240e-06
8.645401976536959410e-06
8.645348316349554807e-06
8.645281013741623610e-06
8.645231901027727872e-06
8.645165507914498448e-06
8.645110028737690300e-06
8.645052730571478605e-06
8.644989065942354500e-06
8.644925401313230395e-06
8.644897206977475435e-06
8.644868103147018701e-06
8.644839908811263740e-06
8.644814442959614098e-06
8.644788977107964456e-06
8.644749868835788220e-06
8.644721674500033259e-06
8.644696208648383617e-06
8.644665285828523338e-06
8.644643457955680788e-06
8.644609806651715189e-06
8.644578883831854910e-06
8.644541594549082220e-06
8.644518857181537896e-06
8.644489753351081163e-06
8.644462468510027975e-06
8.644432455184869468e-06
8.644392437417991459e-06
8.644370609545148909e-06
8.644337867735885084e-06
8.644313311378937215e-06
8.644272384117357433e-06
8.644245099276304245e-06
8.644221452414058149e-06
8.644192348583601415e-06
8.644154149806126952e-06
8.644124136480968446e-06
8.644104127597529441e-06
8.644069566798862070e-06
8.644037734484300017e-06
8.644011359137948602e-06
8.643978617328684777e-06
8.643949513498228043e-06
8.643925866635981947e-06
8.643889486847911030e-06
8.643857654533348978e-06
8.643823093734681606e-06
8.643799446872435510e-06
8.643766705063171685e-06
8.643741239211522043e-06
8.643715773359872401e-06
8.643682122055906802e-06
8.643639375804923475e-06
8.643622095405589789e-06
8.643590263091027737e-06
8.643555702292360365e-06
8.643515684525482357e-06
8.643490218673832715e-06
8.643463843327481300e-06
8.643434739497024566e-06
8.643402907182462513e-06
8.643375622341409326e-06
8.643340152048040181e-06
8.643305591249372810e-06
8.643284672871232033e-06
8.643250112072564662e-06
8.643213732284493744e-06
8.643188266432844102e-06
8.643161891086492687e-06
8.643137334729544818e-06
8.643092769489157945e-06
8.643064575153402984e-06
8.643035471322946250e-06
8.643013643450103700e-06
8.642971806693822145e-06
8.642945431347470731e-06
8.642913599032908678e-06
8.642875400255434215e-06
8.642848115414381027e-06
8.642822649562731385e-06
8.642792636237572879e-06
8.642762622912414372e-06
8.642732609587255865e-06
8.642700777272693813e-06
8.642667125968728215e-06
8.642638022138271481e-06
8.642617103760130703e-06
8.642577085993252695e-06
8.642544344183988869e-06
8.642510692880023271e-06
8.642487046017777175e-06
8.642450666229706258e-06
8.642427019367460161e-06
8.642396096547599882e-06
8.642355169286020100e-06
8.642324246466159821e-06
8.642299690109211951e-06
8.642276952741667628e-06
8.642239663458894938e-06
8.642204193165525794e-06
8.642171451356261969e-06
8.642140528536401689e-06
8.642112334200646728e-06
8.642076863907277584e-06
8.642051398055627942e-06
8.642021384730469435e-06
8.641995009384118021e-06
8.641964996058959514e-06
8.641931344754993916e-06
8.641899512440431863e-06
8.641867680125869811e-06
8.641836757306009531e-06
8.641803106002043933e-06
8.641766726213973016e-06
8.641736712888814509e-06
8.641715794510673732e-06
8.641681233712006360e-06
8.641649401397444308e-06
8.641618478577584028e-06
8.641589374747127295e-06
8.641559361421968788e-06
8.641522072139196098e-06
8.641491149319335818e-06
8.641459317004773766e-06
8.641423846711404622e-06
8.641397471365053207e-06
8.641361091576982290e-06
8.641339263704139739e-06
8.641294698463752866e-06
8.641264685138594359e-06
8.641236490802839398e-06
8.641211024951189756e-06
8.641177373647224158e-06
8.641138265375047922e-06
8.641105523565784097e-06
8.641078238724730909e-06
8.641050953883677721e-06
8.641011845611501485e-06
8.640980013296939433e-06
8.640948180982377380e-06
8.640915439173113555e-06
8.640889973321463913e-06
8.640857231512200087e-06
8.640829946671146899e-06
8.640799023851286620e-06
8.640763553557917476e-06
8.640727173769846559e-06
8.640688974992372096e-06
8.640665328130125999e-06
8.640628038847353309e-06
8.640601663501001894e-06
8.640565283712930977e-06
8.640536179882474244e-06
8.640507076052017510e-06
8.640476153232157230e-06
8.640439773444086313e-06
8.640408850624226034e-06
8.640377927804365754e-06
8.640335181553382427e-06
8.640306987217627466e-06
8.640281521365977824e-06
8.640248779556713998e-06
8.640212399768643081e-06
8.640179657959379256e-06
8.640150554128922522e-06
8.640123269287869334e-06
8.640081432531587780e-06
8.640049600217025727e-06
8.640009582450147718e-06
8.639990483061410487e-06
8.639955922262743115e-06
8.639927727926988155e-06
8.639892257633619010e-06
8.639852239866741002e-06
8.639818588562775403e-06
8.639788575237616897e-06
8.639756742923054844e-06
8.639734915050212294e-06
8.639697625767439604e-06
8.639656698505859822e-06
8.639625775685999542e-06
8.639596671855542809e-06
8.639566658530384302e-06
8.639527550258208066e-06
8.639497536933049560e-06
8.639459338155575097e-06
8.639426596346311271e-06
8.639401130494661629e-06
8.639367479190696031e-06
8.639334737381432205e-06
8.639296538603957742e-06
8.639266525278799236e-06
8.639232873974833637e-06
8.639189218229148537e-06
8.639162842882797122e-06
8.639131010568235070e-06
8.639091902296058834e-06
8.639068255433812737e-06
8.639028237666934729e-06
8.638988219900056720e-06
8.638960935059003532e-06
8.638937288196757436e-06
8.638906365376897156e-06
8.638860890641808510e-06
8.638819963380228728e-06
8.638800863991491497e-06
8.638757208245806396e-06
8.638734470878262073e-06
8.638699910079594702e-06
8.638668077765032649e-06
8.638649887870997190e-06
8.638629878987558186e-06
8.638612598588224500e-06
8.638594408694189042e-06
8.638577128294855356e-06
8.638558938400819898e-06
8.638542567496187985e-06
8.638529834570363164e-06
8.638516192149836570e-06
8.638502549729309976e-06
8.638484359835274518e-06
8.638464350951835513e-06
8.638442523078992963e-06
8.638426152174361050e-06
8.638411600259132683e-06
8.638395229354500771e-06
8.638378858449868858e-06
8.638360668555833399e-06
8.638339750177692622e-06
8.638327926746569574e-06
8.638307008368428797e-06
8.638298822916112840e-06
8.638286089990288019e-06
8.638263352622743696e-06
8.638246072223410010e-06
8.638233339297585189e-06
8.638210601930040866e-06
8.638193321530707181e-06
8.638182407594285905e-06
8.638165127194952220e-06
8.638152394269127399e-06
8.638138751848600805e-06
8.638120561954565346e-06
8.638097824587021023e-06
8.638067811261862516e-06
8.638062354293651879e-06
8.638035069452598691e-06
8.638024155516177416e-06
8.638002327643334866e-06
8.637989594717510045e-06
8.637975042802281678e-06
8.637955033918842673e-06
8.637935025035403669e-06
8.637929568067193031e-06
8.637905921204946935e-06
8.637887731310911477e-06
8.637863174953963608e-06
8.637852261017542332e-06
8.637835890112910420e-06
8.637824066681787372e-06
8.637805876787751913e-06
8.637784048914909363e-06
8.637764949526172131e-06
8.637750397610943764e-06
8.637733117211610079e-06
8.637713108328171074e-06
8.637704013381153345e-06
8.637676728540100157e-06
8.637667633593082428e-06
8.637641258246731013e-06
8.637634891783818603e-06
8.637611244921572506e-06
8.637593055027537048e-06
8.637582141091115773e-06
8.637563041702378541e-06
8.637542123324237764e-06
8.637530299893114716e-06
8.637509381514973938e-06
8.637493010610342026e-06
8.637472092232201248e-06
8.637462087790481746e-06
8.637438440928235650e-06
8.637431164970621467e-06
8.637409337097778916e-06
8.637398423161357641e-06
8.637374776299111545e-06
8.637352038931567222e-06
8.637342943984549493e-06
8.637323844595812261e-06
8.637303835712373257e-06
8.637290193291846663e-06
8.637268365419004112e-06
8.637247447040863335e-06
8.637231985630933195e-06
8.637220162199810147e-06
8.637201972305774689e-06
8.637189239379949868e-06
8.637167411507107317e-06
8.637151040602475405e-06
8.637134669697843492e-06
8.637114660814404488e-06
8.637103746877983212e-06
8.637080100015737116e-06
8.637067367089912295e-06
8.637051905679982156e-06
8.637025530333630741e-06
8.637014616397209466e-06
8.636992788524366915e-06
8.636975508125033230e-06
8.636959137220401317e-06
8.636944585305172950e-06
8.636916390969417989e-06
8.636902748548891395e-06
8.636888196633663028e-06
8.636859092803206295e-06
8.636849088361486793e-06
8.636828169983346015e-06
8.636810889584012330e-06
8.636789061711169779e-06
8.636781785753555596e-06
8.636763595859520137e-06
8.636750862933695316e-06
8.636733582534361631e-06
8.636712664156220853e-06
8.636690836283378303e-06
8.636670827399939299e-06
8.636654456495307386e-06
8.636638995085377246e-06
8.636626262159552425e-06
8.636605343781411648e-06
8.636584425403270870e-06
8.636566235509235412e-06
8.636553502583410591e-06
8.636539860162883997e-06
8.636510756332427263e-06
8.636489837954286486e-06
8.636478014523163438e-06
8.636458915134426206e-06
8.636443453724496067e-06
8.636427082819864154e-06
8.636407073936425149e-06
8.636393431515898556e-06
8.636375241621863097e-06
8.636352504254318774e-06
8.636337042844388634e-06
8.636317033960949630e-06
8.636294296593405306e-06
8.636280654172878712e-06
8.636267011752352118e-06
8.636239726911298931e-06
8.636221537017263472e-06
8.636213351564947516e-06
8.636187885713297874e-06
8.636177881271578372e-06
8.636161510366946459e-06
8.636132406536489725e-06
8.636120583105366677e-06
8.636096026748418808e-06
8.636082384327892214e-06
8.636056918476242572e-06
8.636048733023926616e-06
8.636028724140487611e-06
8.636008715257048607e-06
8.635995072836522013e-06
8.635970516479574144e-06
8.635955964564345777e-06
8.635935955680906773e-06
8.635926860733889043e-06
8.635906851850450039e-06
8.635888661956414580e-06
8.635870472062379122e-06
8.635845915705431253e-06
8.635830454295501113e-06
8.635815902380272746e-06
8.635796802991535515e-06
8.635777703602798283e-06
8.635757694719359279e-06
8.635741323814727366e-06
8.635712219984270632e-06
8.635702215542551130e-06
8.635682206659112126e-06
8.635673111712094396e-06
8.635644007881637663e-06
8.635633093945216388e-06
8.635611266072373837e-06
8.635592166683636606e-06
8.635572157800197601e-06
8.635555786895565689e-06
8.635529411549214274e-06
8.635512131149880588e-06
8.635493941255845129e-06
8.635478479845914990e-06
8.635460289951879531e-06
8.635447557026054710e-06
8.635423910163808614e-06
8.635405720269773155e-06
8.635390258859843016e-06
8.635372068965807557e-06
8.635359336039982736e-06
8.635342055640649050e-06
8.635324775241315365e-06
8.635302947368472815e-06
8.635282938485033810e-06
8.635268386569805443e-06
8.635251106170471758e-06
8.635226549813523889e-06
8.635207450424786657e-06
8.635192898509558290e-06
8.635175618110224605e-06
8.635152880742680281e-06
8.635146514279767871e-06
8.635131962364539504e-06
8.635121957922820002e-06
8.635111953481100500e-06
8.635104677523486316e-06
8.635093763587065041e-06
8.635088306618854403e-06
8.635079211671836674e-06
8.635062840767204762e-06
8.635061021777801216e-06
8.635044650873169303e-06
8.635044650873169303e-06
8.635024641989730299e-06
8.635018275526817888e-06
8.635011909063905478e-06
8.635004633106291294e-06
8.634991900180466473e-06
8.634989171696361154e-06
8.634975529275834560e-06
8.634965524834115058e-06
8.634950972918886691e-06
8.634950063424184918e-06
8.634934602014254779e-06
8.634930964035447687e-06
8.634922778583131731e-06
8.634912774141412228e-06
8.634893674752674997e-06
8.634884579805657268e-06
8.634886398795060813e-06
8.634872756374534220e-06
8.634861842438112944e-06
8.634857294964604080e-06
8.634840014565270394e-06
8.634833648102357984e-06
8.634822734165936708e-06
8.634815458208322525e-06
8.634804544271901250e-06
8.634799996798392385e-06
8.634791811346076429e-06
8.634775440441444516e-06
8.634756341052707285e-06
8.634751793579198420e-06
8.634744517621584237e-06
8.634732694190461189e-06
8.634723599243443459e-06
8.634715413791127503e-06
8.634702680865302682e-06
8.634696314402390271e-06
8.634691766928881407e-06
8.634683581476565450e-06
8.634674486529547721e-06
8.634661753603722900e-06
8.634650839667301625e-06
8.634646292193792760e-06
8.634633559267967939e-06
8.634624464320950210e-06
8.634617188363336027e-06
8.634598088974598795e-06
8.634601726953405887e-06
8.634584446554072201e-06
8.634576261101756245e-06
8.634569894638843834e-06
8.634560799691826105e-06
8.634556252218317240e-06
8.634536243334878236e-06
8.634532605356071144e-06
8.634523510409053415e-06
8.634508958493825048e-06
8.634500773041509092e-06
8.634493497083894908e-06
8.634484402136877179e-06
8.634470759716350585e-06
8.634464393253438175e-06
8.634457117295823991e-06
8.634444384369999170e-06
8.634438927401788533e-06
8.634431651444174349e-06
8.634417099528945982e-06
8.634409823571331799e-06
8.634403457108419389e-06
8.634386176709085703e-06
8.634377081762067974e-06
8.634362529846839607e-06
8.634355253889225423e-06
8.634343430458102375e-06
8.634335245005786419e-06
8.634327969048172235e-06
8.634319783595856279e-06
8.634306141175329685e-06
8.634293408249504864e-06
8.634286132291890681e-06
8.634275218355469406e-06
8.634275218355469406e-06
8.634259756945539266e-06
8.634253390482626855e-06
8.634240657556802034e-06
8.634231562609784305e-06
8.634227924630977213e-06
8.634217010694555938e-06
8.634201549284625798e-06
8.634197001811116934e-06
8.634186087874695659e-06
8.634175173938274384e-06
8.634158803033642471e-06
8.634149708086624742e-06
8.634141522634308785e-06
8.634136065666098148e-06
8.634125151729676872e-06
8.634116966277360916e-06
8.634101504867430776e-06
8.634091500425711274e-06
8.634082405478693545e-06
8.634075129521079361e-06
8.634062396595254540e-06
8.634056030132342130e-06
8.634040568722411990e-06
8.634031473775394261e-06
8.634028745291288942e-06
8.634022378828376532e-06
8.634004188934341073e-06
8.633998731966130435e-06
8.633987818029709160e-06
8.633975085103884339e-06
8.633967809146270156e-06
8.633951438241638243e-06
8.633945071778725833e-06
8.633933248347602785e-06
8.633929610368795693e-06
8.633916877442970872e-06
8.633903235022444278e-06
8.633901416033040732e-06
8.633894140075426549e-06
8.633889592601917684e-06
8.633878678665496409e-06
8.633868674223776907e-06
8.633856850792653859e-06
8.633844117866829038e-06
8.633830475446302444e-06
8.633818652015179396e-06
8.633805919089354575e-06
8.633789548184722662e-06
8.633782272227108479e-06
8.633782272227108479e-06
8.633767720311880112e-06
8.633754987386055291e-06
8.633745892439037561e-06
8.633734069007914513e-06
8.633724974060896784e-06
8.633724064566195011e-06
8.633705874672159553e-06
8.633698598714545369e-06
8.633687684778124094e-06
8.633680408820509911e-06
8.633667675894685090e-06
8.633651304990053177e-06
8.633646757516544312e-06
8.633641300548333675e-06
8.633627658127807081e-06
8.633614925201982260e-06
8.633603101770859212e-06
8.633594916318543255e-06
8.633587640360929072e-06
8.633582183392718434e-06
8.633573997940402478e-06
8.633555808046367019e-06
8.633545803604647517e-06
8.633533070678822696e-06
8.633523066237103194e-06
8.633520337752997875e-06
8.633503057353664190e-06
8.633496690890751779e-06
8.633490324427839369e-06
8.633478500996716321e-06
8.633466677565593272e-06
8.633455763629171997e-06
8.633446668682154268e-06
8.633434845251031220e-06
8.633428478788118809e-06
8.633422112325206399e-06
8.633404831925872713e-06
8.633393008494749665e-06
8.633382094558328390e-06
8.633369361632503569e-06
8.633365723653696477e-06
8.633359357190784067e-06
8.633344805275555700e-06
8.633339348307345062e-06
8.633329343865625560e-06
8.633319339423906058e-06
8.633309334982186556e-06
8.633296602056361735e-06
8.633282959635835141e-06
8.633272045699413866e-06
8.633269317215308547e-06
8.633257493784185499e-06
8.633243851363658905e-06
8.633232937427237630e-06
8.633225661469623446e-06
8.633218385512009263e-06
8.633208381070289761e-06
8.633210200059693307e-06
8.633191100670956075e-06
8.633193829155061394e-06
8.633188372186850756e-06
8.633181096229236573e-06
8.633163815829902887e-06
8.633165634819306433e-06
8.633160177851095796e-06
8.633158358861692250e-06
8.633153811388183385e-06
8.633150173409376293e-06
8.633143806946463883e-06
8.633142897451762110e-06
8.633131074020639062e-06
8.633123798063024879e-06
8.633115612610708922e-06
8.633107427158392966e-06
8.633114703116007149e-06
8.633099241706077009e-06
8.633091056253761053e-06
8.633087418274953961e-06
8.633083780296146870e-06
8.633080142317339778e-06
8.633074685349129140e-06
8.633071956865023822e-06
8.633067409391514957e-06
8.633067409391514957e-06
8.633064680907409638e-06
8.633055585960391909e-06
8.633050128992181271e-06
8.633041943539865315e-06
8.633030120108742267e-06
8.633025572635233402e-06
8.633027391624636948e-06
8.633009201730601490e-06
8.633003744762390852e-06
8.633007382741197944e-06
8.633001016278285533e-06
8.632992830825969577e-06
8.632991011836566031e-06
8.632983735878951848e-06
8.632982826384250075e-06
8.632980097900144756e-06
8.632971002953127027e-06
8.632969183963723481e-06
8.632961908006109297e-06
8.632956451037898660e-06
8.632946446596179157e-06
8.632943718112073839e-06
8.632941899122670293e-06
8.632935532659757882e-06
8.632934623165056109e-06
8.632929166196845472e-06
8.632920980744529516e-06
8.632915523776318878e-06
8.632913704786915332e-06
8.632908247818704695e-06
8.632901881355792284e-06
8.632897333882283419e-06
8.632892786408774555e-06
8.632883691461756825e-06
8.632885510451160371e-06
8.632878234493546188e-06
8.632873687020037323e-06
8.632860044599510729e-06
8.632862773083616048e-06
8.632850949652493000e-06
8.632855497126001865e-06
8.632850949652493000e-06
8.632837307231966406e-06
8.632838216726668179e-06
8.632822755316738039e-06
8.632818207843229175e-06
8.632810931885614991e-06
8.632810022390913218e-06
8.632803655928000808e-06
8.632797289465088397e-06
8.632792741991579533e-06
8.632782737549860030e-06
8.632788194518070668e-06
8.632770914118736982e-06
8.632762728666421026e-06
8.632761819171719253e-06
8.632753633719403297e-06
8.632754543214105070e-06
8.632750905235297978e-06
8.632748176751192659e-06
8.632744538772385567e-06
8.632739081804174930e-06
8.632730896351858974e-06
8.632725439383648336e-06
8.632714525447227061e-06
8.632709977973718196e-06
8.632707249489612877e-06
8.632704521005507559e-06
8.632702702016104013e-06
8.632698154542595148e-06
8.632681783637963235e-06
8.632684512122068554e-06
8.632676326669752598e-06
8.632676326669752598e-06
8.632663593743927777e-06
8.632656317786313593e-06
8.632656317786313593e-06
8.632647222839295864e-06
8.632650860818102956e-06
8.632634489913471043e-06
8.632635399408172816e-06
8.632629032945260406e-06
8.632623575977049768e-06
8.632619028503540903e-06
8.632607205072417855e-06
8.632612662040628493e-06
8.632597200630698353e-06
8.632592653157189488e-06
8.632585377199575305e-06
8.632583558210171759e-06
8.632574463263154030e-06
8.632568096800241619e-06
8.632567187305539846e-06
8.632556273369118571e-06
8.632552635390311480e-06
8.632548997411504388e-06
8.632547178422100842e-06
8.632537173980381340e-06
8.632528988528065383e-06
8.632528079033363611e-06
8.632525350549258292e-06
8.632521712570451200e-06
8.632508979644626379e-06
8.632505341665819287e-06
8.632500794192310423e-06
8.632498065708205104e-06
8.632497156213503331e-06
8.632489880255889148e-06
8.632477147330064327e-06
8.632473509351257235e-06
8.632470780867151916e-06
8.632467142888344824e-06
8.632460776425432414e-06
8.632450771983712912e-06
8.632447134004905820e-06
8.632440767541993409e-06
8.632434401079080999e-06
8.632425306132063270e-06
8.632418030174449086e-06
8.632414392195641994e-06
8.632412573206238449e-06
8.632410754216834903e-06
8.632402568764518946e-06
8.632390745333395898e-06
8.632396202301606536e-06
8.632384378870483488e-06
8.632376193418167531e-06
8.632375283923465759e-06
8.632372555439360440e-06
8.632367098471149802e-06
8.632363460492342710e-06
8.632352546555921435e-06
8.632347999082412571e-06
8.632339813630096614e-06
8.632339813630096614e-06
8.632327990198973566e-06
8.632329809188377112e-06
8.632324352220166475e-06
8.632316166767850518e-06
8.632312528789043427e-06
8.632301614852622151e-06
8.632298886368516833e-06
8.632295248389709741e-06
8.632287062937393785e-06
8.632283424958586693e-06
8.632273420516867191e-06
8.632269782538060099e-06
8.632265235064551234e-06
8.632261597085744143e-06
8.632252502138726413e-06
8.632243407191708684e-06
8.632239769212901592e-06
8.632238859718199819e-06
8.632228855276480317e-06
8.632228855276480317e-06
8.632222488813567907e-06
8.632217031845357269e-06
8.632210665382444859e-06
8.632199751446023583e-06
8.632196113467216492e-06
8.632194294477812946e-06
8.632181561551988125e-06
8.632177923573181033e-06
8.632171557110268623e-06
8.632167919131461531e-06
8.632161552668549120e-06
8.632157914689742029e-06
8.632147000753320754e-06
8.632146091258618981e-06
8.632145181763917208e-06
8.632137905806303024e-06
8.632131539343390614e-06
8.632126991869881749e-06
8.632131539343390614e-06
8.632122444396372885e-06
8.632119715912267566e-06
8.632118806417565793e-06
8.632113349449355155e-06
8.632112439954653382e-06
8.632096978544723243e-06
8.632097888039425015e-06
8.632099707028828561e-06
8.632094250060617924e-06
8.632090612081810832e-06
8.632091521576512605e-06
8.632088793092407286e-06
8.632084245618898422e-06
8.632088793092407286e-06
8.632078788650687784e-06
8.632072422187775373e-06
8.632076969661284238e-06
8.632072422187775373e-06
8.632072422187775373e-06
8.632064236735459417e-06
8.632066055724862963e-06
8.632063327240757644e-06
8.632062417746055871e-06
8.632063327240757644e-06
8.632052413304336369e-06
8.632045137346722186e-06
8.632041499367915094e-06
8.632046956336125731e-06
8.632037861389108002e-06
8.632036042399704456e-06
8.632038770883809775e-06
8.632033313915599138e-06
8.632023309473879635e-06
8.632026037957984954e-06
8.632022399979177862e-06
8.632023309473879635e-06
8.632021490484476089e-06
8.632016033516265452e-06
8.632018762000370771e-06
8.632007848063949496e-06
8.632006029074545950e-06
8.632001481601037085e-06
8.631998753116931766e-06
8.631999662611633539e-06
8.631994205643422902e-06
8.631993296148721129e-06
8.631986929685808718e-06
8.631982382212299854e-06
8.631985110696405172e-06
8.631976925244089216e-06
8.631969649286475033e-06
8.631974196759983897e-06
8.631968739791773260e-06
8.631966920802369714e-06
8.631962373328860849e-06
8.631961463834159076e-06
8.631956006865948439e-06
8.631955097371246666e-06
8.631947821413632482e-06
8.631955097371246666e-06
8.631947821413632482e-06
8.631943273940123618e-06
8.631938726466614753e-06
8.631943273940123618e-06
8.631936907477211207e-06
8.631932360003702343e-06
8.631925993540789932e-06
8.631929631519597024e-06
8.631918717583175749e-06
8.631917808088473976e-06
8.631914170109666884e-06
8.631913260614965111e-06
8.631902346678543836e-06
8.631907803646754473e-06
8.631905075162649155e-06
8.631903256173245609e-06
8.631903256173245609e-06
8.631897799205034971e-06
8.631892342236824334e-06
8.631885066279210150e-06
8.631893251731526107e-06
8.631885975773911923e-06
8.631880518805701286e-06
8.631879609310999513e-06
8.631881428300403059e-06
8.631873242848087102e-06
8.631877790321595967e-06
8.631867785879876465e-06
8.631873242848087102e-06
8.631865966890472919e-06
8.631863238406367600e-06
8.631855962448753417e-06
8.631850505480542779e-06
8.631854143459349871e-06
8.631847776996437460e-06
8.631847776996437460e-06
8.631841410533525050e-06
8.631837772554717958e-06
8.631832315586507320e-06
8.631825039628893137e-06
8.631828677607700229e-06
8.631821401650086045e-06
8.631816854176577181e-06
8.631821401650086045e-06
8.631817763671278954e-06
8.631821401650086045e-06
8.631813216197770089e-06
8.631816854176577181e-06
8.631812306703068316e-06
8.631810487713664770e-06
8.631808668724261224e-06
8.631805940240155905e-06
8.631806849734857678e-06
8.631808668724261224e-06
8.631798664282541722e-06
8.631799573777243495e-06
8.631794116809032857e-06
8.631792297819629312e-06
8.631783202872611582e-06
8.631779564893804491e-06
8.631775926914997399e-06
8.631774107925593853e-06
8.631770469946786761e-06
8.631769560452084988e-06
8.631760465505067259e-06
8.631754099042154849e-06
8.631754099042154849e-06
8.631744094600435346e-06
8.631745004095137119e-06
8.631740456621628255e-06
8.631737728137522936e-06
8.631734090158715844e-06
8.631734090158715844e-06
8.631727723695803434e-06
8.631724995211698115e-06
8.631728633190505207e-06
8.631723176222294569e-06
8.631722266727592796e-06
8.631718628748785704e-06
8.631718628748785704e-06
8.631712262285873294e-06
8.631710443296469748e-06
8.631708624307066202e-06
8.631704986328259110e-06
8.631696800875943154e-06
8.631694072391837835e-06
8.631691343907732517e-06
8.631688615423627198e-06
8.631679520476609468e-06
8.631680429971311241e-06
8.631675882497802377e-06
8.631670425529591739e-06
8.631673154013697058e-06
8.631669516034889966e-06
8.631661330582574010e-06
8.631657692603766918e-06
8.631655873614363372e-06
8.631655873614363372e-06
8.631654054624959826e-06
8.631646778667345643e-06
8.631647688162047416e-06
8.631645869172643870e-06
8.631638593215029687e-06
8.631642231193836778e-06
8.631642231193836778e-06
8.631633136246819049e-06
8.631638593215029687e-06
8.631637683720327914e-06
8.631629498268011957e-06
8.631631317257415503e-06
8.631623131805099547e-06
8.631622222310397774e-06
8.631619493826292455e-06
8.631618584331590682e-06
8.631612217868678272e-06
8.631606760900467634e-06
8.631610398879274726e-06
8.631603122921660542e-06
8.631599484942853451e-06
8.631602213426958770e-06
8.631597665953449905e-06
8.631594027974642813e-06
8.631589480501133949e-06
8.631586752017028630e-06
8.631581295048817992e-06
8.631580385554116219e-06
8.631578566564712673e-06
8.631579476059414446e-06
8.631574019091203809e-06
8.631569471617694944e-06
8.631570381112396717e-06
8.631569471617694944e-06
8.631564924144186080e-06
8.631561286165378988e-06
8.631554010207764804e-06
8.631554010207764804e-06
8.631552191218361259e-06
8.631546734250150621e-06
8.631542186776641756e-06
8.631545824755448848e-06
8.631546734250150621e-06
8.631544915260747075e-06
8.631534001324325800e-06
8.631542186776641756e-06
8.631534910819027573e-06
8.631527634861413389e-06
8.631534910819027573e-06
8.631530363345518708e-06
8.631528544356115162e-06
8.631528544356115162e-06
8.631521268398500979e-06
8.631523087387904525e-06
8.631519449409097433e-06
8.631515811430290341e-06
8.631510354462079704e-06
8.631512173451483250e-06
8.631510354462079704e-06
8.631509444967377931e-06
8.631506716483272612e-06
8.631513082946185023e-06
8.631504897493869066e-06
8.631510354462079704e-06
8.631507625977974385e-06
8.631513082946185023e-06
8.631506716483272612e-06
8.631503078504465520e-06
8.631503987999167293e-06
8.631502169009763747e-06
8.631495802546851337e-06
8.631492164568044245e-06
8.631493983557447791e-06
8.631488526589237154e-06
8.631484888610430062e-06
8.631483069621026516e-06
8.631486707599833608e-06
8.631476703158114105e-06
8.631470336695201695e-06
8.631473065179307014e-06
8.631483069621026516e-06
8.631476703158114105e-06
8.631466698716394603e-06
8.631472155684605241e-06
8.631468517705798149e-06
8.631464879726991057e-06
8.631462151242885739e-06
8.631463970232289284e-06
8.631459422758780420e-06
8.631457603769376874e-06
8.631457603769376874e-06
8.631457603769376874e-06
8.631454875285271555e-06
8.631451237306464463e-06
8.631454875285271555e-06
8.631450327811762691e-06
8.631446689832955599e-06
8.631448508822359145e-06
8.631450327811762691e-06
8.631448508822359145e-06
8.631448508822359145e-06
8.631449418317060918e-06
8.631445780338253826e-06
8.631444870843552053e-06
8.631442142359446734e-06
8.631446689832955599e-06
8.631441232864744961e-06
8.631439413875341415e-06
8.631435775896534324e-06
8.631433047412429005e-06
8.631432137917727232e-06
8.631428499938920140e-06
8.631428499938920140e-06
8.631428499938920140e-06
8.631423952465411276e-06
8.631425771454814821e-06
8.631422133476007730e-06
8.631416676507797092e-06
8.631415767013095319e-06
8.631407581560779363e-06
8.631405762571375817e-06
8.631408491055481136e-06
8.631415767013095319e-06
8.631406672066077590e-06
8.631403034087270498e-06
8.631403034087270498e-06
8.631403034087270498e-06
8.631400305603165179e-06
8.631403034087270498e-06
8.631393029645550996e-06
8.631397577119059861e-06
8.631393939140252769e-06
8.631393939140252769e-06
8.631389391666743904e-06
8.631392120150849223e-06
8.631393939140252769e-06
8.631392120150849223e-06
8.631387572677340358e-06
8.631383025203831494e-06
8.631384844193235040e-06
8.631383934698533267e-06
8.631384844193235040e-06
8.631377568235620856e-06
8.631376658740919083e-06
8.631377568235620856e-06
8.631374839751515538e-06
8.631375749246217310e-06
8.631379387225024402e-06
8.631379387225024402e-06
8.631375749246217310e-06
8.631373930256813765e-06
8.631365744804497808e-06
8.631364835309796035e-06
8.631360287836287171e-06
8.631361197330988944e-06
8.631361197330988944e-06
8.631363016320392489e-06
8.631355740362778306e-06
8.631352102383971214e-06
8.631353921373374760e-06
8.631347554910462350e-06
8.631351192889269441e-06
8.631348464405164123e-06
8.631351192889269441e-06
8.631350283394567668e-06
8.631353921373374760e-06
8.631343007436953485e-06
8.631333002995233983e-06
8.631341188447549939e-06
8.631336640974041075e-06
8.631341188447549939e-06
8.631338459963444620e-06
8.631332093500532210e-06
8.631332093500532210e-06
8.631325727037619799e-06
8.631330274511128664e-06
8.631319360574707389e-06
8.631323908048216254e-06
8.631324817542918026e-06
8.631317541585303843e-06
8.631316632090602070e-06
8.631305718154180795e-06
8.631312084617093205e-06
8.631304808659479022e-06
8.631312084617093205e-06
8.631308446638286114e-06
8.631303899164777249e-06
8.631306627648882568e-06
8.631304808659479022e-06
8.631295713712461293e-06
8.631295713712461293e-06
8.631295713712461293e-06
8.631296623207163066e-06
8.631293894723057747e-06
8.631293894723057747e-06
8.631289347249548882e-06
8.631288437754847109e-06
8.631285709270741791e-06
8.631283890281338245e-06
8.631281161797232926e-06
8.631278433313127607e-06
8.631280252302531153e-06
8.631279342807829380e-06
8.631282071291934699e-06
8.631278433313127607e-06
8.631277523818425834e-06
8.631274795334320515e-06
8.631274795334320515e-06
8.631272066850215197e-06
8.631272066850215197e-06
8.631268428871408105e-06
8.631267519376706332e-06
8.631262971903197467e-06
8.631262971903197467e-06
8.631262971903197467e-06
8.631256605440285057e-06
8.631254786450881511e-06
8.631253876956179738e-06
8.631253876956179738e-06
8.631253876956179738e-06
8.631256605440285057e-06
8.631250238977372646e-06
8.631252967461477965e-06
8.631243872514460236e-06
8.631240234535653144e-06
8.631242963019758463e-06
8.631241144030354917e-06
8.631244782009162009e-06
8.631237506051547825e-06
8.631237506051547825e-06
8.631240234535653144e-06
8.631235687062144279e-06
8.631236596556846052e-06
8.631234777567442507e-06
8.631232049083337188e-06
8.631229320599231869e-06
8.631225682620424777e-06
8.631223863631021231e-06
8.631230230093933642e-06
8.631219316157512367e-06
8.631211130705196410e-06
8.631211130705196410e-06
8.631212040199898183e-06
8.631211130705196410e-06
8.631208402221091092e-06
8.631206583231687546e-06
8.631208402221091092e-06
8.631208402221091092e-06
8.631204764242284000e-06
8.631201126263476908e-06
8.631205673736985773e-06
8.631202945252880454e-06
8.631206583231687546e-06
8.631203854747582227e-06
8.631203854747582227e-06
8.631201126263476908e-06
8.631201126263476908e-06
8.631201126263476908e-06
8.631202945252880454e-06
8.631200216768775135e-06
8.631206583231687546e-06
8.631205673736985773e-06
8.631201126263476908e-06
8.631197488284669816e-06
8.631195669295266271e-06
8.631197488284669816e-06
8.631196578789968044e-06
8.631198397779371589e-06
8.631198397779371589e-06
8.631200216768775135e-06
8.631196578789968044e-06
8.631196578789968044e-06
8.631193850305862725e-06
8.631199307274073362e-06
8.631195669295266271e-06
8.631193850305862725e-06
8.631198397779371589e-06
8.631193850305862725e-06
8.631197488284669816e-06
8.631191121821757406e-06
8.631191121821757406e-06
8.631187483842950314e-06
8.631181117380037904e-06
8.631178388895932585e-06
8.631175660411827266e-06
8.631177479401230812e-06
8.631181117380037904e-06
8.631172022433020175e-06
8.631172022433020175e-06
8.631173841422423720e-06
8.631179298390634358e-06
8.631174750917125493e-06
8.631174750917125493e-06
8.631172931927721947e-06
8.631175660411827266e-06
8.631172022433020175e-06
8.631172022433020175e-06
8.631173841422423720e-06
8.631173841422423720e-06
8.631166565464809537e-06
8.631167474959511310e-06
8.631172931927721947e-06
8.631168384454213083e-06
8.631167474959511310e-06
8.631167474959511310e-06
8.631166565464809537e-06
8.631159289507195354e-06
8.631160199001897126e-06
8.631157470517791808e-06
8.631154742033686489e-06
8.631157470517791808e-06
8.631159289507195354e-06
8.631157470517791808e-06
8.631152013549581170e-06
8.631149285065475851e-06
8.631152923044282943e-06
8.631157470517791808e-06
8.631152013549581170e-06
8.631151104054879397e-06
8.631151104054879397e-06
8.631150194560177624e-06
8.631149285065475851e-06
8.631146556581370533e-06
8.631155651528388262e-06
8.631147466076072305e-06
8.631150194560177624e-06
8.631146556581370533e-06
8.631146556581370533e-06
8.631153832538984716e-06
8.631150194560177624e-06
8.631147466076072305e-06
8.631144737591966987e-06
8.631150194560177624e-06
8.631149285065475851e-06
8.631149285065475851e-06
8.631147466076072305e-06
8.631141099613159895e-06
8.631141099613159895e-06
8.631137461634352803e-06
8.631135642644949257e-06
8.631140190118458122e-06
8.631141099613159895e-06
8.631134733150247484e-06
8.631138371129054576e-06
8.631135642644949257e-06
8.631132914160843939e-06
8.631133823655545712e-06
8.631132004666142166e-06
8.631131095171440393e-06
8.631123819213826209e-06
8.631126547697931528e-06
8.631124728708527982e-06
8.631127457192633301e-06
8.631126547697931528e-06
8.631119271740317345e-06
8.631118362245615572e-06
8.631117452750913799e-06
8.631114724266808480e-06
8.631119271740317345e-06
8.631112905277404934e-06
8.631113814772106707e-06
8.631113814772106707e-06
8.631115633761510253e-06
8.631112905277404934e-06
8.631117452750913799e-06
8.631117452750913799e-06
8.631115633761510253e-06
8.631115633761510253e-06
8.631115633761510253e-06
8.631121090729720891e-06
8.631120181235019118e-06
8.631122000224422663e-06
8.631117452750913799e-06
8.631116543256212026e-06
8.631111995782703161e-06
8.631111995782703161e-06
8.631112905277404934e-06
8.631115633761510253e-06
8.631110176793299615e-06
8.631100172351580113e-06
8.631102900835685432e-06
8.631105629319790751e-06
8.631106538814492524e-06
8.631111086288001388e-06
8.631107448309194297e-06
8.631104719825088978e-06
8.631110176793299615e-06
8.631099262856878340e-06
8.631102900835685432e-06
8.631099262856878340e-06
8.631097443867474794e-06
8.631096534372773021e-06
8.631101081846281886e-06
8.631103810330387205e-06
8.631094715383369476e-06
8.631093805888667703e-06
8.631097443867474794e-06
8.631093805888667703e-06
8.631088348920457065e-06
8.631094715383369476e-06
8.631091077404562384e-06
8.631085620436351746e-06
8.631091986899264157e-06
8.631088348920457065e-06
8.631084710941649973e-06
8.631084710941649973e-06
8.631084710941649973e-06
8.631082891952246428e-06
8.631080163468141109e-06
8.631078344478737563e-06
8.631072887510526925e-06
8.631075615994632244e-06
8.631077434984035790e-06
8.631072887510526925e-06
8.631080163468141109e-06
8.631076525489334017e-06
8.631075615994632244e-06
8.631071978015825152e-06
8.631072887510526925e-06
8.631078344478737563e-06
8.631073797005228698e-06
8.631077434984035790e-06
8.631075615994632244e-06
8.631073797005228698e-06
8.631072887510526925e-06
8.631068340037018061e-06
8.631073797005228698e-06
8.631071068521123379e-06
8.631061064079403877e-06
8.631064702058210969e-06
8.631064702058210969e-06
8.631057426100596786e-06
8.631065611552912742e-06
8.631059245090000331e-06
8.631061973574105650e-06
8.631054697616491467e-06
8.631056516605895013e-06
8.631053788121789694e-06
8.631048331153579056e-06
8.631049240648280829e-06
8.631052878627087921e-06
8.631054697616491467e-06
8.631052878627087921e-06
8.631051969132386148e-06
8.631053788121789694e-06
8.631051969132386148e-06
8.631052878627087921e-06
8.631044693174771965e-06
8.631052878627087921e-06
8.631046512164175510e-06
8.631049240648280829e-06
8.631051969132386148e-06
8.631049240648280829e-06
8.631050150142982602e-06
8.631046512164175510e-06
8.631045602669473737e-06
8.631047421658877283e-06
8.631046512164175510e-06
8.631045602669473737e-06
8.631046512164175510e-06
8.631050150142982602e-06
8.631049240648280829e-06
8.631049240648280829e-06
8.631052878627087921e-06
8.631046512164175510e-06
8.631046512164175510e-06
8.631049240648280829e-06
8.631044693174771965e-06
8.631044693174771965e-06
8.631048331153579056e-06
8.631049240648280829e-06
8.631039236206561327e-06
8.631048331153579056e-06
8.631041055195964873e-06
8.631045602669473737e-06
8.631044693174771965e-06
8.631038326711859554e-06
8.631040145701263100e-06
8.631040145701263100e-06
8.631031960248947144e-06
8.631035598227754235e-06
8.631036507722456008e-06
8.631038326711859554e-06
8.631031050754245371e-06
8.631036507722456008e-06
8.631030141259543598e-06
8.631030141259543598e-06
8.631031960248947144e-06
8.631033779238350689e-06
8.631032869743648916e-06
8.631036507722456008e-06
8.631033779238350689e-06
8.631032869743648916e-06
8.631032869743648916e-06
8.631028322270140052e-06
8.631031960248947144e-06
8.631031960248947144e-06
8.631026503280736506e-06
8.631031050754245371e-06
8.631032869743648916e-06
8.631028322270140052e-06
8.631026503280736506e-06
8.631032869743648916e-06
8.631033779238350689e-06
8.631031960248947144e-06
8.631027412775438279e-06
8.631026503280736506e-06
8.631026503280736506e-06
8.631031960248947144e-06
8.631027412775438279e-06
8.631031960248947144e-06
8.631030141259543598e-06
8.631028322270140052e-06
8.631028322270140052e-06
8.631026503280736506e-06
8.631028322270140052e-06
8.631025593786034733e-06
8.631026503280736506e-06
8.631029231764841825e-06
8.631024684291332960e-06
8.631022865301929414e-06
8.631028322270140052e-06
8.631021046312525868e-06
8.631018317828420550e-06
8.631015589344315231e-06
8.631015589344315231e-06
8.631015589344315231e-06
8.631017408333718777e-06
8.631025593786034733e-06
8.631017408333718777e-06
8.631015589344315231e-06
8.631011041870806366e-06
8.631015589344315231e-06
8.631018317828420550e-06
8.631018317828420550e-06
8.631013770354911685e-06
8.631019227323122323e-06
8.631016498839017004e-06
8.631019227323122323e-06
8.631025593786034733e-06
8.631023774796631187e-06
8.631016498839017004e-06
8.631021046312525868e-06
8.631013770354911685e-06
8.631021955807227641e-06
8.631018317828420550e-06
8.631016498839017004e-06
8.631012860860209912e-06
8.631011951365508139e-06
8.631016498839017004e-06
8.631013770354911685e-06
8.631016498839017004e-06
8.631019227323122323e-06
8.631015589344315231e-06
8.631016498839017004e-06
8.631011951365508139e-06
8.631011951365508139e-06
8.631013770354911685e-06
8.631013770354911685e-06
8.631009222881402820e-06
8.631010132376104593e-06
8.631008313386701047e-06
8.631011041870806366e-06
8.631017408333718777e-06
8.631014679849613458e-06
8.631011951365508139e-06
8.631009222881402820e-06
8.631001946923788637e-06
8.631006494397297502e-06
8.631002856418490410e-06
8.631004675407893956e-06
8.631001946923788637e-06
8.631004675407893956e-06
8.631009222881402820e-06
8.631008313386701047e-06
8.631004675407893956e-06
8.631001946923788637e-06
8.631010132376104593e-06
8.631002856418490410e-06
8.631001946923788637e-06
8.631003765913192183e-06
8.631001946923788637e-06
8.630999218439683318e-06
8.630999218439683318e-06
8.630998308944981545e-06
8.630998308944981545e-06
8.630995580460876226e-06
8.630993761471472681e-06
8.630991942482069135e-06
8.630999218439683318e-06
8.630990123492665589e-06
8.630999218439683318e-06
8.630997399450279772e-06
8.630993761471472681e-06
8.630993761471472681e-06
8.630988304503262043e-06
8.630990123492665589e-06
8.630986485513858497e-06
8.630985576019156724e-06
8.630989213997963816e-06
8.630982847535051405e-06
8.630987395008560270e-06
8.630988304503262043e-06
8.630982847535051405e-06
8.630987395008560270e-06
8.630985576019156724e-06
8.630987395008560270e-06
8.630984666524454951e-06
8.630985576019156724e-06
8.630982847535051405e-06
8.630988304503262043e-06
8.630981938040349633e-06
8.630986485513858497e-06
8.630977390566840768e-06
8.630977390566840768e-06
8.630981938040349633e-06
8.630986485513858497e-06
8.630980119050946087e-06
8.630980119050946087e-06
8.630981028545647860e-06
8.630981028545647860e-06
8.630978300061542541e-06
8.630976481072138995e-06
8.630977390566840768e-06
8.630981028545647860e-06
8.630978300061542541e-06
8.630981028545647860e-06
8.630977390566840768e-06
8.630981938040349633e-06
8.630975571577437222e-06
8.630981028545647860e-06
8.630982847535051405e-06
8.630980119050946087e-06
8.630978300061542541e-06
8.630975571577437222e-06
8.630978300061542541e-06
8.630977390566840768e-06
8.630973752588033676e-06
8.630979209556244314e-06
8.630971933598630130e-06
8.630971024103928357e-06
8.630971933598630130e-06
8.630971024103928357e-06
8.630970114609226584e-06
8.630970114609226584e-06
8.630978300061542541e-06
8.630966476630419493e-06
8.630972843093331903e-06
8.630971933598630130e-06
8.630973752588033676e-06
8.630971024103928357e-06
8.630967386125121266e-06
8.630970114609226584e-06
8.630970114609226584e-06
8.630969205114524812e-06
8.630965567135717720e-06
8.630968295619823039e-06
8.630973752588033676e-06
8.630968295619823039e-06
8.630971024103928357e-06
8.630962838651612401e-06
8.630968295619823039e-06
8.630970114609226584e-06
8.630970114609226584e-06
8.630962838651612401e-06
8.630961019662208855e-06
8.630966476630419493e-06
8.630969205114524812e-06
8.630965567135717720e-06
8.630971024103928357e-06
8.630970114609226584e-06
8.630966476630419493e-06
8.630971933598630130e-06
8.630968295619823039e-06
8.630968295619823039e-06
8.630963748146314174e-06
8.630961019662208855e-06
8.630965567135717720e-06
8.630964657641015947e-06
8.630970114609226584e-06
8.630964657641015947e-06
8.630966476630419493e-06
8.630964657641015947e-06
8.630965567135717720e-06
8.630957381683401763e-06
8.630966476630419493e-06
8.630964657641015947e-06
8.630966476630419493e-06
8.630959200672805309e-06
8.630963748146314174e-06
8.630961929156910628e-06
8.630962838651612401e-06
8.630962838651612401e-06
8.630964657641015947e-06
8.630957381683401763e-06
8.630961019662208855e-06
8.630951924715191126e-06
8.630959200672805309e-06
8.630959200672805309e-06
8.630952834209892899e-06
8.630951015220489353e-06
8.630965567135717720e-06
8.630959200672805309e-06
8.630955562693998218e-06
8.630957381683401763e-06
8.630955562693998218e-06
8.630960110167507082e-06
8.630959200672805309e-06
8.630959200672805309e-06
8.630957381683401763e-06
8.630954653199296445e-06
8.630952834209892899e-06
8.630952834209892899e-06
8.630955562693998218e-06
8.630957381683401763e-06
8.630955562693998218e-06
8.630958291178103536e-06
8.630962838651612401e-06
8.630958291178103536e-06
8.630957381683401763e-06
8.630954653199296445e-06
8.630952834209892899e-06
8.630955562693998218e-06
8.630957381683401763e-06
8.630957381683401763e-06
8.630956472188699991e-06
8.630957381683401763e-06
8.630955562693998218e-06
8.630953743704594672e-06
8.630959200672805309e-06
8.630955562693998218e-06
8.630953743704594672e-06
8.630957381683401763e-06
8.630953743704594672e-06
8.630953743704594672e-06
8.630950105725787580e-06
8.630952834209892899e-06
8.630951015220489353e-06
8.630953743704594672e-06
8.630954653199296445e-06
8.630956472188699991e-06
8.630959200672805309e-06
8.630957381683401763e-06
8.630954653199296445e-06
8.630951015220489353e-06
8.630950105725787580e-06
8.630949196231085807e-06
8.630951015220489353e-06
8.630947377241682261e-06
8.630951015220489353e-06
8.630946467746980488e-06
8.630946467746980488e-06
8.630944648757576942e-06
8.630942829768173397e-06
8.630948286736384034e-06
8.630947377241682261e-06
8.630947377241682261e-06
8.630944648757576942e-06
8.630943739262875170e-06
8.630941010778769851e-06
8.630947377241682261e-06
8.630937372799962759e-06
8.630939191789366305e-06
8.630944648757576942e-06
8.630941010778769851e-06
8.630944648757576942e-06
8.630939191789366305e-06
8.630941010778769851e-06
8.630941010778769851e-06
8.630940101284068078e-06
8.630935553810559213e-06
8.630939191789366305e-06
8.630938282294664532e-06
8.630937372799962759e-06
8.630933734821155667e-06
8.630939191789366305e-06
8.630942829768173397e-06
8.630935553810559213e-06
8.630937372799962759e-06
8.630934644315857440e-06
8.630941010778769851e-06
8.630934644315857440e-06
8.630936463305260986e-06
8.630938282294664532e-06
8.630935553810559213e-06
8.630936463305260986e-06
8.630931006337050349e-06
8.630930096842348576e-06
8.630933734821155667e-06
8.630931915831752121e-06
8.630933734821155667e-06
8.630931006337050349e-06
8.630933734821155667e-06
8.630931915831752121e-06
8.630932825326453894e-06
8.630935553810559213e-06
8.630931006337050349e-06
8.630931006337050349e-06
8.630930096842348576e-06
8.630931915831752121e-06
8.630931915831752121e-06
8.630931915831752121e-06
8.630931915831752121e-06
8.630934644315857440e-06
8.630935553810559213e-06
8.630937372799962759e-06
8.630937372799962759e-06
8.630928277852945030e-06
8.630931915831752121e-06
8.630934644315857440e-06
8.630933734821155667e-06
8.630930096842348576e-06
8.630926458863541484e-06
8.630923730379436165e-06
8.630931915831752121e-06
8.630928277852945030e-06
8.630931915831752121e-06
8.630927368358243257e-06
8.630926458863541484e-06
8.630927368358243257e-06
8.630928277852945030e-06
8.630926458863541484e-06
8.630928277852945030e-06
8.630927368358243257e-06
8.630928277852945030e-06
8.630926458863541484e-06
8.630922820884734392e-06
8.630927368358243257e-06
8.630928277852945030e-06
8.630930096842348576e-06
8.630932825326453894e-06
8.630933734821155667e-06
8.630930096842348576e-06
8.630928277852945030e-06
8.630930096842348576e-06
8.630927368358243257e-06
8.630929187347646803e-06
8.630926458863541484e-06
8.630924639874137938e-06
8.630929187347646803e-06
