9.330167813459411263e-06
4.941492225043475628e-04
2.874424681067466736e-03
1.379548572003841400e-03
8.150254143401980400e-05
1.431923243217170238e-03
8.051456534303724766e-04
1.463183725718408823e-04
2.489571925252676010e-04
5.441793473437428474e-04
6.224917015060782433e-04
4.946821136400103569e-04
2.606184571050107479e-04
1.194064971059560776e-04
1.888627884909510612e-04
2.481497940607368946e-04
2.571245422586798668e-04
1.380954636260867119e-04
4.990882007405161858e-05
1.175194120150990784e-04
1.325388147961348295e-04
1.220010890392586589e-04
6.779050454497337341e-05
5.397831046138890088e-05
8.695828728377819061e-05
7.890153938205912709e-05
8.030967728700488806e-05
4.654624717659316957e-05
4.243857256369665265e-05
4.695557436207309365e-05
6.061355452402494848e-05
4.368896043160930276e-05
2.783236777759157121e-05
2.742195465543773025e-05
2.865131864382419735e-05
3.469236980890855193e-05
2.981235775223467499e-05
2.436571958241984248e-05
2.508048419258557260e-05
2.429818414384499192e-05
2.209191370639018714e-05
1.865875128714833409e-05
1.546659404993988574e-05
1.790150599845219404e-05
2.080967169604264200e-05
1.856943163147661835e-05
1.669456105446442962e-05
1.685019196884240955e-05
1.605755824130028486e-05
1.506560329289641231e-05
1.466781759518198669e-05
1.419093405274907127e-05
1.421321940142661333e-05
1.481344224885106087e-05
1.414990128978388384e-05
1.296421032748185098e-05
1.303972203459125012e-05
1.344028714811429381e-05
1.313086431764531881e-05
1.270735810976475477e-05
1.258866359421517700e-05
1.260231329069938511e-05
1.262942714674863964e-05
1.236637490364955738e-05
1.196293760585831478e-05
1.198112386191496626e-05
1.210220762004610151e-05
1.190876537293661386e-05
1.177842568722553551e-05
1.183701078844023868e-05
1.181161042040912434e-05
1.172419251815881580e-05
1.157952192443190143e-05
1.140754466177895665e-05
1.141061784437624738e-05
1.148178944276878610e-05
1.142359906225465238e-05
1.136287482950137928e-05
1.137266735895536840e-05
1.135644470195984468e-05
1.131466615333920345e-05
1.124578921007923782e-05
1.117173815146088600e-05
1.116038583859335631e-05
1.115280338126467541e-05
1.110384346247883514e-05
1.108934884541667998e-05
1.109244203689740971e-05
1.107363550545414910e-05
1.104630428017117083e-05
1.100484041671734303e-05
1.097693257179344073e-05
1.097501171898329630e-05
1.095721017918549478e-05
1.092960610549198464e-05
1.091762715077493340e-05
1.090461501007666811e-05
1.089080433303024620e-05
1.087070995708927512e-05
1.084374071069760248e-05
1.083067218132782727e-05
1.082180460798554122e-05
1.080681613530032337e-05
1.079267713066656142e-05
1.077690649253781885e-05
1.076273474609479308e-05
1.074947613233234733e-05
1.073191742761991918e-05
1.071834503818536177e-05
1.070889175025513396e-05
1.069671270670369267e-05
1.068383971869479865e-05
1.066917229763930663e-05
1.065744436345994473e-05
1.064626758306985721e-05
1.063295712810941041e-05
1.062121464201482013e-05
1.061074453900801018e-05
1.060039903677534312e-05
1.058984526025597006e-05
1.057734971254831180e-05
1.056578912539407611e-05
1.055528809956740588e-05
1.054455424309708178e-05
1.053407140716444701e-05
1.052326115313917398e-05
1.051231265591923147e-05
1.050270930136321113e-05
1.049227648763917387e-05
1.048219019139651209e-05
1.047284786181990057e-05
1.046325996867381036e-05
1.045372300723101944e-05
1.044395321514457464e-05
1.043479551299242303e-05
1.042454823618754745e-05
1.041525865730363876e-05
1.040600636770250276e-05
1.039683138515101746e-05
1.038800564856501296e-05
1.037910988088697195e-05
1.037025049299700186e-05
1.036143112287390977e-05
1.035270634019980207e-05
1.034417891787597910e-05
1.033561784424819052e-05
1.032718591886805370e-05
1.031882766255876049e-05
1.031062038236996159e-05
1.030239855026593432e-05
1.029285976983373985e-05
1.028833412419771776e-05
1.028034694172674790e-05
1.027246253215707839e-05
1.026462541631190106e-05
1.025685196509584785e-05
1.024916127789765596e-05
1.024153334583388641e-05
1.023396180244162679e-05
1.022645210468908772e-05
1.021901698550209403e-05
1.021165189740713686e-05
1.020433501253137365e-05
1.019707542582182214e-05
1.018987768475199118e-05
1.018275816022651270e-05
1.017568956740433350e-05
1.016867463476955891e-05
1.016170426737517118e-05
1.015475936583243310e-05
1.014787449094001204e-05
1.014100598695222288e-05
1.013419660012004897e-05
1.012743086903356016e-05
1.012070424621924758e-05
1.011401036521419883e-05
1.010737105389125645e-05
1.010076812235638499e-05
1.009420157060958445e-05
1.008769595500780270e-05
1.008121580525767058e-05
1.007478567771613598e-05
1.006839192996267229e-05
1.006204001896549016e-05
1.005471494863741100e-05
1.004843761620577425e-05
1.004219666356220841e-05
1.003600118565373123e-05
1.002984299702802673e-05
1.002371300273807719e-05
1.001762939267791808e-05
1.001158670987933874e-05
1.000556858343770728e-05
9.999594112741760910e-06
9.993640560423955321e-06
9.987729754357133061e-06
9.981859875551890582e-06
9.976000910683069378e-06
9.970181054086424410e-06
9.964372111426200718e-06
9.958608643501065671e-06
9.955741006706375629e-06
9.952878826879896224e-06
9.950010280590504408e-06
9.947150829248130322e-06
9.944324119715020061e-06
9.941485586750786752e-06
9.938648872775956988e-06
9.935827620211057365e-06
9.932996363204438239e-06
9.930180567607749254e-06
9.927356586558744311e-06
9.924544428940862417e-06
9.921727723849471658e-06
9.918917385220993310e-06
9.916108865581918508e-06
9.913303074426949024e-06
9.910495464282575995e-06
9.907686944643501192e-06
9.904892976919654757e-06
9.902085366775281727e-06
9.899275937641505152e-06
9.896461051539517939e-06
9.893675269267987460e-06
9.890887668007053435e-06
9.888086424325592816e-06
9.885314284474588931e-06
9.882538506644777954e-06
9.879756362352054566e-06
9.876966942101716995e-06
9.874197530734818429e-06
9.871409929473884404e-06
9.868622328212950379e-06
9.865851097856648266e-06
9.863067134574521333e-06
9.860283171292394400e-06
9.857510121946688741e-06
9.854751624516211450e-06
9.851934919424820691e-06
9.849188245425466448e-06
9.846445209404919297e-06
9.843703082879073918e-06
9.840968232310842723e-06
9.838243386184331030e-06
9.835523997026029974e-06
9.832814612309448421e-06
9.830109775066375732e-06
9.827404028328601271e-06
9.824711014516651630e-06
9.822031643125228584e-06
9.819346814765594900e-06
9.816667443374171853e-06
9.814009899855591357e-06
9.811346899368800223e-06
9.808698450797237456e-06
9.806063644646201283e-06
9.803428838495165110e-06
9.800807674764655530e-06
9.798185601539444178e-06
9.795593541639391333e-06
9.792985110834706575e-06
9.790396688913460821e-06
9.787790077098179609e-06
9.785190741240512580e-06
9.782608685782179236e-06
9.780026630323845893e-06
9.777450941328424960e-06
9.774871614354196936e-06
9.772309567779302597e-06
9.769749340193811804e-06
9.767194569576531649e-06
9.764647984411567450e-06
9.762099580257199705e-06
9.759556633071042597e-06
9.757014595379587263e-06
9.754486200108658522e-06
9.752174264576751739e-06
9.749637683853507042e-06
9.747112926561385393e-06
9.744549060997087508e-06
9.742021575220860541e-06
9.739509550854563713e-06
9.737001164467073977e-06
9.734493687574286014e-06
9.731996215123217553e-06
9.729496014188043773e-06
9.726998541736975312e-06
9.724510164232924581e-06
9.722023605718277395e-06
9.719551599118858576e-06
9.717071407067123801e-06
9.714593034004792571e-06
9.712111932458356023e-06
9.709647201816551387e-06
9.707180652185343206e-06
9.704712283564731479e-06
9.702265742816962302e-06
9.699814654595684260e-06
9.697376299300231040e-06
9.694917025626637042e-06
9.692475032352376729e-06
9.690038496046327055e-06
9.687617421150207520e-06
9.685178156360052526e-06
9.682733434601686895e-06
9.680306902737356722e-06
9.677878551883623004e-06
9.675452020019292831e-06
9.673040040070191026e-06
9.671312000136822462e-06
9.668890925240702927e-06
9.666486221249215305e-06
9.664087883720640093e-06
9.661665899329818785e-06
9.659269380790647119e-06
9.656868314777966589e-06
9.654485438659321517e-06
9.652096196077764034e-06
9.649708772485610098e-06
9.647324986872263253e-06
9.644934834796003997e-06
9.642541044740937650e-06
9.640186362958047539e-06
9.637799848860595375e-06
9.635443348088301718e-06
9.633067747927270830e-06
9.630713975639082491e-06
9.628365660319104791e-06
9.625999155105091631e-06
9.623658115742728114e-06
9.621307981433346868e-06
9.618956028134562075e-06
9.616630450182128698e-06
9.614307600713800639e-06
9.611967470846138895e-06
9.609650078346021473e-06
9.607423635316081345e-06
9.605135346646420658e-06
9.602759746485389769e-06
9.600528755981940776e-06
9.599065379006788135e-06
9.595941264706198126e-06
9.594433322490658611e-06
9.592024980520363897e-06
9.589658475306350738e-06
9.587417480361182243e-06
9.584742656443268061e-06
9.582905477145686746e-06
9.580742698744870722e-06
9.578123354003764689e-06
9.576102456776425242e-06
9.574019713909365237e-06
9.571723239787388593e-06
9.569460416969377548e-06
9.567090273776557297e-06
9.565119398757815361e-06
9.562763807480223477e-06
9.560581020195968449e-06
9.558360034134238958e-06
9.556209988659247756e-06
9.554039024806115776e-06
9.551785296935122460e-06
9.549630703986622393e-06
9.547459740133490413e-06
9.545325156068429351e-06
9.543121450406033546e-06
9.540911378280725330e-06
9.538758604321628809e-06
9.536591278447303921e-06
9.534433047519996762e-06
9.532251169730443507e-06
9.530095667287241668e-06
9.527955626253969967e-06
9.525802852294873446e-06
9.523642802378162742e-06
9.521481842966750264e-06
9.519324521534144878e-06
9.517176295048557222e-06
9.515034435025881976e-06
9.512869837635662407e-06
9.510722520644776523e-06
9.508597941021434963e-06
9.506458809482865036e-06
9.504328772891312838e-06
9.502173270448110998e-06
9.500039595877751708e-06
9.497910468780901283e-06
9.495783160673454404e-06
9.493673132965341210e-06
9.491555829299613833e-06
9.489446711086202413e-06
9.487351235293317586e-06
9.485230293648783118e-06
9.483130270382389426e-06
9.481023880653083324e-06
9.478937499807216227e-06
9.476848390477243811e-06
9.474759281147271395e-06
9.472675628785509616e-06
9.470593795413151383e-06
9.468127245781943202e-06
9.467093150306027383e-06
9.466063602303620428e-06
9.465025868848897517e-06
9.463989044888876379e-06
9.462958587391767651e-06
9.461923582421150059e-06
9.460899491386953741e-06
9.459866305405739695e-06
9.458834028919227421e-06
9.457811756874434650e-06
9.456778570893220603e-06
9.455754479859024286e-06
9.454721293877810240e-06
9.453702659811824560e-06
9.452679478272330016e-06
9.451654477743431926e-06
9.450632205698639154e-06
9.449594472243916243e-06
9.448578566662035882e-06
9.447555385122541338e-06
9.446524927625432611e-06
9.445509022043552250e-06
9.444485840504057705e-06
9.443454473512247205e-06
9.442445843887981027e-06
9.441425390832591802e-06
9.440400390303693712e-06
9.439389941690023988e-06
9.438368579139932990e-06
9.437350854568649083e-06
9.436323125555645674e-06
9.435012543690390885e-06
9.433999366592615843e-06
9.432988008484244347e-06
9.431964826944749802e-06
9.430964382772799581e-06
9.429940291738603264e-06
9.428928933630231768e-06
9.427908480574842542e-06
9.426898031961172819e-06
9.425892130821011961e-06
9.424879863217938691e-06
9.423902156413532794e-06
9.422888069821055979e-06
9.421867616765666753e-06
9.420859896636102349e-06
9.419843991054221988e-06
9.418831723451148719e-06
9.417831279279198498e-06
9.416809007234405726e-06
9.415800377610139549e-06
9.414783562533557415e-06
9.413768566446378827e-06
9.412761755811516196e-06
9.411745850229635835e-06
9.410722668690141290e-06
9.409724953002296388e-06
9.408719051862135530e-06
9.407693141838535666e-06
9.406681783730164170e-06
9.405664968653582036e-06
9.404655429534614086e-06
9.403650437889155000e-06
9.402625437360256910e-06
9.401629540661815554e-06
9.400604540132917464e-06
9.399593182024545968e-06
9.398583642905578017e-06
9.397566827828995883e-06
9.396560017194133252e-06
9.395529559697024524e-06
9.394530025019776076e-06
9.393498658027965575e-06
9.392498213856015354e-06
9.391480489284731448e-06
9.390463674208149314e-06
9.389443221152760088e-06
9.388428225065581501e-06
9.387419595441315323e-06
9.386403689859434962e-06
9.385395969729870558e-06
9.384381883137393743e-06
9.383368706039618701e-06
9.382359166920650750e-06
9.381346899317577481e-06
9.380340998177416623e-06
9.379326002090238035e-06
9.378307368024252355e-06
9.377288733958266675e-06
9.376279194839298725e-06
9.375258741783909500e-06
9.374232831760309637e-06
9.373223292641341686e-06
9.372221938974689692e-06
9.371202395414002240e-06
9.370192856295034289e-06
9.369190593133680522e-06
9.368181054014712572e-06
9.367170605401042849e-06
9.366171070723794401e-06
9.365166079078335315e-06
9.364153811475262046e-06
9.363149729324504733e-06
9.362148375657852739e-06
9.361145203001797199e-06
9.360135663882829249e-06
9.359148862131405622e-06
9.358142051496542990e-06
9.357138878840487450e-06
9.356142072647344321e-06
9.355142537970095873e-06
9.354146641271654516e-06
9.353155292046722025e-06
9.352163033327087760e-06
9.351164408144541085e-06
9.350161235488485545e-06
9.349169886263553053e-06
9.348174899059813470e-06
9.347179911856073886e-06
9.346186743641737849e-06
9.345198122900910676e-06
9.344206773675978184e-06
9.343202691525220871e-06
9.342209523310884833e-06
9.341212717117741704e-06
9.340228643850423396e-06
9.339244570583105087e-06
9.338260497315786779e-06
9.337271876574959606e-06
9.336283255834132433e-06
9.335311005997937173e-06
9.334326932730618864e-06
9.333353773399721831e-06
9.332365152658894658e-06
9.331400178780313581e-06
9.330427928944118321e-06
9.329456588602624834e-06
9.328471605840604752e-06
9.327512088930234313e-06
9.326539839094039053e-06
9.325585779151879251e-06
9.324625352746807039e-06
9.323657650384120643e-06
9.322687219537328929e-06
9.321738616563379765e-06
9.320772733190096915e-06
9.319815944763831794e-06
9.318860065832268447e-06
9.317902367911301553e-06
9.316957402916159481e-06
9.315999704995192587e-06
9.315039278590120375e-06
9.314089766121469438e-06
9.313135706179309636e-06
9.312183465226553380e-06
9.311222129326779395e-06
9.310276254836935550e-06
9.309331289841793478e-06
9.308387234341353178e-06
9.307443178840912879e-06
9.306500032835174352e-06
9.305546882387716323e-06
9.304611921834293753e-06
9.303676051786169410e-06
9.302742910222150385e-06
9.301807949668727815e-06
9.300862984673585743e-06
9.299924386141356081e-06
9.299003068008460104e-06
9.298069016949739307e-06
9.297142241848632693e-06
9.296220014221034944e-06
9.295286872657015920e-06
9.294377377955242991e-06
9.293447874370031059e-06
9.292520189774222672e-06
9.291613423556555063e-06
9.290694833907764405e-06
9.289778972743079066e-06
9.288856745115481317e-06
9.287942702940199524e-06
9.287028660764917731e-06
9.286103704653214663e-06
9.285191481467336416e-06
9.284278348786756396e-06
9.283369763579685241e-06
9.282452083425596356e-06
9.281539860239718109e-06
9.280622180085629225e-06
9.279715413867961615e-06
9.278792276745662093e-06
9.277881872549187392e-06
9.276960554416291416e-06
9.276049240725114942e-06
9.275137017539236695e-06
9.274232979805674404e-06
9.273326213588006794e-06
9.272406714444514364e-06
9.271519957110285759e-06
9.270605005440302193e-06
9.270155715057626367e-06
9.269704605685546994e-06
9.269257134292274714e-06
9.268802386941388249e-06
9.268353096558712423e-06
9.267892892239615321e-06
9.267449968319851905e-06
9.266999768442474306e-06
9.266545021091587842e-06
9.266104825655929744e-06
9.265647349820937961e-06
9.265193511964753270e-06
9.264742402592673898e-06
9.264296750188805163e-06
9.263844731322024018e-06
9.263389074476435781e-06
9.262944331567268819e-06
9.262493222195189446e-06
9.262034836865495890e-06
9.261590093956328928e-06
9.261140803573653102e-06
9.260689694201573730e-06
9.260240403818897903e-06
9.259782018489204347e-06
9.259336366085335612e-06
9.258885256713256240e-06
9.258428690372966230e-06
9.257979399990290403e-06
9.257521014660596848e-06
9.257073543267324567e-06
9.256626981368754059e-06
9.256171324523165822e-06
9.255711120204068720e-06
9.255264558305498213e-06
9.254812539438717067e-06
9.254355973098427057e-06
9.253911230189260095e-06
9.253455573343671858e-06
9.253001735487487167e-06
9.252564268535934389e-06
9.252107702195644379e-06
9.251654773834161460e-06
9.251200026483274996e-06
9.250743460142984986e-06
9.250292350770905614e-06
9.249840331904124469e-06
9.249385584553238004e-06
9.248939022654667497e-06
9.248487913282588124e-06
9.248043170373421162e-06
9.247582056559622288e-06
9.247139132639858872e-06
9.246682566299568862e-06
9.246239642379805446e-06
9.245777619071304798e-06
9.245338333130348474e-06
9.244885404768865556e-06
9.244432476407382637e-06
9.243978638551197946e-06
9.243525710189715028e-06
9.243090062227565795e-06
9.242637133866082877e-06
9.242177839041687548e-06
9.241721272701397538e-06
9.241279258276335895e-06
9.240829967893660069e-06
9.240375220542773604e-06
9.239933206117711961e-06
9.239481187250930816e-06
9.239020073437131941e-06
9.238587153959088027e-06
9.238128768629394472e-06
9.237670383299700916e-06
9.237222911906428635e-06
9.236782716470770538e-06
9.236326150130480528e-06
9.235874131263699383e-06
9.235423931386321783e-06
9.234967365046031773e-06
9.234528988599777222e-06
9.234070603270083666e-06
9.233626769855618477e-06
9.233164746547117829e-06
9.232717275153845549e-06
9.232261618308257312e-06
9.231821422872599214e-06
9.231366675521712750e-06
9.230910109181422740e-06
9.230466275766957551e-06
9.230007890437263995e-06
9.229555871570482850e-06
9.229106581187807024e-06
9.228653652826324105e-06
9.228213457390666008e-06
9.227769623976200819e-06
9.227314876625314355e-06
9.226865586242638528e-06
9.226419024344068021e-06
9.225970643456093967e-06
9.225533176504541188e-06
9.225075700669549406e-06
9.224639143212698400e-06
9.224187124345917255e-06
9.223740562447346747e-06
9.223296729032881558e-06
9.222838343703188002e-06
9.222403605235740542e-06
9.221957952831871808e-06
9.221516847901511937e-06
9.221073014487046748e-06
9.220629181072581559e-06
9.220179890689905733e-06
9.219735147780738771e-06
9.219292223860975355e-06
9.218854756909422576e-06
9.218410923494957387e-06
9.217965271091088653e-06
9.217528713634237647e-06
9.217084880219772458e-06
9.216644684784114361e-06
9.216186299454420805e-06
9.215758836944587529e-06
9.215315003530122340e-06
9.214882084052078426e-06
9.214428246195893735e-06
9.213994417223148048e-06
9.213551493303384632e-06
9.213108569383621216e-06
9.212655641022138298e-06
9.212223631038796157e-06
9.211778888129629195e-06
9.211326869262848049e-06
9.210883945343084633e-06
9.210442840412724763e-06
9.210001735482364893e-06
9.209565178025513887e-06
9.209114068653434515e-06
9.208672963723074645e-06
9.208231858792714775e-06
9.207793482346460223e-06
9.207350558426696807e-06
9.206901268044020981e-06
9.206459253618959337e-06
9.206019058183301240e-06
9.205572496284730732e-06
9.205136848322581500e-06
9.204695743392221630e-06
9.204251909977756441e-06
9.203810805047396570e-06
9.203363333654124290e-06
9.202928595186676830e-06
9.202480214298702776e-06
9.202037290378939360e-06
9.201606189890298992e-06
9.201165084959939122e-06
9.200717613566666842e-06
9.200282875099219382e-06
9.199836313200648874e-06
9.199396117764990777e-06
9.198956831824034452e-06
9.198524821840692312e-06
9.198081897920928895e-06
9.197649887937586755e-06
9.197203326039016247e-06
9.196746759698726237e-06
9.196324754157103598e-06
9.195880011247936636e-06
9.195434358844067901e-06
9.194997801387216896e-06
9.194545782520435750e-06
9.194118320010602474e-06
9.193672667606733739e-06
9.193230653181672096e-06
9.192798643198329955e-06
9.192348443320952356e-06
9.191904609906487167e-06
9.191460776492021978e-06
9.191015124088153243e-06
9.190576747641898692e-06
9.190129276248626411e-06
9.189698175759986043e-06
9.189245247398503125e-06
9.188803232973441482e-06
9.188362128043081611e-06
9.187919204123318195e-06
9.187469913740642369e-06
9.187038813252002001e-06
9.186589522869326174e-06
9.186142051476053894e-06
9.185700037050992250e-06
9.185258022625930607e-06
9.184819646179676056e-06
9.184368536807596684e-06
9.183932888845447451e-06
9.183491783915087581e-06
9.183055226458236575e-06
9.182614121527876705e-06
9.182180292555131018e-06
9.181728273688349873e-06
9.181286259263288230e-06
9.181067071040160954e-06
9.180847882817033678e-06
9.180631423078011721e-06
9.180409506370779127e-06
9.180187589663546532e-06
9.179970220429822803e-06
9.179751032206695527e-06
9.179530024994164705e-06
9.179309017781633884e-06
9.179098924505524337e-06
9.178867912851274014e-06
9.178646905638743192e-06
9.178433174383826554e-06
9.178205800708383322e-06
9.177990250464063138e-06
9.177765605272725224e-06
9.177552783512510359e-06
9.177316314890049398e-06
9.177096217172220349e-06
9.176879757433198392e-06
9.176667845167685300e-06
9.176445928460452706e-06
9.176215826300904155e-06
9.176010280498303473e-06
9.175778359349351376e-06
9.175564628094434738e-06
9.175335435429587960e-06
9.175122613669373095e-06
9.174890692520420998e-06
9.174664228339679539e-06
9.174447768600657582e-06
9.174223123409319669e-06
9.174006663670297712e-06
9.173782927973661572e-06
9.173561920761130750e-06
9.173347280011512339e-06
9.173112630378454924e-06
9.172889804176520556e-06
9.172668796963989735e-06
9.172448699246160686e-06
9.172235877485945821e-06
9.171997589874081314e-06
9.171778401650954038e-06
9.171553756459616125e-06
9.171337296720594168e-06
9.171114470518659800e-06
9.170878911390900612e-06
9.170655175694264472e-06
9.170440534944646060e-06
9.170208613795693964e-06
9.169994882540777326e-06
9.169769327854737639e-06
9.169541954179294407e-06
9.169318218482658267e-06
9.169094482786022127e-06
9.168871656584087759e-06
9.168644282908644527e-06
9.168415999738499522e-06
9.168197721010074019e-06
9.167970347334630787e-06
9.167740245175082237e-06
9.167521966446656734e-06
9.167299140244722366e-06
9.167063581116963178e-06
9.166840754915028811e-06
9.166615200228989124e-06
9.166381460090633482e-06
9.166168638330418617e-06
9.165951269096694887e-06
9.165725714410655200e-06
9.165501978714019060e-06
9.165287337964400649e-06
9.165049050352536142e-06
9.164836228592321277e-06
9.164608854916878045e-06
9.164387847704347223e-06
9.164159564534202218e-06
9.163935828837566078e-06
9.163713912130333483e-06
9.163497452391311526e-06
9.163273716694675386e-06
9.163044524029828608e-06
9.162824426311999559e-06
9.162607966572977602e-06
9.162376045424025506e-06
9.162158676190301776e-06
9.161929483525454998e-06
9.161713023786433041e-06
9.161486559605691582e-06
9.161259185930248350e-06
9.161030902760103345e-06
9.160812624031677842e-06
9.160591616819147021e-06
9.160363333649002016e-06
9.160148692899383605e-06
9.159920409729238600e-06
9.159688488580286503e-06
9.159467481367755681e-06
9.159252840618137270e-06
9.159026376437395811e-06
9.158805369224864990e-06
9.158579814538825303e-06
9.158355169347487390e-06
9.158129614661447704e-06
9.157904059975408018e-06
9.157687600236386061e-06
9.157452041108626872e-06
9.157243766821920872e-06
9.157021850114688277e-06
9.156786290986929089e-06
9.156568921753205359e-06
9.156349733530078083e-06
9.156115083897020668e-06
9.155902262136805803e-06
9.155685802397783846e-06
9.155447514785919338e-06
9.155230145552195609e-06
9.155007319350261241e-06
9.154780855169519782e-06
9.154565304925199598e-06
9.154331564786843956e-06
9.154112376563716680e-06
9.153884093393571675e-06
9.153666724159847945e-06
9.153443897957913578e-06
9.153214705293066800e-06
9.152985512628220022e-06
9.152767233899794519e-06
9.152541679213754833e-06
9.152308848570100963e-06
9.152078746410552412e-06
9.151859558187425137e-06
9.151632184511981905e-06
9.151412996288854629e-06
9.151184713118709624e-06
9.150959158432669938e-06
9.150733603746630251e-06
9.150517144007608294e-06
9.150287041848059744e-06
9.150061487162020057e-06
9.149838660960085690e-06
9.149604011327028275e-06
9.149375728156883270e-06
9.149157449428457767e-06
9.148931894742418081e-06
9.148711797024589032e-06
9.148487151833251119e-06
9.148254321189597249e-06
9.148030585492961109e-06
9.147810487775132060e-06
9.147591299552004784e-06
9.147357559413649142e-06
9.147142918664030731e-06
9.146915544988587499e-06
9.146682714344933629e-06
9.146473530563525856e-06
9.146240699919871986e-06
9.146026968664955348e-06
9.145799594989512116e-06
9.145579497271683067e-06
9.145349395112134516e-06
9.145128387899603695e-06
9.144900104729458690e-06
9.144675459538120776e-06
9.144449904852081090e-06
9.144229807134252042e-06
9.144000614469405264e-06
9.143790521193295717e-06
9.143566785496659577e-06
9.143334864347707480e-06
9.143112038145773113e-06
9.142891940427944064e-06
9.142654562310781330e-06
9.142433555098250508e-06
9.142222552327439189e-06
9.141991540673188865e-06
9.141767804976552725e-06
9.141535883827600628e-06
9.141330338024999946e-06
9.141094778897240758e-06
9.140875590674113482e-06
9.140645488514564931e-06
9.140416295849718153e-06
9.140193469647783786e-06
9.139966095972340554e-06
9.139735993812792003e-06
9.139525900536682457e-06
9.139303983829449862e-06
9.139075700659304857e-06
9.138856512436177582e-06
9.138630957750137895e-06
9.138404493569396436e-06
9.138169843936339021e-06
9.137949746218509972e-06
9.137723282037768513e-06
9.137497727351728827e-06
9.137287634075619280e-06
9.137053893937263638e-06
9.136823791777715087e-06
9.136599146586377174e-06
9.136483640759252012e-06
9.136372682405635715e-06
9.136259905062615871e-06
9.136151675193104893e-06
9.136032531387172639e-06
9.135916116065345705e-06
9.135814252658747137e-06
9.135697837336920202e-06
9.135566870099864900e-06
9.135468644672073424e-06
9.135361324297264218e-06
9.135241270996630192e-06
9.135128493653610349e-06
9.135016625805292279e-06
9.134906576946377754e-06
9.134797437582165003e-06
9.134670108323916793e-06
9.134563697443809360e-06
9.134445463132578880e-06
9.134340871241874993e-06
9.134224455920048058e-06
9.134109859587624669e-06
9.133987077802885324e-06
9.133882485912181437e-06
9.133769708569161594e-06
9.133658750215545297e-06
9.133546882367227226e-06
9.133431376540102065e-06
9.133307685260660946e-06
9.133202183875255287e-06
9.133088497037533671e-06
9.132981176662724465e-06
9.132862032856792212e-06
9.132752893492579460e-06
9.132632840191945434e-06
9.132529157795943320e-06
9.132411832979414612e-06
9.132297236646991223e-06
9.132179002335760742e-06
9.132072591455653310e-06
9.131948900176212192e-06
9.131843398790806532e-06
9.131720617006067187e-06
9.131610568147152662e-06
9.131494152825325727e-06
9.131375918514095247e-06
9.131256774708162993e-06
9.131147635343950242e-06
9.131030310527421534e-06
9.130913895205594599e-06
9.130799298873171210e-06
9.130688340519554913e-06
9.130569196713622659e-06
9.130457328865304589e-06
9.130339094554074109e-06
9.130235412158071995e-06
9.130116268352139741e-06
9.129997124546207488e-06
9.129887075687292963e-06
9.129766112891957164e-06
9.129653335548937321e-06
9.129546015174128115e-06
9.129420504905283451e-06
9.129308637056965381e-06
9.129193131229840219e-06
9.129080353886820376e-06
9.128956662607379258e-06
9.128843885264359415e-06
9.128727469942532480e-06
9.128613783104810864e-06
9.128495548793580383e-06
9.128387318924069405e-06
9.128269084612838924e-06
9.128157216764520854e-06
9.128045348916202784e-06
9.127924386120866984e-06
9.127800694841425866e-06
9.127693374466616660e-06
9.127577868639491498e-06
9.127458724833559245e-06
9.127347766479942948e-06
9.127222256211098284e-06
9.127110388362780213e-06
9.126990335062146187e-06
9.126887562160845846e-06
9.126760232902597636e-06
9.126650184043683112e-06
9.126528311753645539e-06
9.126409167947713286e-06
9.126295481109991670e-06
9.126180884777568281e-06
9.126059012487530708e-06
9.125947144639212638e-06
9.125835276790894568e-06
9.125713404500856996e-06
9.125589713221415877e-06
9.125480573857203126e-06
9.125357792072463781e-06
9.125246833718847483e-06
9.125131327891722322e-06
9.125007636612281203e-06
9.124904863710980862e-06
9.124782081926241517e-06
9.124665666604414582e-06
9.124551979766692966e-06
9.124432835960760713e-06
9.124317330133635551e-06
9.124205462285317481e-06
9.124078133027069271e-06
9.123964446189347655e-06
9.123843483394011855e-06
9.123724339588079602e-06
9.123609743255656213e-06
9.123485142481513321e-06
9.123379641096107662e-06
9.123254130827262998e-06
9.123142262978944927e-06
9.123026757151819766e-06
9.122907613345887512e-06
9.122792107518762350e-06
9.122673873207531869e-06
9.122559276875108480e-06
9.122446499532088637e-06
9.122328265220858157e-06
9.122193660004995763e-06
9.122084520640783012e-06
9.121973562287166715e-06
9.121848052018322051e-06
9.121727998717688024e-06
9.121607945417053998e-06
9.121496987063437700e-06
9.121370567299891263e-06
9.121253242483362556e-06
9.121149560087360442e-06
9.121025868807919323e-06
9.120904906012583524e-06
9.120782124227844179e-06
9.120670256379526109e-06
9.120552022068295628e-06
9.120436516241170466e-06
9.120311915467027575e-06
9.120193681155797094e-06
9.120077265833970159e-06
9.119959941017441452e-06
9.119835340243298560e-06
9.119718015426769853e-06
9.119610695051960647e-06
9.119479727814905345e-06
9.119361493503674865e-06
9.119241440203040838e-06
9.119127753365319222e-06
9.119003152591176331e-06
9.118885827774647623e-06
9.118764864979311824e-06
9.118639354710467160e-06
9.118517482420429587e-06
9.118405614572111517e-06
9.118287380260881037e-06
9.118161869992036372e-06
9.118047273659612983e-06
9.117922672885470092e-06
9.117807167058344930e-06
9.117679837800096720e-06
9.117564331972971559e-06
9.117440640693530440e-06
9.117323315877001733e-06
9.117199624597560614e-06
9.117082299781031907e-06
9.116955880017485470e-06
9.116834917222149670e-06
9.116707587963901460e-06
9.116591172642074525e-06
9.116472028836142272e-06
9.116350156546104699e-06
9.116233741224277765e-06
9.116104592976626009e-06
9.115979082707781345e-06
9.115849024965427816e-06
9.115736247622407973e-06
9.115618013311177492e-06
9.115499778999947011e-06
9.115377906709909439e-06
9.115250577451661229e-06
9.115126886172220111e-06
9.115017746808007360e-06
9.114886779570952058e-06
9.114761269302107394e-06
9.114647582464385778e-06
9.114526619669049978e-06
9.114399290410801768e-06
9.114279237110167742e-06
9.114155545830726624e-06
9.114028216572478414e-06
9.113917258218862116e-06
9.113798114412929863e-06
9.113678061112295836e-06
9.113549822359345853e-06
9.113430678553413600e-06
9.113318810705095530e-06
9.113191481446847320e-06
9.113127816817723215e-06
9.113072337640915066e-06
9.113020496442914009e-06
9.112947736866772175e-06
9.112890438700560480e-06
9.112837688007857651e-06
9.112765837926417589e-06
9.112711268244311213e-06
9.112651241593994200e-06
9.112593033933080733e-06
9.112536645261570811e-06
9.112464795180130750e-06
9.112402949540410191e-06
9.112342922890093178e-06
9.112291991186793894e-06
9.112231964536476880e-06
9.112167390412651002e-06
9.112109182751737535e-06
9.112041880143806338e-06
9.111979125009384006e-06
9.111924555327277631e-06
9.111857252719346434e-06
9.111807230510748923e-06
9.111747203860431910e-06
9.111680810747202486e-06
9.111621693591587245e-06
9.111554390983656049e-06
9.111499821301549673e-06
9.111443432630039752e-06
9.111372492043301463e-06
9.111307008424773812e-06
9.111256076721474528e-06
9.111192412092350423e-06
9.111132385442033410e-06
9.111068720812909305e-06
9.111006875173188746e-06
9.110946848522871733e-06
9.110888640861958265e-06
9.110818609769921750e-06
9.110761311603710055e-06
9.110698556469287723e-06
9.110633982345461845e-06
9.110573955695144832e-06
9.110513929044827819e-06
9.110455721383914351e-06
9.110384780797176063e-06
9.110323844652157277e-06
9.110271093959454447e-06
9.110208338825032115e-06
9.110138307732995600e-06
9.110075552598573267e-06
9.110019163927063346e-06
9.109953680308535695e-06
9.109893653658218682e-06
9.109829989029094577e-06
9.109773600357584655e-06
9.109704478760249913e-06
9.109642633120529354e-06
9.109577149502001703e-06
9.109514394367579371e-06
9.109458005696069449e-06
9.109394341066945344e-06
9.109327947953715920e-06
9.109268830798100680e-06
9.109199709200765938e-06
9.109140592045150697e-06
9.109091479331254959e-06
9.109018719755113125e-06
9.108961421588901430e-06
9.108889571507461369e-06
9.108835911320056766e-06
9.108772246690932661e-06
9.108705853577703238e-06
9.108643098443280905e-06
9.108587619266472757e-06
9.108513040700927377e-06
9.108449376071803272e-06
9.108400263357907534e-06
9.108332960749976337e-06
9.108265658142045140e-06
9.108195627050008625e-06
9.108140147873200476e-06
9.108073754759971052e-06
9.108010090130846947e-06
9.107961886911652982e-06
9.107883670367300510e-06
9.107832738664001226e-06
9.107770893024280667e-06
9.107704499911051244e-06
9.107644473260734230e-06
9.107571713684592396e-06
9.107505320571362972e-06
9.107438017963431776e-06
9.107385267270728946e-06
9.107322512136306614e-06
9.107261575991287827e-06
9.107194273383356631e-06
9.107140613195952028e-06
9.107069672609213740e-06
9.107006007980089635e-06
9.106935976888053119e-06
9.106873221753630787e-06
9.106814104598015547e-06
9.106752258958294988e-06
9.106692232307977974e-06
9.106619472731836140e-06
9.106555808102712035e-06
9.106496690947096795e-06
9.106432116823270917e-06
9.106367542699445039e-06
9.106299330596812069e-06
9.106243851420003921e-06
9.106181096285581589e-06
9.106106517720036209e-06
9.106041034101508558e-06
9.105984645429998636e-06
9.105909157369751483e-06
9.105848221224732697e-06
9.105793651542626321e-06
9.105735443881712854e-06
9.105659955821465701e-06
9.105593562708236277e-06
9.105526260100305080e-06
9.105468052439391613e-06
9.105402568820863962e-06
9.105344361159950495e-06
9.105280696530826390e-06
9.105210665438789874e-06
9.105146091314963996e-06
9.105089702643454075e-06
9.105016033572610468e-06
9.104958735406398773e-06
9.104896889766678214e-06
9.104824130190536380e-06
9.104767741519026458e-06
9.104692253458779305e-06
9.104640412260778248e-06
9.104567652684636414e-06
9.104497621592599899e-06
9.104447599384002388e-06
9.104364835366141051e-06
9.104312084673438221e-06
9.104264790948946029e-06
9.104180207941681147e-06
9.104117452807258815e-06
9.104059245146345347e-06
9.103991033043712378e-06
9.103924639930482954e-06
9.103854608838446438e-06
9.103795491682831198e-06
9.103729098569601774e-06
9.103664524445775896e-06
9.103607226279564202e-06
9.103536285692825913e-06
9.103475349547807127e-06
9.103403499466367066e-06
9.103344382310751826e-06
9.103274351218715310e-06
9.103214324568398297e-06
9.103144293476361781e-06
9.103078809857834131e-06
9.103008778765797615e-06
9.102943295147269964e-06
9.102891453949268907e-06
9.102823241846635938e-06
9.102761396206915379e-06
9.102692274609580636e-06
9.102621334022842348e-06
9.102557669393718243e-06
9.102494004764594138e-06
9.102433978114277124e-06
9.102366675506345928e-06
9.102303010877221823e-06
9.102222975343465805e-06
9.102166586671955884e-06
9.102099284064024687e-06
9.102041076403111219e-06
9.101975592784583569e-06
9.101906471187248826e-06
9.101846444536931813e-06
9.101776413444895297e-06
9.101717296289280057e-06
9.101649993681348860e-06
9.101578143599908799e-06
9.101516297960188240e-06
9.101451723836362362e-06
9.101396244659554213e-06
9.101312571146991104e-06
9.101255272980779409e-06
9.101185241888742894e-06
9.101122486754320562e-06
9.101055184146389365e-06
9.100989700527861714e-06
9.100918759941123426e-06
9.100864190259017050e-06
9.100793249672278762e-06
9.100725037569645792e-06
9.100660463445819914e-06
9.100594979827292264e-06
9.100524039240553975e-06
9.100494025915395468e-06
9.100454917643219233e-06
9.100429451791569591e-06
9.100391253014095128e-06
9.100360330194234848e-06
9.100323950406163931e-06
9.100294846575707197e-06
9.100260285777039826e-06
9.100221177504863590e-06
9.100196621147915721e-06
9.100173883780371398e-06
9.100134775508195162e-06
9.100094757741317153e-06
9.100060196942649782e-06
9.100025636143982410e-06
9.099981980398297310e-06
9.099964699998963624e-06
9.099931048694998026e-06
9.099890121433418244e-06
9.099859198613557965e-06
9.099827366298995912e-06
9.099793714995030314e-06
9.099766430153977126e-06
9.099735507334116846e-06
9.099696399061940610e-06
9.099659109779167920e-06
9.099630005948711187e-06
9.099606359086465091e-06
9.099568160308990628e-06
9.099535418499726802e-06
9.099499948206357658e-06
9.099463568418286741e-06
9.099434464587830007e-06
9.099401722778566182e-06
9.099359886022284627e-06
9.099328963202424347e-06
9.099293492909055203e-06
9.099268027057405561e-06
9.099230737774632871e-06
9.099201633944176137e-06
9.099168892134912312e-06
9.099127964873332530e-06
9.099092494579963386e-06
9.099060662265401334e-06
9.099027920456137508e-06
9.098990631173364818e-06
9.098954251385293901e-06
9.098926966544240713e-06
9.098892405745573342e-06
9.098864211409818381e-06
9.098826922127045691e-06
9.098788723349571228e-06
9.098761438508518040e-06
9.098723239731043577e-06
9.098690497921779752e-06
9.098651389649603516e-06
9.098627742787357420e-06
9.098584087041672319e-06
9.098555892705917358e-06
9.098525879380758852e-06
9.098490409087389708e-06
9.098457667278125882e-06
9.098424925468862057e-06
9.098389455175492913e-06
9.098349437408614904e-06
9.098317605094052851e-06
9.098286682274192572e-06
9.098245755012612790e-06
9.098213922698050737e-06
9.098177542909979820e-06
9.098144801100715995e-06
9.098112059291452169e-06
9.098076588998083025e-06
9.098048394662328064e-06
9.098013833863660693e-06
9.097972906602080911e-06
9.097934707824606448e-06
9.097906513488851488e-06
9.097871043195482343e-06
9.097842848859727383e-06
9.097806469071656466e-06
9.097765541810076684e-06
9.097737347474321723e-06
9.097701877180952579e-06
9.097669135371688753e-06
9.097629117604810745e-06
9.097602742258459330e-06
9.097562724491581321e-06
9.097528163692913949e-06
9.097495421883650124e-06
9.097464499063789845e-06
9.097421752812806517e-06
9.097390829992946237e-06
9.097357178688980639e-06
9.097320798900909722e-06
9.097286238102242351e-06
9.097258043766487390e-06
9.097218935494311154e-06
9.097186193685047328e-06
9.097154361370485276e-06
9.097113434108905494e-06
9.097087968257255852e-06
9.097046131500974298e-06
9.097020665649324656e-06
9.096977919398341328e-06
9.096948815567884594e-06
9.096908797801006585e-06
9.096876055991742760e-06
9.096843314182478935e-06
9.096807843889109790e-06
9.096775102079845965e-06
9.096728717850055546e-06
9.096700523514300585e-06
9.096660505747422576e-06
9.096622306969948113e-06
9.096595022128894925e-06
9.096561370824929327e-06
9.096531357499770820e-06
9.096487701754085720e-06
9.096462235902436078e-06
9.096430403587874025e-06
9.096391295315697789e-06
9.096358553506433964e-06
9.096319445234257728e-06
9.096273970499169081e-06
9.096243957174010575e-06
9.096206667891237885e-06
9.096173016587272286e-06
9.096132998820394278e-06
9.096101166505832225e-06
9.096074791159480810e-06
9.096035682887304574e-06
9.096005669562146068e-06
9.095966561289969832e-06
9.095931090996600688e-06
9.095889254240319133e-06
9.095860150409862399e-06
9.095825589611195028e-06
9.095794666791334748e-06
9.095751011045649648e-06
9.095714631257578731e-06
9.095682798943016678e-06
9.095644600165542215e-06
9.095612767850980163e-06
9.095583664020523429e-06
9.095547284232452512e-06
9.095508175960276276e-06
9.095476343645714223e-06
9.095445420825853944e-06
9.095405403058975935e-06
9.095358109334483743e-06
9.095339919440448284e-06
9.095295354200061411e-06
9.095254426938481629e-06
9.095227142097428441e-06
9.095190762309357524e-06
9.095150744542479515e-06
9.095112545765005052e-06
9.095093446376267821e-06
9.095045243157073855e-06
9.095010682358406484e-06
9.094975212065037340e-06
9.094934284803457558e-06
9.094902452488895506e-06
9.094870620174333453e-06
9.094832421396858990e-06
9.094795132114086300e-06
9.094759661820717156e-06
9.094728739000856876e-06
9.094687811739277095e-06
9.094656888919416815e-06
9.094621418626047671e-06
9.094586857827380300e-06
9.094551387534011155e-06
9.094507731788326055e-06
9.094475899473764002e-06
9.094442248169798404e-06
9.094392225961200893e-06
9.094366760109551251e-06
9.094348570215515792e-06
9.094304914469830692e-06
9.094257620745338500e-06
9.094220331462565809e-06
9.094193046621512622e-06
9.094144843402318656e-06
9.094110282603651285e-06
9.094082997762598097e-06
9.094040251511614770e-06
9.094007509702350944e-06
9.093978405871894211e-06
9.093934750126209110e-06
9.093899279832839966e-06
9.093866538023576140e-06
9.093830158235505223e-06
9.093797416426241398e-06
9.093755579669959843e-06
9.093721018871292472e-06
9.093684639083221555e-06
9.093646440305747092e-06
9.093613698496483266e-06
9.093594599107746035e-06
9.093580047192517668e-06
9.093552762351464480e-06
9.093537300941534340e-06
9.093519111047498882e-06
9.093490007217042148e-06
9.093477274291217327e-06
9.093459084397181869e-06
9.093447260966058820e-06
9.093420885619707406e-06
9.093409971683286130e-06
9.093389962799847126e-06
9.093377229874022305e-06
9.093359039979986846e-06
9.093327207665424794e-06
9.093316293729003519e-06
9.093299013329669833e-06
9.093280823435634375e-06
9.093257176573388278e-06
9.093239896174054593e-06
9.093222615774720907e-06
9.093196240428369492e-06
9.093188054976053536e-06
9.093168046092614532e-06
9.093147127714473754e-06
9.093132575799245387e-06
9.093115295399911702e-06
9.093102562474086881e-06
9.093083463085349649e-06
9.093062544707208872e-06
9.093046173802576959e-06
9.093026164919137955e-06
9.093006156035698950e-06
9.092987056646961719e-06
9.092962500290013850e-06
9.092954314837697893e-06
9.092926120501942933e-06
9.092912478081416339e-06
9.092893378692679107e-06
9.092870641325134784e-06
9.092856998904608190e-06
9.092840627999976277e-06
9.092821528611239046e-06
9.092799700738396496e-06
9.092776053876150399e-06
9.092761501960922033e-06
9.092742402572184801e-06
9.092718755709938705e-06
9.092698746826499701e-06
9.092689651879481971e-06
9.092666914511937648e-06
9.092645996133796871e-06
9.092627806239761412e-06
9.092604159377515316e-06
9.092592335946392268e-06
9.092565960600040853e-06
9.092544132727198303e-06
9.092525942833162844e-06
9.092509571928530931e-06
9.092497748497407883e-06
9.092481377592775971e-06
9.092461368709336966e-06
9.092440450331196189e-06
9.092418622458353639e-06
9.092415893974248320e-06
9.092382242670282722e-06
9.092364962270949036e-06
9.092349500861018896e-06
9.092334039451088756e-06
9.092320397030562162e-06
9.092296750168316066e-06
9.092276741284877062e-06
9.092257641896139830e-06
9.092234904528595507e-06
9.092220352613367140e-06
9.092198524740524590e-06
9.092182153835892677e-06
9.092170330404769629e-06
9.092144864553119987e-06
9.092128493648488075e-06
9.092113032238557935e-06
9.092088475881610066e-06
9.092065738514065742e-06
9.092047548620030284e-06
9.092032087210100144e-06
9.092002073884941638e-06
9.091982974496204406e-06
9.091959327633958310e-06
9.091952051676344126e-06
9.091930223803501576e-06
9.091906576941255480e-06
9.091894753510132432e-06
9.091872925637289882e-06
9.091850188269745559e-06
9.091829269891604781e-06
9.091821993933990598e-06
9.091799256566446275e-06
9.091777428693603724e-06
9.091765605262480676e-06
9.091751053347252309e-06
9.091727406485006213e-06
9.091708307096268982e-06
9.091692845686338842e-06
9.091663741855882108e-06
9.091645551961846650e-06
9.091624633583705872e-06
9.091603715205565095e-06
9.091580977838020772e-06
9.091562787943985313e-06
9.091534593608230352e-06
9.091523679671809077e-06
9.091500942304264754e-06
9.091484571399632841e-06
9.091473657463211566e-06
9.091455467569176108e-06
9.091431820706930012e-06
9.091410902328789234e-06
9.091397259908262640e-06
9.091367246583104134e-06
9.091345418710261583e-06
9.091338142752647400e-06
9.091318133869208395e-06
9.091299943975172937e-06
9.091272659134119749e-06
9.091249921766575426e-06
9.091242645808961242e-06
9.091219908441416919e-06
9.091196261579170823e-06
9.091185347642749548e-06
9.091158062801696360e-06
9.091138053918257356e-06
9.091119864024221897e-06
9.091099855140782893e-06
9.091079846257343888e-06
9.091052561416290700e-06
9.091039828490465879e-06
9.091026186069939286e-06
9.091006177186500281e-06
9.090983439818955958e-06
9.090963430935516953e-06
9.090939784073270857e-06
9.090918865695130080e-06
9.090894309338182211e-06
9.090871571970637888e-06
9.090863386518321931e-06
9.090843377634882927e-06
9.090827006730251014e-06
9.090805178857408464e-06
9.090783350984565914e-06
9.090763342101126909e-06
9.090752428164705634e-06
9.090726052818354219e-06
9.090710591408424079e-06
9.090687854040879756e-06
9.090669664146844298e-06
9.090644198295194656e-06
9.090629646379966289e-06
9.090608728001825511e-06
9.090593266591895372e-06
9.090565072256140411e-06
9.090538696909788996e-06
9.090518688026349992e-06
9.090512321563437581e-06
9.090486855711787939e-06
9.090464118344243616e-06
9.090458661376032978e-06
9.090425010072067380e-06
9.090396815736312419e-06
9.090382263821084052e-06
9.090374078368768096e-06
9.090345884033013135e-06
9.090323146665468812e-06
9.090315870707854629e-06
9.090289495361503214e-06
9.090272214962169528e-06
9.090256753552239388e-06
9.090230378205887973e-06
9.090208550333045423e-06
9.090181265491992235e-06
9.090170351555570960e-06
9.090148523682728410e-06
9.090129424293991178e-06
9.090110324905253947e-06
9.090084859053604305e-06
9.090067578654270619e-06
9.090049388760235161e-06
9.090031198866199702e-06
9.090009370993357152e-06
9.089988452615216374e-06
9.089974810194689780e-06
9.089944796869531274e-06
9.089922968996688724e-06
9.089909326576162130e-06
9.089885679713916034e-06
9.089867489819880575e-06
9.089853847399353981e-06
9.089830200537107885e-06
9.089802915696054697e-06
9.089790182770229876e-06
9.089770173886790872e-06
9.089761988434474915e-06
9.089749255508650094e-06
9.089734703593421727e-06
9.089719242183491588e-06
9.089717423194088042e-06
9.089702871278859675e-06
9.089697414310649037e-06
9.089690138353034854e-06
9.089671038964297622e-06
9.089670129469595850e-06
9.089657396543771029e-06
9.089643754123244435e-06
9.089638297155033797e-06
9.089626473723910749e-06
9.089614650292787701e-06
9.089604645851068199e-06
9.089590093935839832e-06
9.089580089494120330e-06
9.089567356568295509e-06
9.089561899600084871e-06
9.089544619200751185e-06
9.089537343243137002e-06
9.089528248296119273e-06
9.089521881833206862e-06
9.089516424864996225e-06
9.089508239412680268e-06
9.089493687497451901e-06
9.089484592550434172e-06
9.089474588108714670e-06
9.089459126698784530e-06
9.089452760235872120e-06
9.089442755794152617e-06
9.089439117815345526e-06
9.089424565900117159e-06
9.089412742468994111e-06
9.089401828532572836e-06
9.089391824090853333e-06
9.089382729143835604e-06
9.089375453186221421e-06
9.089355444302782416e-06
9.089348168345168233e-06
9.089337254408746958e-06
9.089332706935238093e-06
9.089315426535904408e-06
9.089300874620676041e-06
9.089295417652465403e-06
9.089280865737237036e-06
9.089279046747833490e-06
9.089271770790219307e-06
9.089251761906780303e-06
9.089249942917376757e-06
9.089237209991551936e-06
9.089221748581621796e-06
9.089209925150498748e-06
9.089200830203481019e-06
9.089190825761761516e-06
9.089184459298849106e-06
9.089176273846533149e-06
9.089155355468392372e-06
9.089145351026672870e-06
9.089133527595549822e-06
9.089122613659128547e-06
9.089111699722707272e-06
9.089103514270391315e-06
9.089098966796882451e-06
9.089083505386952311e-06
9.089082595892250538e-06
9.089066224987618625e-06
9.089054401556495577e-06
9.089038940146565437e-06
9.089033483178354800e-06
9.089028026210144162e-06
9.089012564800214022e-06
9.089000741369090974e-06
9.088994374906178564e-06
9.088984370464459062e-06
9.088972547033336014e-06
9.088955266634002328e-06
9.088948900171089917e-06
9.088935257750563323e-06
9.088931619771756232e-06
9.088917067856527865e-06
9.088899787457194179e-06
9.088897058973088861e-06
9.088882507057860494e-06
9.088876140594948083e-06
9.088861588679719716e-06
9.088857041206210852e-06
9.088838851312175393e-06
9.088838851312175393e-06
9.088822480407543480e-06
9.088817023439332843e-06
9.088802471524104476e-06
9.088795195566490293e-06
9.088781553145963699e-06
9.088769729714840651e-06
9.088758815778419375e-06
9.088746082852594554e-06
9.088735168916173279e-06
9.088722435990348458e-06
9.088705155591014773e-06
9.088698789128102362e-06
9.088698789128102362e-06
9.088680599234066904e-06
9.088664228329434991e-06
9.088658771361224353e-06
9.088660590350627899e-06
9.088638762477785349e-06
9.088631486520171165e-06
9.088615115615539253e-06
9.088606020668521523e-06
9.088596016226802021e-06
9.088576007343363017e-06
9.088574188353959471e-06
9.088560545933432877e-06
9.088549631997011602e-06
9.088540537049993873e-06
9.088525985134765506e-06
9.088517799682449549e-06
9.088511433219537139e-06
9.088504157261922956e-06
9.088487786357291043e-06
9.088475053431466222e-06
9.088472324947360903e-06
9.088455954042728990e-06
9.088452316063921899e-06
9.088430488191079348e-06
9.088424121728166938e-06
9.088413207791745663e-06
9.088396836887113750e-06
9.088387741940096021e-06
9.088376828003674746e-06
9.088372280530165881e-06
9.088363185583148152e-06
9.088349543162621558e-06
9.088345905183814466e-06
9.088324077310971916e-06
9.088317710848059505e-06
9.088296792469918728e-06
9.088291335501708090e-06
9.088279512070585042e-06
9.088270417123567313e-06
9.088260412681847811e-06
9.088247679756022990e-06
9.088234946830198169e-06
9.088227670872583985e-06
9.088213118957355618e-06
9.088204024010337889e-06
9.088200386031530797e-06
9.088178558158688247e-06
9.088169463211670518e-06
9.088161277759354562e-06
9.088150363822933286e-06
9.088143087865319103e-06
9.088134902413003147e-06
9.088120350497774780e-06
9.088103070098441094e-06
9.088093065656721592e-06
9.088079423236194998e-06
9.088065780815668404e-06
9.088059414352755994e-06
9.088045771932229400e-06
9.088038495974615216e-06
9.088022125069983304e-06
9.088018487091176212e-06
9.088006663660053164e-06
9.087994840228930116e-06
9.087989383260719478e-06
9.087973012356087565e-06
9.087965736398473382e-06
9.087949365493841469e-06
9.087936632568016648e-06
9.087923899642191827e-06
9.087911166716367006e-06
9.087905709748156369e-06
9.087893886317033321e-06
9.087885700864717364e-06
9.087872967938892543e-06
9.087863872991874814e-06
9.087851140066049993e-06
9.087836588150821626e-06
9.087829312193207443e-06
9.087816579267382622e-06
9.087802027352154255e-06
9.087795660889241844e-06
9.087781108974013478e-06
9.087771104532293975e-06
9.087756552617065609e-06
9.087744729185942560e-06
9.087742000701837242e-06
9.087724720302503556e-06
9.087715625355485827e-06
9.087698344956152141e-06
9.087692887987941504e-06
9.087681974051520228e-06
9.087671969609800726e-06
9.087661965168081224e-06
9.087641046789940447e-06
9.087629223358817399e-06
9.087620128411799669e-06
9.087616490432992578e-06
9.087613761948887259e-06
9.087609214475378394e-06
9.087605576496571302e-06
9.087593753065448254e-06
9.087589205591939390e-06
9.087585567613132298e-06
9.087581020139623433e-06
9.087587386602535844e-06
9.087571925192605704e-06
9.087567377719096839e-06
9.087552825803868473e-06
9.087547368835657835e-06
9.087543730856850743e-06
9.087534635909833014e-06
9.087527359952218831e-06
9.087523721973411739e-06
9.087522812478709966e-06
9.087515536521095783e-06
9.087510989047586918e-06
9.087501894100569189e-06
9.087502803595270962e-06
9.087498256121762097e-06
9.087490070669446141e-06
9.087481885217130184e-06
9.087476428248919547e-06
9.087479156733024865e-06
9.087470971280708909e-06
9.087467333301901817e-06
9.087460966838989407e-06
9.087460057344287634e-06
9.087449143407866359e-06
9.087440957955550402e-06
9.087431863008532673e-06
9.087427315535023808e-06
9.087423677556216717e-06
9.087418220588006079e-06
9.087411854125093669e-06
9.087412763619795442e-06
9.087402759178075939e-06
9.087402759178075939e-06
9.087390935746952891e-06
9.087381840799935162e-06
9.087372745852917433e-06
9.087370926863513887e-06
9.087365469895303249e-06
9.087360922421794385e-06
9.087359103432390839e-06
9.087350008485373110e-06
9.087342732527758926e-06
9.087339094548951834e-06
9.087325452128425241e-06
9.087321814149618149e-06
9.087315447686705738e-06
9.087313628697302192e-06
9.087308171729091555e-06
9.087299076782073826e-06
9.087289072340354323e-06
9.087281796382740140e-06
9.087281796382740140e-06
9.087279067898634821e-06
9.087271791941020638e-06
9.087263606488704681e-06
9.087260878004599363e-06
9.087259059015195817e-06
9.087252692552283406e-06
9.087251783057581633e-06
9.087238140637055039e-06
9.087232683668844402e-06
9.087232683668844402e-06
9.087217222258914262e-06
9.087215403269510716e-06
9.087211765290703624e-06
9.087201760848984122e-06
9.087199941859580576e-06
9.087187208933755755e-06
9.087184480449650437e-06
9.087179932976141572e-06
9.087169019039720297e-06
9.087165381060913205e-06
9.087158105103299022e-06
9.087157195608597249e-06
9.087151738640386611e-06
9.087149010156281292e-06
9.087141734198667109e-06
9.087135367735754699e-06
9.087128091778140515e-06
9.087127182283438742e-06
9.087124453799333423e-06
9.087112630368210375e-06
9.087108992389403284e-06
9.087101716431789100e-06
9.087093530979473144e-06
9.087089893000666052e-06
9.087081707548350096e-06
9.087072612601332366e-06
9.087074431590735912e-06
9.087066246138419956e-06
9.087060789170209318e-06
9.087054422707296908e-06
9.087045327760279179e-06
9.087043508770875633e-06
9.087036232813261449e-06
9.087022590392734855e-06
9.087022590392734855e-06
9.087010766961611807e-06
9.087008947972208261e-06
9.087000762519892305e-06
9.086998034035786986e-06
9.086992577067576349e-06
9.086995305551681668e-06
9.086978934647049755e-06
9.086971658689435571e-06
9.086968930205330253e-06
9.086958016268908978e-06
9.086961654247716069e-06
9.086954378290101886e-06
9.086941645364277065e-06
9.086938916880171746e-06
9.086931640922557563e-06
9.086928912438452244e-06
9.086919817491434515e-06
9.086917998502030969e-06
9.086907084565609694e-06
9.086906175070907921e-06
9.086896170629188418e-06
9.086889804166276008e-06
9.086886166187468916e-06
9.086883437703363597e-06
9.086877980735152960e-06
9.086868885788135231e-06
9.086867066798731685e-06
9.086861609830521047e-06
9.086856152862310410e-06
9.086851605388801545e-06
9.086843419936485589e-06
9.086837962968274951e-06
9.086836143978871405e-06
9.086827958526555449e-06
9.086821592063643038e-06
9.086816135095432401e-06
9.086807040148414671e-06
9.086805221159011126e-06
9.086803402169607580e-06
9.086795216717291623e-06
9.086787031264975667e-06
9.086783393286168575e-06
9.086774298339150846e-06
9.086770660360343754e-06
9.086761565413326025e-06
9.086752470466308296e-06
9.086747013498097658e-06
9.086739737540483475e-06
9.086732461582869291e-06
9.086727004614658654e-06
9.086715181183535606e-06
9.086717909667640924e-06
9.086710633710026741e-06
9.086708814720623195e-06
9.086698810278903693e-06
9.086692443815991282e-06
9.086681529879570007e-06
9.086676072911359370e-06
9.086672434932552278e-06
9.086659702006727457e-06
9.086657883017323911e-06
9.086656973522622138e-06
9.086647878575604409e-06
9.086636055144481361e-06
9.086635145649779588e-06
9.086625141208060086e-06
9.086619684239849448e-06
9.086618774745147675e-06
9.086610589292831719e-06
9.086596037377603352e-06
9.086596946872305125e-06
9.086593308893498033e-06
9.086585123441182077e-06
9.086576937988866121e-06
9.086574209504760802e-06
9.086563295568339527e-06
9.086559657589532435e-06
9.086556929105427116e-06
9.086549653147812933e-06
9.086544196179602295e-06
9.086538739211391658e-06
9.086526915780268610e-06
9.086523277801461518e-06
9.086512363865040243e-06
9.086512363865040243e-06
9.086508725886233151e-06
9.086506906896829605e-06
9.086497811949811876e-06
9.086490535992197692e-06
9.086485079023987055e-06
9.086482350539881736e-06
9.086474165087565780e-06
9.086462341656442732e-06
9.086459613172337413e-06
9.086452337214723229e-06
9.086449608730617911e-06
9.086450518225319684e-06
9.086439604288898408e-06
9.086447789741214365e-06
9.086437785299494863e-06
9.086435056815389544e-06
9.086432328331284225e-06
9.086426871363073587e-06
9.086421414394862950e-06
9.086425052373670042e-06
9.086417776416055858e-06
9.086416866921354085e-06
9.086414138437248766e-06
9.086406862479634583e-06
9.086410500458441675e-06
9.086415047931950539e-06
9.086406862479634583e-06
9.086402315006125718e-06
9.086399586522020400e-06
9.086389582080300897e-06
9.086386853596195579e-06
9.086388672585599124e-06
9.086385034606792033e-06
9.086386853596195579e-06
9.086376849154476076e-06
9.086368663702160120e-06
9.086368663702160120e-06
9.086365025723353028e-06
9.086363206733949482e-06
9.086358659260440618e-06
9.086356840271037072e-06
9.086358659260440618e-06
9.086355930776335299e-06
9.086344107345212251e-06
9.086342288355808705e-06
9.086341378861106932e-06
9.086345016839914024e-06
9.086334102903492749e-06
9.086331374419387430e-06
9.086327736440580338e-06
9.086326826945878565e-06
9.086322279472369701e-06
9.086315913009457290e-06
9.086319550988264382e-06
9.086314094020053744e-06
9.086304999073036015e-06
9.086314094020053744e-06
9.086306818062439561e-06
9.086302270588930696e-06
9.086301361094228923e-06
9.086303180083632469e-06
9.086301361094228923e-06
9.086299542104825377e-06
9.086286809179000556e-06
9.086286809179000556e-06
9.086283171200193465e-06
9.086281352210789919e-06
9.086277714231982827e-06
9.086269528779666871e-06
9.086271347769070417e-06
9.086270438274368644e-06
9.086264981306158006e-06
9.086257705348543823e-06
9.086264981306158006e-06
9.086254067369736731e-06
9.086244062928017229e-06
9.086241334443911910e-06
9.086238605959806591e-06
9.086234058486297727e-06
9.086224963539279997e-06
9.086228601518087089e-06
9.086229511012788862e-06
9.086225873033981770e-06
9.086225873033981770e-06
9.086217687581665814e-06
9.086214959097560495e-06
9.086213140108156949e-06
9.086212230613455176e-06
9.086201316677033901e-06
9.086202226171735674e-06
9.086198588192928582e-06
9.086193131224717945e-06
9.086186764761805534e-06
9.086190402740612626e-06
9.086181307793594897e-06
9.086181307793594897e-06
9.086175850825384259e-06
9.086175850825384259e-06
9.086172212846577168e-06
9.086169484362471849e-06
9.086164936888962984e-06
9.086160389415454119e-06
9.086155841941945255e-06
9.086152203963138163e-06
9.086153113457839936e-06
9.086146746994927526e-06
9.086144018510822207e-06
9.086138561542611569e-06
9.086140380532015115e-06
9.086132195079699159e-06
9.086138561542611569e-06
9.086134014069102705e-06
9.086136742553208023e-06
9.086129466595593840e-06
9.086124009627383202e-06
9.086120371648576111e-06
9.086116733669769019e-06
9.086117643164470792e-06
9.086116733669769019e-06
9.086110367206856608e-06
9.086106729228049517e-06
9.086103091249242425e-06
9.086100362765137106e-06
9.086097634281031787e-06
9.086093996302224696e-06
9.086091267818119377e-06
9.086090358323417604e-06
9.086080353881698102e-06
9.086073987418785691e-06
9.086070349439978600e-06
9.086070349439978600e-06
9.086071258934680372e-06
9.086065801966469735e-06
9.086063073482364416e-06
9.086064892471767962e-06
9.086057616514153779e-06
9.086055797524750233e-06
9.086052159545943141e-06
9.086046702577732503e-06
9.086041245609521866e-06
9.086037607630714774e-06
9.086034879146609455e-06
9.086027603188995272e-06
9.086028512683697045e-06
9.086024874704889953e-06
9.086017598747275770e-06
9.086021236726082861e-06
9.086016689252573997e-06
9.086011232284363359e-06
9.086012141779065132e-06
9.086010322789661586e-06
9.086007594305556267e-06
9.086001227842643857e-06
9.085996680369134992e-06
9.085993951885029674e-06
9.085997589863836765e-06
9.085992132895626128e-06
9.085986675927415490e-06
9.085982128453906626e-06
9.085983037948608398e-06
9.085977580980397761e-06
9.085973943001590669e-06
9.085973943001590669e-06
9.085974852496292442e-06
9.085973943001590669e-06
9.085966667043976486e-06
9.085961210075765848e-06
9.085952115128748119e-06
9.085953024623449892e-06
9.085949386644642800e-06
9.085944839171133935e-06
9.085941201192326844e-06
9.085952115128748119e-06
9.085938472708221525e-06
9.085933925234712660e-06
9.085924830287694931e-06
9.085926649277098477e-06
9.085917554330080748e-06
9.085913916351273656e-06
9.085911187867168337e-06
9.085910278372466564e-06
9.085903911909554154e-06
9.085904821404255927e-06
9.085899364436045289e-06
9.085893907467834651e-06
9.085883903026115149e-06
9.085883903026115149e-06
9.085881174542009830e-06
9.085878446057904512e-06
9.085874808079097420e-06
9.085873898584395647e-06
9.085869351110886782e-06
9.085862984647974372e-06
9.085867532121483237e-06
9.085860256163869053e-06
9.085854799195658416e-06
9.085852070711553097e-06
9.085846613743342459e-06
9.085846613743342459e-06
9.085847523238044232e-06
9.085837518796324730e-06
9.085832061828114092e-06
9.085831152333412319e-06
9.085826604859903455e-06
9.085824785870499909e-06
9.085827514354605228e-06
9.085823876375798136e-06
9.085820238396991044e-06
9.085809324460569769e-06
9.085809324460569769e-06
9.085806595976464450e-06
9.085801139008253813e-06
9.085806595976464450e-06
9.085804776987060905e-06
9.085805686481762677e-06
9.085793863050639629e-06
9.085797501029446721e-06
9.085801139008253813e-06
9.085800229513552040e-06
9.085792044061236084e-06
9.085797501029446721e-06
9.085795682040043175e-06
9.085785677598323673e-06
9.085789315577130765e-06
9.085784768103621900e-06
9.085788406082428992e-06
9.085780220630113035e-06
9.085780220630113035e-06
9.085787496587727219e-06
9.085778401640709490e-06
9.085774763661902398e-06
9.085776582651305944e-06
9.085773854167200625e-06
9.085772035177797079e-06
9.085772035177797079e-06
9.085763849725481123e-06
9.085768397198989987e-06
9.085762940230779350e-06
9.085762940230779350e-06
9.085762030736077577e-06
9.085759302251972258e-06
9.085756573767866939e-06
9.085759302251972258e-06
9.085752935789059848e-06
9.085750207304954529e-06
9.085747478820849210e-06
9.085745659831445664e-06
9.085745659831445664e-06
9.085742931347340345e-06
9.085742931347340345e-06
9.085740202863235027e-06
9.085736564884427935e-06
9.085737474379129708e-06
9.085737474379129708e-06
9.085737474379129708e-06
9.085734745895024389e-06
9.085734745895024389e-06
9.085730198421515524e-06
9.085733836400322616e-06
9.085728379432111979e-06
9.085727469937410206e-06
9.085721103474497795e-06
9.085730198421515524e-06
9.085729288926813751e-06
9.085722922463901341e-06
9.085726560442708433e-06
9.085723831958603114e-06
9.085719284485094249e-06
9.085717465495690703e-06
9.085719284485094249e-06
9.085720193979796022e-06
9.085708370548672974e-06
9.085706551559269428e-06
9.085704732569865882e-06
9.085704732569865882e-06
9.085701094591058791e-06
9.085702004085760564e-06
9.085698366106953472e-06
9.085695637622848153e-06
9.085696547117549926e-06
9.085693818633444607e-06
9.085687452170532197e-06
9.085693818633444607e-06
9.085688361665233970e-06
9.085681085707619786e-06
9.085684723686426878e-06
9.085686542675830424e-06
9.085678357223514467e-06
9.085680176212918013e-06
9.085679266718216240e-06
9.085675628739409149e-06
9.085682904697023332e-06
9.085677447728812695e-06
9.085674719244707376e-06
9.085669262276496738e-06
9.085671990760602057e-06
9.085671990760602057e-06
9.085671081265900284e-06
9.085661986318882555e-06
9.085662895813584328e-06
9.085658348340075463e-06
9.085657438845373690e-06
9.085658348340075463e-06
9.085661076824180782e-06
9.085665624297689646e-06
9.085658348340075463e-06
9.085653800866566598e-06
9.085656529350671917e-06
9.085648343898355961e-06
9.085650162887759507e-06
9.085648343898355961e-06
9.085650162887759507e-06
9.085644705919548869e-06
9.085639248951338232e-06
9.085641067940741777e-06
9.085631972993724048e-06
9.085639248951338232e-06
9.085631972993724048e-06
9.085634701477829367e-06
9.085631063499022275e-06
9.085630154004320502e-06
9.085629244509618729e-06
9.085626516025513411e-06
9.085629244509618729e-06
9.085617421078495681e-06
9.085624697036109865e-06
9.085621968552004546e-06
9.085620149562601000e-06
9.085621968552004546e-06
9.085622878046706319e-06
9.085617421078495681e-06
9.085611054615583271e-06
9.085610145120881498e-06
9.085607416636776179e-06
9.085606507142074406e-06
9.085610145120881498e-06
9.085602869163267314e-06
9.085604688152670860e-06
9.085600140679161996e-06
9.085594683710951358e-06
9.085601050173863769e-06
9.085599231184460223e-06
9.085600140679161996e-06
9.085600140679161996e-06
9.085593774216249585e-06
9.085593774216249585e-06
9.085590136237442493e-06
9.085587407753337175e-06
9.085582860279828310e-06
9.085588317248038948e-06
9.085583769774530083e-06
9.085582860279828310e-06
9.085578312806319445e-06
9.085570127354003489e-06
9.085575584322214127e-06
9.085570127354003489e-06
9.085573765332810581e-06
9.085567398869898170e-06
9.085569217859301716e-06
9.085565579880494624e-06
9.085566489375196397e-06
9.085566489375196397e-06
9.085562851396389306e-06
9.085561032406985760e-06
9.085565579880494624e-06
9.085561032406985760e-06
9.085561032406985760e-06
9.085552846954669803e-06
9.085557394428178668e-06
9.085556484933476895e-06
9.085557394428178668e-06
9.085550118470564485e-06
9.085547389986459166e-06
9.085546480491757393e-06
9.085539204534143209e-06
9.085541933018248528e-06
9.085537385544739664e-06
9.085534657060634345e-06
9.085525562113616616e-06
9.085535566555336118e-06
9.085532838071230799e-06
9.085526471608318388e-06
9.085522833629511297e-06
9.085524652618914843e-06
9.085519195650704205e-06
9.085520105145405978e-06
9.085519195650704205e-06
9.085511919693090022e-06
9.085518286156002432e-06
9.085510100703686476e-06
9.085510100703686476e-06
9.085506462724879384e-06
9.085509191208984703e-06
9.085511919693090022e-06
9.085511010198388249e-06
9.085501915251370519e-06
9.085507372219581157e-06
9.085501005756668746e-06
9.085499186767265201e-06
9.085495548788458109e-06
9.085489182325545698e-06
9.085499186767265201e-06
9.085490091820247471e-06
9.085491001314949244e-06
9.085487363336142153e-06
9.085490091820247471e-06
9.085488272830843925e-06
9.085486453841440380e-06
9.085480087378527969e-06
9.085476449399720877e-06
9.085477358894422650e-06
9.085475539905019104e-06
9.085470992431510240e-06
9.085478268389124423e-06
9.085473720915615559e-06
9.085473720915615559e-06
9.085471901926212013e-06
9.085464625968597829e-06
9.085465535463299602e-06
9.085468263947404921e-06
9.085468263947404921e-06
9.085464625968597829e-06
9.085463716473896056e-06
9.085460987989790738e-06
9.085461897484492511e-06
9.085459169000387192e-06
9.085462806979194283e-06
9.085461897484492511e-06
9.085460078495088965e-06
9.085460078495088965e-06
9.085460987989790738e-06
9.085456440516281873e-06
9.085463716473896056e-06
9.085456440516281873e-06
9.085457350010983646e-06
9.085458259505685419e-06
9.085457350010983646e-06
9.085458259505685419e-06
9.085455531021580100e-06
9.085455531021580100e-06
9.085450074053369462e-06
9.085450983548071235e-06
9.085450074053369462e-06
9.085445526579860598e-06
9.085445526579860598e-06
9.085446436074562371e-06
9.085448255063965917e-06
9.085440979106351733e-06
9.085440979106351733e-06
9.085443707590457052e-06
9.085446436074562371e-06
9.085436431632842869e-06
9.085440069611649960e-06
9.085433703148737550e-06
9.085438250622246414e-06
9.085440069611649960e-06
9.085437341127544641e-06
9.085431884159334004e-06
9.085436431632842869e-06
9.085433703148737550e-06
9.085433703148737550e-06
9.085428246180526912e-06
9.085435522138141096e-06
9.085431884159334004e-06
9.085437341127544641e-06
9.085429155675228685e-06
9.085429155675228685e-06
9.085428246180526912e-06
9.085427336685825139e-06
9.085421879717614502e-06
9.085426427191123366e-06
9.085423698707018048e-06
9.085426427191123366e-06
9.085424608201719820e-06
9.085428246180526912e-06
9.085424608201719820e-06
9.085421879717614502e-06
9.085424608201719820e-06
9.085422789212316275e-06
9.085422789212316275e-06
9.085424608201719820e-06
9.085420060728210956e-06
9.085416422749403864e-06
9.085419151233509183e-06
9.085420060728210956e-06
9.085418241738807410e-06
9.085414603760000318e-06
9.085423698707018048e-06
9.085414603760000318e-06
9.085417332244105637e-06
9.085421879717614502e-06
9.085412784770596772e-06
9.085415513254702091e-06
9.085415513254702091e-06
9.085416422749403864e-06
9.085420970222912729e-06
9.085413694265298545e-06
9.085410056286491454e-06
9.085410056286491454e-06
9.085408237297087908e-06
9.085408237297087908e-06
9.085413694265298545e-06
9.085410965781193227e-06
9.085409146791789681e-06
9.085406418307684362e-06
9.085406418307684362e-06
9.085403689823579043e-06
9.085401870834175497e-06
9.085402780328877270e-06
9.085399142350070179e-06
9.085391866392455995e-06
9.085400961339473724e-06
9.085395504371263087e-06
9.085396413865964860e-06
9.085396413865964860e-06
9.085391866392455995e-06
9.085388228413648903e-06
9.085391866392455995e-06
9.085390047403052449e-06
9.085390047403052449e-06
9.085388228413648903e-06
9.085387318918947130e-06
9.085384590434841812e-06
9.085381861950736493e-06
9.085383680940140039e-06
9.085388228413648903e-06
9.085386409424245358e-06
9.085384590434841812e-06
9.085390956897754222e-06
9.085391866392455995e-06
9.085384590434841812e-06
9.085387318918947130e-06
9.085388228413648903e-06
9.085387318918947130e-06
9.085380952456034720e-06
9.085379133466631174e-06
9.085380952456034720e-06
9.085379133466631174e-06
9.085374585993122309e-06
9.085378223971929401e-06
9.085379133466631174e-06
9.085373676498420537e-06
9.085375495487824082e-06
9.085380042961332947e-06
9.085377314477227628e-06
9.085375495487824082e-06
9.085376404982525855e-06
9.085371857509016991e-06
9.085377314477227628e-06
9.085370038519613445e-06
9.085370038519613445e-06
9.085366400540806353e-06
9.085367310035508126e-06
9.085361853067297488e-06
9.085365491046104580e-06
9.085364581551402807e-06
9.085360943572595716e-06
9.085356396099086851e-06
9.085358215088490397e-06
9.085353667614981532e-06
9.085356396099086851e-06
9.085353667614981532e-06
9.085352758120279759e-06
9.085359124583192170e-06
9.085347301152069122e-06
9.085350029636174440e-06
9.085350939130876213e-06
9.085345482162665576e-06
9.085351848625577986e-06
9.085344572667963803e-06
9.085350029636174440e-06
9.085344572667963803e-06
9.085341844183858484e-06
9.085342753678560257e-06
9.085343663173262030e-06
9.085347301152069122e-06
9.085345482162665576e-06
9.085346391657367349e-06
9.085342753678560257e-06
9.085342753678560257e-06
9.085345482162665576e-06
9.085340025194454938e-06
9.085345482162665576e-06
9.085340934689156711e-06
9.085337296710349619e-06
9.085332749236840755e-06
9.085341844183858484e-06
9.085336387215647846e-06
9.085338206205051392e-06
9.085339115699753165e-06
9.085333658731542528e-06
9.085335477720946074e-06
9.085325473279226571e-06
9.085330020752735436e-06
9.085330020752735436e-06
9.085324563784524798e-06
9.085328201763331890e-06
9.085330020752735436e-06
9.085326382773928344e-06
9.085326382773928344e-06
9.085325473279226571e-06
9.085330020752735436e-06
9.085319106816314161e-06
9.085318197321612388e-06
9.085321835300419480e-06
9.085319106816314161e-06
9.085317287826910615e-06
9.085319106816314161e-06
9.085317287826910615e-06
9.085319106816314161e-06
9.085315468837507069e-06
9.085317287826910615e-06
9.085317287826910615e-06
9.085311830858699977e-06
9.085313649848103523e-06
9.085315468837507069e-06
9.085315468837507069e-06
9.085315468837507069e-06
9.085315468837507069e-06
9.085316378332208842e-06
9.085310921363998204e-06
9.085305464395787567e-06
9.085305464395787567e-06
9.085311830858699977e-06
9.085311830858699977e-06
9.085311830858699977e-06
9.085310921363998204e-06
9.085314559342805296e-06
9.085303645406384021e-06
9.085312740353401750e-06
9.085302735911682248e-06
9.085302735911682248e-06
9.085302735911682248e-06
9.085304554901085794e-06
9.085304554901085794e-06
9.085299097932875156e-06
9.085307283385191113e-06
9.085306373890489340e-06
9.085306373890489340e-06
9.085300007427576929e-06
9.085305464395787567e-06
9.085303645406384021e-06
9.085300916922278702e-06
9.085299097932875156e-06
9.085303645406384021e-06
9.085300007427576929e-06
9.085304554901085794e-06
9.085297278943471611e-06
9.085294550459366292e-06
9.085297278943471611e-06
9.085304554901085794e-06
9.085299097932875156e-06
9.085300007427576929e-06
9.085304554901085794e-06
9.085301826416980475e-06
9.085295459954068065e-06
9.085296369448769838e-06
9.085295459954068065e-06
9.085292731469962746e-06
9.085300916922278702e-06
9.085292731469962746e-06
9.085293640964664519e-06
9.085287274501752108e-06
9.085290002985857427e-06
9.085291821975260973e-06
9.085290002985857427e-06
9.085292731469962746e-06
9.085282727028243244e-06
9.085293640964664519e-06
9.085287274501752108e-06
9.085288183996453881e-06
9.085288183996453881e-06
9.085291821975260973e-06
9.085286365007050335e-06
9.085284546017646790e-06
9.085288183996453881e-06
9.085281817533541471e-06
9.085280908038839698e-06
9.085286365007050335e-06
9.085278179554734379e-06
9.085279998544137925e-06
9.085284546017646790e-06
9.085280908038839698e-06
9.085284546017646790e-06
9.085283636522945017e-06
9.085280908038839698e-06
9.085279089049436152e-06
9.085286365007050335e-06
9.085282727028243244e-06
9.085275451070629060e-06
9.085276360565330833e-06
9.085272722586523741e-06
9.085277270060032606e-06
9.085280908038839698e-06
9.085278179554734379e-06
9.085277270060032606e-06
9.085279998544137925e-06
9.085274541575927287e-06
9.085279089049436152e-06
9.085275451070629060e-06
9.085279089049436152e-06
9.085272722586523741e-06
9.085269994102418423e-06
9.085273632081225514e-06
9.085270903597120196e-06
9.085269994102418423e-06
9.085279089049436152e-06
9.085275451070629060e-06
9.085274541575927287e-06
9.085275451070629060e-06
9.085276360565330833e-06
9.085271813091821969e-06
9.085272722586523741e-06
9.085273632081225514e-06
9.085271813091821969e-06
9.085268175113014877e-06
9.085269084607716650e-06
9.085274541575927287e-06
9.085269994102418423e-06
9.085267265618313104e-06
9.085270903597120196e-06
9.085267265618313104e-06
9.085265446628909558e-06
9.085269994102418423e-06
9.085269084607716650e-06
9.085269994102418423e-06
9.085268175113014877e-06
9.085267265618313104e-06
9.085264537134207785e-06
9.085267265618313104e-06
9.085268175113014877e-06
9.085264537134207785e-06
9.085266356123611331e-06
9.085265446628909558e-06
9.085266356123611331e-06
9.085256351681891829e-06
9.085260899155400693e-06
9.085260899155400693e-06
9.085258170671295375e-06
9.085261808650102466e-06
9.085258170671295375e-06
9.085256351681891829e-06
9.085254532692488283e-06
9.085259989660698920e-06
9.085254532692488283e-06
9.085252713703084737e-06
9.085257261176593602e-06
9.085249985218979418e-06
9.085249985218979418e-06
9.085252713703084737e-06
9.085251804208382964e-06
9.085256351681891829e-06
9.085251804208382964e-06
9.085248166229575872e-06
9.085246347240172327e-06
9.085242709261365235e-06
9.085248166229575872e-06
9.085249075724277645e-06
9.085246347240172327e-06
9.085249985218979418e-06
9.085246347240172327e-06
9.085246347240172327e-06
9.085246347240172327e-06
9.085241799766663462e-06
9.085243618756067008e-06
9.085240890271961689e-06
9.085246347240172327e-06
9.085246347240172327e-06
9.085246347240172327e-06
9.085239071282558143e-06
9.085242709261365235e-06
9.085239071282558143e-06
9.085241799766663462e-06
9.085246347240172327e-06
9.085244528250768781e-06
9.085240890271961689e-06
9.085240890271961689e-06
9.085240890271961689e-06
9.085239071282558143e-06
9.085238161787856370e-06
9.085240890271961689e-06
9.085244528250768781e-06
9.085239980777259916e-06
9.085240890271961689e-06
9.085242709261365235e-06
9.085240890271961689e-06
9.085239980777259916e-06
9.085233614314347506e-06
9.085238161787856370e-06
9.085233614314347506e-06
9.085239071282558143e-06
9.085242709261365235e-06
9.085237252293154597e-06
9.085239980777259916e-06
9.085234523809049278e-06
9.085233614314347506e-06
9.085236342798452824e-06
9.085235433303751051e-06
9.085234523809049278e-06
9.085237252293154597e-06
9.085229976335540414e-06
9.085229976335540414e-06
9.085228157346136868e-06
9.085229066840838641e-06
9.085231795324943960e-06
9.085229066840838641e-06
9.085227247851435095e-06
9.085228157346136868e-06
9.085227247851435095e-06
