3.425747156143188477e-01
1.035251021385192871e-01
2.155670896172523499e-02
2.012722194194793701e-02
2.974578365683555603e-02
3.414931148290634155e-02
3.214424848556518555e-02
2.644179575145244598e-02
1.948438957333564758e-02
1.377025060355663300e-02
1.109149307012557983e-02
9.484544396400451660e-03
8.522413671016693115e-03
7.896678522229194641e-03
7.624032907187938690e-03
7.257707417011260986e-03
7.088422775268554688e-03
6.545315496623516083e-03
5.774455610662698746e-03
4.891883581876754761e-03
3.976650070399045944e-03
3.133809193968772888e-03
2.550836885347962379e-03
2.193436957895755768e-03
2.031069481745362282e-03
1.902831369079649448e-03
1.769101363606750965e-03
1.618875889107584953e-03
1.454061479307711124e-03
1.300503965467214584e-03
1.170279923826456070e-03
1.078582135960459709e-03
1.036720699630677700e-03
9.991656988859176636e-04
9.638280025683343410e-04
9.290218586102128029e-04
8.933285134844481945e-04
8.506555459462106228e-04
7.947557605803012848e-04
7.388202357105910778e-04
6.783572025597095490e-04
6.170051638036966324e-04
5.531840142793953419e-04
4.898823681287467480e-04
4.281811998225748539e-04
3.722883702721446753e-04
3.270203887950628996e-04
2.904244465753436089e-04
2.637923462316393852e-04
2.449605381116271019e-04
2.287941024405881763e-04
2.140067372238263488e-04
2.015509962802752852e-04
1.900659553939476609e-04
1.776963763404637575e-04
1.645737211219966412e-04
1.506194821558892727e-04
1.366467331536114216e-04
1.268679334316402674e-04
1.205890876008197665e-04
1.180057879537343979e-04
1.152329423348419368e-04
1.109135992010124028e-04
1.057557601598091424e-04
1.017754693748429418e-04
9.772519115358591080e-05
9.219907224178314209e-05
8.577828702982515097e-05
7.984205876709893346e-05
7.465541420970112085e-05
7.021534838713705540e-05
6.594129081349819899e-05
6.215800385689362884e-05
5.882882396690547466e-05
5.630695159197784960e-05
5.420762317953631282e-05
5.204979242989793420e-05
4.996053030481562018e-05
4.831696423934772611e-05
4.700870704255066812e-05
4.587919829646125436e-05
4.476666072150692344e-05
4.375289790914393961e-05
4.298477142583578825e-05
4.221863855491392314e-05
4.128267028136178851e-05
4.011575583717785776e-05
3.902412572642788291e-05
3.800409831455908716e-05
3.698570071719586849e-05
3.597889008233323693e-05
3.511012982926331460e-05
3.440044747549109161e-05
3.371120692463591695e-05
3.305526479380205274e-05
3.252411261200904846e-05
3.216444747522473335e-05
3.186121466569602489e-05
3.154233854729682207e-05
3.131748599116690457e-05
3.115894287475384772e-05
3.098903835052624345e-05
3.072654726565815508e-05
3.045676930923946202e-05
3.017154085682705045e-05
2.985421269841026515e-05
2.954596493509598076e-05
2.927830792032182217e-05
2.903075437643565238e-05
2.878708255593664944e-05
2.854996273526921868e-05
2.835347549989819527e-05
2.816006235661916435e-05
2.796584522002376616e-05
2.780816794256679714e-05
2.765745375654660165e-05
2.752046202658675611e-05
2.734146619332022965e-05
2.716285962378606200e-05
2.701403536775615066e-05
2.684275750652886927e-05
2.663797204149886966e-05
2.646049506438430399e-05
2.629248774610459805e-05
2.612969547044485807e-05
2.594979014247655869e-05
2.578178464318625629e-05
2.562355439295060933e-05
2.547497570049017668e-05
2.532483995310030878e-05
2.516701715649105608e-05
2.501182461855933070e-05
2.485501318005844951e-05
2.470894105499610305e-05
2.454553396091796458e-05
2.440928801661357284e-05
2.426154242129996419e-05
2.412758476566523314e-05
2.398536162218078971e-05
2.385276275163050741e-05
2.371063237660564482e-05
2.358258825552184135e-05
2.344797576370183378e-05
2.332205440325196832e-05
2.319822306162677705e-05
2.306659553141798824e-05
2.293851139256730676e-05
2.279619911860208958e-05
2.266925366711802781e-05
2.253940692753531039e-05
2.241574475192464888e-05
2.229178790003061295e-05
2.217834480688907206e-05
2.206793578807264566e-05
2.197789217461831868e-05
2.185887933592312038e-05
2.175003282900433987e-05
2.164864235965069383e-05
2.153921013814397156e-05
2.144105383194983006e-05
2.131463043042458594e-05
2.123150261468254030e-05
2.111348112521227449e-05
2.102551661664620042e-05
2.091928217851091176e-05
2.081950879073701799e-05
2.071645394607912749e-05
2.062371459032874554e-05
2.052067793556489050e-05
2.042309097305405885e-05
2.032658449024893343e-05
2.023526394623331726e-05
2.013449375226628035e-05
2.004596353799570352e-05
1.994903686863835901e-05
1.985937888093758374e-05
1.977161991817411035e-05
1.968061769730411470e-05
1.959007022378500551e-05
1.950488149304874241e-05
1.941352638823445886e-05
1.932757368194870651e-05
1.924369644257239997e-05
1.915835855470504612e-05
1.907366822706535459e-05
1.899084963952191174e-05
1.891442843771073967e-05
1.882451215351466089e-05
1.875011730589903891e-05
1.867309038061648607e-05
1.863997385953553021e-05
1.855503069236874580e-05
1.848269312176853418e-05
1.840800359786953777e-05
1.834098293329589069e-05
1.827189407777041197e-05
1.819919634726829827e-05
1.812932896427810192e-05
1.805824649636633694e-05
1.798953053366858512e-05
1.792310467862989753e-05
1.788901681720744818e-05
1.785722633940167725e-05
1.782444815034978092e-05
1.779296326276380569e-05
1.776491626515053213e-05
1.773312214936595410e-05
1.770258859323803335e-05
1.767217690940015018e-05
1.764211083354894072e-05
1.761232852004468441e-05
1.758227517711929977e-05
1.755290759319905192e-05
1.752358002704568207e-05
1.749512739479541779e-05
1.746657289913855493e-05
1.743798020470421761e-05
1.740982588671613485e-05
1.738156788633204997e-05
1.735434125293977559e-05
1.732717464619781822e-05
1.729939685901626945e-05
1.728531060507521033e-05
1.725362562865484506e-05
1.722293018247000873e-05
1.719324609439354390e-05
1.717161649139598012e-05
1.713847814244218171e-05
1.711879667709581554e-05
1.708801937638781965e-05
1.706261718936730176e-05
1.703974339761771262e-05
1.701037581369746476e-05
1.698961204965598881e-05
1.696225808700546622e-05
1.693680133030284196e-05
1.691208672127686441e-05
1.688664997345767915e-05
1.686261748545803130e-05
1.683774280536454171e-05
1.681334288150537759e-05
1.680374225543346256e-05
1.679074557614512742e-05
1.675989005889277905e-05
1.672098369454033673e-05
1.671199424890801311e-05
1.667202013777568936e-05
1.666113894316367805e-05
1.663271723373327404e-05
1.660349698795471340e-05
1.659037479839753360e-05
1.655902815400622785e-05
1.654445804888382554e-05
1.652303035371005535e-05
1.649493424338288605e-05
1.647752651479095221e-05
1.645415613893419504e-05
1.643391442485153675e-05
1.641502058191690594e-05
1.639055335544981062e-05
1.637230525375343859e-05
1.635060107219032943e-05
1.632822022656910121e-05
1.630883707548491657e-05
1.628593781788367778e-05
1.626709490665234625e-05
1.625006552785634995e-05
1.622556192160118371e-05
1.620704097149427980e-05
1.618581882212311029e-05
1.616943700355477631e-05
1.614990105736069381e-05
1.612908636161591858e-05
1.610718027222901583e-05
1.608983075129799545e-05
1.607076410437002778e-05
1.605121542525012046e-05
1.603028795216232538e-05
1.601142685103695840e-05
1.599175811861641705e-05
1.597255686647258699e-05
1.595371031726244837e-05
1.593673187016975135e-05
1.591795989952515811e-05
1.589850580785423517e-05
1.587943188496865332e-05
1.586065263836644590e-05
1.584177334734704345e-05
1.582286859047599137e-05
1.580437674419954419e-05
1.578582487127278000e-05
1.576743852638173848e-05
1.575966962263919413e-05
1.574158886796794832e-05
1.572312794451136142e-05
1.570523818372748792e-05
1.568735569890122861e-05
1.566950231790542603e-05
1.565191450936254114e-05
1.563426121720112860e-05
1.561659519211389124e-05
1.559890370117500424e-05
1.558097210363484919e-05
1.556331517349462956e-05
1.554552909510675818e-05
1.552784669911488891e-05
1.551060267956927419e-05
1.549328226246871054e-05
1.547601459606084973e-05
1.545879422337748110e-05
1.544197584735229611e-05
1.542491554573643953e-05
1.540802804811391979e-05
1.539102959213778377e-05
1.537418211228214204e-05
1.535757292003836483e-05
1.534085095045156777e-05
1.532417081762105227e-05
1.530788722448050976e-05
1.529150540591217577e-05
1.527481617813464254e-05
1.525834431959083304e-05
1.524197705293772742e-05
1.522601996839512140e-05
1.520965906820492819e-05
1.519346005807165056e-05
1.518567660241387784e-05
1.516966585768386722e-05
1.515365056548034772e-05
1.513760071247816086e-05
1.512156268290709704e-05
1.510497168055735528e-05
1.508861078036716208e-05
1.507073829998262227e-05
1.505562158854445443e-05
1.504259489593096077e-05
1.503007115388754755e-05
1.501092083344701678e-05
1.499632617196766660e-05
1.497850462328642607e-05
1.496239474363392219e-05
1.495054311817511916e-05
1.493583840783685446e-05
1.491915463702753186e-05
1.490406611992511898e-05
1.488787984271766618e-05
1.487211829953594133e-05
1.485321081418078393e-05
1.483525556977838278e-05
1.482235620642313734e-05
1.480379796703346074e-05
1.478779086028225720e-05
1.476940451539121568e-05
1.475290537200635299e-05
1.473478914704173803e-05
1.471862105972832069e-05
1.470034294470679015e-05
1.468345180910546333e-05
1.466592129872879013e-05
1.464969682274386287e-05
1.463190437789307907e-05
1.461412466596812010e-05
1.459634040656965226e-05
1.457849612052086741e-05
1.456013342249207199e-05
1.454200719308573753e-05
1.452375363442115486e-05
1.450580748496577144e-05
1.448745388188399374e-05
1.446890746592544019e-05
1.446032001695130020e-05
1.443472683604341000e-05
1.441533095203340054e-05
1.439498828403884545e-05
1.439826519344933331e-05
1.436994716641493142e-05
1.436590900993905962e-05
1.434489786333870143e-05
1.431884993507992476e-05
1.429813528375234455e-05
1.427948700438719243e-05
1.426081962563330308e-05
1.424647598469164222e-05
1.422824607288930565e-05
1.421109573129797354e-05
1.419136424374300987e-05
1.417353996657766402e-05
1.416212035110220313e-05
1.414528651366708800e-05
1.413616337231360376e-05
1.411918128724209964e-05
1.410597360518295318e-05
1.409138349117711186e-05
1.407803210895508528e-05
1.406747105647809803e-05
1.405560669809347019e-05
1.404211434419266880e-05
1.402939415129367262e-05
1.401522422384005040e-05
1.400269320583902299e-05
1.399016400682739913e-05
1.398289077769732103e-05
1.397698451910400763e-05
1.397094638377893716e-05
1.396405332343420014e-05
1.395765502820722759e-05
1.395183971908409148e-05
1.394611535943113267e-05
1.394005084875971079e-05
1.393247566738864407e-05
1.392658668919466436e-05
1.392054946336429566e-05
1.391456407873192802e-05
1.390851321048103273e-05
1.390258330502547324e-05
1.389627686876337975e-05
1.389039607602171600e-05
1.388444252370391041e-05
1.387874544889200479e-05
1.387289921694900841e-05
1.386704389005899429e-05
1.386133772030007094e-05
1.385564610245637596e-05
1.384992083330871537e-05
1.384429742756765336e-05
1.383878043270669878e-05
1.383319067826960236e-05
1.382763093715766445e-05
1.382218397338874638e-05
1.381680158374365419e-05
1.381133370159659535e-05
1.380589310429058969e-05
1.380045523546868935e-05
1.379499008180573583e-05
1.379282730340491980e-05
1.378738306812010705e-05
1.378188062517438084e-05
1.377651733491802588e-05
1.377128228341462091e-05
1.376611089654034004e-05
1.376074214931577444e-05
1.375542888126801699e-05
1.375009014736860991e-05
1.374463590764207765e-05
1.373939267068635672e-05
1.373410486849024892e-05
1.372879341943189502e-05
1.372351198369869962e-05
1.372121732856612653e-05
1.371607140754349530e-05
1.371081179968314245e-05
1.370557947666384280e-05
1.370036716252798215e-05
1.369494566461071372e-05
1.368975608784239739e-05
1.368457014905288815e-05
1.368828270642552525e-05
1.368306584481615573e-05
1.367783988825976849e-05
1.367264121654443443e-05
1.366743617836618796e-05
1.366223750665085390e-05
1.365709795209113508e-05
1.365194657410029322e-05
1.364661147817969322e-05
1.364155650662723929e-05
1.363643241347745061e-05
1.363133196718990803e-05
1.362622697342885658e-05
1.362115472147706896e-05
1.361609611194580793e-05
1.361102749797282740e-05
1.360595706501044333e-05
1.360084843327058479e-05
1.359315501758828759e-05
1.358801546302856877e-05
1.358305689791450277e-05
1.357793735223822296e-05
1.357278597424738109e-05
1.356756365566980094e-05
1.356248139927629381e-05
1.355734275421127677e-05
1.355224776489194483e-05
1.354714459012029693e-05
1.354198502667713910e-05
1.353684092464391142e-05
1.353169045614777133e-05
1.352655090158805251e-05
1.352137951471377164e-05
1.351630635326728225e-05
1.351112405245658010e-05
1.350586626358563080e-05
1.350054117210675031e-05
1.349431659036781639e-05
1.348887963104061782e-05
1.348338446405250579e-05
1.347786565020214766e-05
1.347227953374385834e-05
1.346663157164584845e-05
1.346092267340281978e-05
1.345495911664329469e-05
1.344909105682745576e-05
1.344314296147786081e-05
1.343726762570440769e-05
1.343116491625551134e-05
1.342496580036822706e-05
1.341860843240283430e-05
1.341196730209048837e-05
1.340510061709210277e-05
1.339808022748911753e-05
1.339112350251525640e-05
1.338429956376785412e-05
1.337723551841918379e-05
1.337054800387704745e-05
1.336384411843027920e-05
1.335722299700137228e-05
1.335064644081285223e-05
1.334433545707724988e-05
1.333783166046487167e-05
1.333141517534386367e-05
1.332498140982352197e-05
1.331867497356142849e-05
1.331210296484641731e-05
1.330565555690554902e-05
1.329919632553355768e-05
1.329250517301261425e-05
1.328584403381682932e-05
1.327923109784023836e-05
1.327241807302925736e-05
1.326575511484406888e-05
1.325983248534612358e-05
1.326011806668248028e-05
1.325466109847184271e-05
1.324880486208712682e-05
1.324260847468394786e-05
1.323660035268403590e-05
1.323044671153184026e-05
1.323624928772915155e-05
1.322989191976375878e-05
1.321783020102884620e-05
1.321160743827931583e-05
1.320577757724095136e-05
1.320021328865550458e-05
1.319444163527805358e-05
1.318848990194965154e-05
1.318236354563850909e-05
1.317639453191077337e-05
1.317036367254331708e-05
1.317023452429566532e-05
1.316439920628909022e-05
1.315878944296855479e-05
1.315320059802616015e-05
1.314757901127450168e-05
1.314175187872024253e-05
1.313621123699704185e-05
1.313050051976460963e-05
1.312491531280102208e-05
1.311946471105329692e-05
1.311414416704792529e-05
1.310868265136377886e-05
1.310307106905383989e-05
1.309761501033790410e-05
1.309234357904642820e-05
1.308712580794235691e-05
1.308185528614558280e-05
1.307669572270242497e-05
1.307146067119902000e-05
1.306608919549034908e-05
1.306091598962666467e-05
1.305582645727554336e-05
1.305077967117540538e-05
1.306841477344278246e-05
1.306296780967386439e-05
1.305780460825189948e-05
1.305212390434462577e-05
1.304672787227900699e-05
1.304162742599146441e-05
1.303641511185560375e-05
1.303034059674246237e-05
1.302489181398414075e-05
1.301948941545560956e-05
1.301407610299065709e-05
1.300849544350057840e-05
1.300302301388001069e-05
1.299750329053495079e-05
1.299193536397069693e-05
1.298631741519784555e-05
1.298063034482765943e-05
1.297493145102635026e-05
1.296918708248995245e-05
1.296356458624359220e-05
1.295799756917404011e-05
1.295256697630975395e-05
1.294698085985146463e-05
1.294164394494146109e-05
1.293636341870296746e-05
1.293104469368699938e-05
1.292583601752994582e-05
1.292070191993843764e-05
1.291563330596545711e-05
1.291055650654016063e-05
1.290803720621624961e-05
1.290534328290959820e-05
1.290285399591084570e-05
1.290040381718426943e-05
1.289791998715372756e-05
1.289546889893244952e-05
1.289289320993702859e-05
1.289042938878992572e-05
1.288797830056864768e-05
1.288553903577849269e-05
1.288478233618661761e-05
1.288230032514547929e-05
1.287988197873346508e-05
1.287746727030025795e-05
1.287517352466238663e-05
1.287273971684044227e-05
1.287034956476418301e-05
1.286793303734157234e-05
1.286554015678120777e-05
1.286310180148575455e-05
1.286069709749426693e-05
1.285831422137562186e-05
1.285587677557487041e-05
1.285345479118404910e-05
1.285113739868393168e-05
1.284871723328251392e-05
1.284628524444997311e-05
1.284386507904855534e-05
1.284142126678489149e-05
1.283900928683578968e-05
1.283657456951914355e-05
1.283414621866540983e-05
1.283173605770571157e-05
1.282930861634667963e-05
1.282688663195585832e-05
1.282446828554384410e-05
1.282206449104705825e-05
1.281981712963897735e-05
1.281741242564748973e-05
1.281497770833084360e-05
1.281254935747710988e-05
1.281013192055979744e-05
1.280771539313718677e-05
1.280530341318808496e-05
1.280287960980786011e-05
1.280045944440644234e-05
1.279794196307193488e-05
1.279552452615462244e-05
1.279311618418432772e-05
1.279070511372992769e-05
1.278830131923314184e-05
1.278582658414961770e-05
1.278340641874819994e-05
1.278099625778850168e-05
1.277860246773343533e-05
1.277621322515187785e-05
1.277379487873986363e-05
1.277142291655763984e-05
1.276902912650257349e-05
1.276663169846870005e-05
1.276434250030433759e-05
1.276197417610092089e-05
1.275959766644518822e-05
1.275722206628415734e-05
1.275486010854365304e-05
1.275248996535083279e-05
1.275027989322552457e-05
1.274794067285256460e-05
1.274558053410146385e-05
1.274323130928678438e-05
1.274086753255687654e-05
1.273853104066802189e-05
1.273617908736923710e-05
1.273382713407045230e-05
1.273150337510742247e-05
1.272914414585102350e-05
1.272679401154164225e-05
1.272444205824285746e-05
1.272200006496859714e-05
1.271965174964861944e-05
1.271729615837102756e-05
1.271493511012522504e-05
1.271259043278405443e-05
1.271022847504355013e-05
1.270793291041627526e-05
1.270558823307510465e-05
1.270330449187895283e-05
1.270095708605367690e-05
1.269862332264892757e-05
1.269627773581305519e-05
1.269386211788514629e-05
1.269152198801748455e-05
1.268915821128757671e-05
1.268682080990402028e-05
1.268445521418470889e-05
1.268211417482234538e-05
1.267976767849177122e-05
1.267740663024596870e-05
1.267506377189420164e-05
1.267270181415369734e-05
1.267036077479133382e-05
1.266802155441837385e-05
1.266566323465667665e-05
1.266334493266185746e-05
1.266098297492135316e-05
1.265866922040004283e-05
1.265615264856023714e-05
1.265615537704434246e-05
1.265385253645945340e-05
1.265152968699112535e-05
1.264922684640623629e-05
1.264694037672597915e-05
1.264464935957221314e-05
1.264237016584957018e-05
1.264007460122229531e-05
1.263779449800495058e-05
1.263552167074522004e-05
1.263333251699805260e-05
1.263107333215884864e-05
1.262881778529845178e-05
1.262663863599300385e-05
1.262438763660611585e-05
1.262212208530399948e-05
1.261984016309725121e-05
1.261758188775274903e-05
1.261512898054206744e-05
1.261279521713731810e-05
1.261051420442527160e-05
1.260836052097147331e-05
1.260605040442897007e-05
1.260372664546594024e-05
1.260138469660887495e-05
1.259903729078359902e-05
1.259667624253779650e-05
1.259424061572644860e-05
1.259180589840980247e-05
1.258935571968322620e-05
1.258689735550433397e-05
1.258440897800028324e-05
1.258191605302272364e-05
1.257917756447568536e-05
1.257631902262801304e-05
1.257331132364924997e-05
1.257016174349701032e-05
1.256687028217129409e-05
1.256342238775687292e-05
1.256002542504575104e-05
1.255645656783599406e-05
1.255282040801830590e-05
1.254873313882853836e-05
1.254416747542563826e-05
1.253964182978961617e-05
1.253533991985023022e-05
1.255828738067066297e-05
1.255462120752781630e-05
1.255386814591474831e-05
1.255401912203524262e-05
1.255349980056053028e-05
1.255187908100197092e-05
1.254840208275709301e-05
1.254462949873413891e-05
1.254119433724554256e-05
1.254353446711320430e-05
1.254199833056190982e-05
1.254001290362793952e-05
1.253793743671849370e-05
1.253554000868462026e-05
1.252813581231748685e-05
1.252518632099963725e-05
1.252251513506053016e-05
1.251979210792342201e-05
1.251769936061464250e-05
1.251583671546541154e-05
1.251401226909365505e-05
1.251182493433589116e-05
1.250936566066229716e-05
1.250724744750186801e-05
1.250984678335953504e-05
1.250776585948187858e-05
1.250543482456123456e-05
1.250340392289217561e-05
1.250131299457279965e-05
1.249919296242296696e-05
1.249703382200095803e-05
1.249490378540940583e-05
1.249300294148270041e-05
1.249089382326928899e-05
1.248875832970952615e-05
1.248659100383520126e-05
1.248448643309529871e-05
1.248243461304809898e-05
1.248036824108567089e-05
1.247833461093250662e-05
1.247624459210783243e-05
1.247418731509242207e-05
1.247210548172006384e-05
1.246974898094777018e-05
1.246774991159327328e-05
1.246568899659905583e-05
1.246361534867901355e-05
1.246255760634085163e-05
1.246152260137023404e-05
1.246049578185193241e-05
1.245946532435482368e-05
1.245843213837360963e-05
1.245740440936060622e-05
1.245636030944297090e-05
1.245531893800944090e-05
1.245427665708120912e-05
1.245335442945361137e-05
1.245234579982934520e-05
1.245129624294349924e-05
1.245026669494109228e-05
1.244924806087510660e-05
1.244822669832501560e-05
1.244717532244976610e-05
1.244614304596325383e-05
1.244513532583368942e-05
1.244412123924121261e-05
1.244308077730238438e-05
1.244201848749071360e-05
1.244102622877107933e-05
1.244001941813621670e-05
1.243898259417619556e-05
1.243792667082743719e-05
1.243691986019257456e-05
1.243591759703122079e-05
1.243492079083807766e-05
1.243392489413963631e-05
1.243291262653656304e-05
1.243190581590170041e-05
1.243088809133041650e-05
1.242989583261078224e-05
1.242890903085935861e-05
1.242790131072979420e-05
1.242691178049426526e-05
1.242593134520575404e-05
1.242487905983580276e-05
1.242403232026845217e-05
1.242303187609650195e-05
1.242202779394574463e-05
1.242101006937446073e-05
1.241998597834026441e-05
1.241870450030546635e-05
1.241834434040356427e-05
1.241728114109719172e-05
1.241584322997368872e-05
1.241515383298974484e-05
1.241416066477540880e-05
1.241316567757166922e-05
1.241219069925136864e-05
1.241109112015692517e-05
1.241004429175518453e-05
1.240882920683361590e-05
1.240826986759202555e-05
1.240699020854663104e-05
1.240605524799320847e-05
1.240503297594841570e-05
1.240381516254274175e-05
1.240356141352094710e-05
1.240202800545375794e-05
1.240129222424002364e-05
1.240035635419189930e-05
1.239939956576563418e-05
1.239841913047712296e-05
1.239743050973629579e-05
1.239638550032395869e-05
1.239518314832821488e-05
1.239490484294947237e-05
1.239380162587622181e-05
1.239257198903942481e-05
1.239175435330253094e-05
1.239078756043454632e-05
1.238980257767252624e-05
1.238880122400587425e-05
1.238782533619087189e-05
1.238685854332288727e-05
1.238581353391055018e-05
1.238463755726115778e-05
1.238413096871227026e-05
1.238276490767020732e-05
1.238178629137109965e-05
1.238078584719914943e-05
1.237978904100600630e-05
1.237862943526124582e-05
1.237836477230302989e-05
1.237690230482257903e-05
1.237605920323403552e-05
1.237508149642962962e-05
1.237416927324375138e-05
1.237323522218503058e-05
1.237221476912964135e-05
1.237118885910604149e-05
1.237000105902552605e-05
1.236899242940125987e-05
1.236884691024897620e-05
1.236696061823749915e-05
1.236624302691780031e-05
1.236525258718756959e-05
1.236426032846793532e-05
1.236328716913703829e-05
1.236236312252003700e-05
1.236143270944012329e-05
1.236026400874834508e-05
1.235927629750221968e-05
1.235849322256399319e-05
1.235751005879137665e-05
1.235656054632272571e-05
1.235538184118922800e-05
1.235448053193977103e-05
1.235344370797974989e-05
1.235256058862432837e-05
1.235160834767157212e-05
1.235064428328769282e-05
1.234967567143030465e-05
1.234850697073852643e-05
1.234777846548240632e-05
1.234668707184027880e-05
1.234592036780668423e-05
1.234496448887512088e-05
1.234382671100320294e-05
1.234285991813521832e-05
1.234191313415067270e-05
1.234093997481977567e-05
1.233997318195179105e-05
1.233902548847254366e-05
1.233812326972838491e-05
1.233728744409745559e-05
1.233634247910231352e-05
1.233516377396881580e-05
1.233492730534635484e-05
1.233350576512748376e-05
1.233281091117532924e-05
1.233194234373513609e-05
1.233093280461616814e-05
1.232970043929526582e-05
1.232863723998889327e-05
1.232826434716116637e-05
1.232670547324232757e-05
1.232584691024385393e-05
1.232485556101892143e-05
1.232387694471981376e-05
1.232289014296839014e-05
1.232194426847854629e-05
1.232097747561056167e-05
1.231981696037109941e-05
1.231882743013557047e-05
1.231803253176622093e-05
1.231707028637174517e-05
1.231609894603025168e-05
1.231512123922584578e-05
1.231415080837905407e-05
1.231298483617138118e-05
1.231188434758223593e-05
1.231091027875663713e-05
1.231026180903427303e-05
1.230929410667158663e-05
1.230833004228770733e-05
1.230735688295681030e-05
1.230638372362591326e-05
1.230543512065196410e-05
1.230446468980517238e-05
1.230349334946367890e-05
1.230252746609039605e-05
1.230157067766413093e-05
1.230059478984912857e-05
1.229964436788577586e-05
1.229838017025031149e-05
1.229742338182404637e-05
1.229657027579378337e-05
1.229560712090460584e-05
1.229463669005781412e-05
1.229367353516863659e-05
1.229252120538149029e-05
1.229156168847111985e-05
1.229059398610843346e-05
1.228982364409603179e-05
1.228885048476513475e-05
1.228789187734946609e-05
1.228693508892320096e-05
1.228595829161349684e-05
1.228499786520842463e-05
1.228403561981394887e-05
1.228306973644066602e-05
1.228211112902499735e-05
1.228114342666231096e-05
1.228017754328902811e-05
1.227921893587335944e-05
1.227823759109014645e-05
1.227727352670626715e-05
1.227631310030119494e-05
1.227523080160608515e-05
1.227426400873810053e-05
1.227341726917074993e-05
1.227244501933455467e-05
1.227135817316593602e-05
1.227039047080324963e-05
1.226955100719351321e-05
1.226858967129373923e-05
