7.834013278813412029e-01
1.995497737553281192e-01
1.417635682520146101e-01
1.251198227183582812e-01
1.150439444067887923e-01
1.088167891115881525e-01
1.055727518846591301e-01
1.024768756578365997e-01
9.974506960095216868e-02
9.782949211463952410e-02
9.506739880268771925e-02
9.421268234533879127e-02
9.150439633522182425e-02
9.268920519816067904e-02
8.825002125658405749e-02
8.870002787715444703e-02
8.677130617162523429e-02
8.615031634612629885e-02
8.692646142832624601e-02
8.432375693460926469e-02
8.388032667804509734e-02
8.285899853256220582e-02
8.221434097737073676e-02
8.134465863889393800e-02
8.168378963950090332e-02
7.960774205314616325e-02
8.102837096822138041e-02
7.909637691491903932e-02
7.777898656359563678e-02
7.931758126670805653e-02
7.782269415950092417e-02
7.709237325781335970e-02
7.699510892581505617e-02
7.701053442084231093e-02
7.691015894563557609e-02
7.571194135312300788e-02
7.503242207070191794e-02
7.483383639832026646e-02
7.431870750850066987e-02
7.352257085343201493e-02
7.381013025646097903e-02
7.253573134463901784e-02
7.303408082962657699e-02
7.243603145199206672e-02
7.293532754061743395e-02
7.187620413489639870e-02
7.111571031428563783e-02
7.105668542984251712e-02
7.012381135059210513e-02
6.918530315083140647e-02
6.954057619635325982e-02
7.099207924678921366e-02
6.961553300226418217e-02
6.848695787834004067e-02
6.794588474634413733e-02
6.773267414110402396e-02
6.770101851667277570e-02
6.803230348470000466e-02
7.251729502071005418e-02
6.879110202581310840e-02
6.774684386327863017e-02
6.707638189002561313e-02
6.744884679171567199e-02
6.697068942322706442e-02
6.630367414598974107e-02
6.632479349461695151e-02
6.597056223700444033e-02
6.972601589087086549e-02
7.449402200950619446e-02
6.875493523315526212e-02
7.017926205298863351e-02
6.732745441103664408e-02
6.530573268615019744e-02
6.656467577675356795e-02
6.534351594629697613e-02
6.489338092195491570e-02
6.419518209372956918e-02
6.398783618700690234e-02
6.349740254071851997e-02
6.344937463717845172e-02
6.285526471910998780e-02
6.360060894279741250e-02
6.239530776627361802e-02
6.292470204837931347e-02
6.335177952190861050e-02
6.379125326949482144e-02
6.256768606370315122e-02
6.190014191359902163e-02
6.171972838540872031e-02
6.216389568755403133e-02
6.175961170306739495e-02
6.182020799334471406e-02
6.234856260707601766e-02
6.184303437514851454e-02
6.217708243794428657e-02
6.116693122778087827e-02
6.248764222875858448e-02
6.220531662887272828e-02
6.131638837784218060e-02
6.155376636656001432e-02
6.202439952952166352e-02
6.142074317981799370e-02
6.272386948151204011e-02
6.444985842448659741e-02
6.508494688081555013e-02
6.286884121907254652e-02
6.187065353073800678e-02
6.072346752237838680e-02
6.116768179073309164e-02
6.072549607371911101e-02
6.025403973918097567e-02
6.034395835517595424e-02
5.991506504399391614e-02
5.994391487057631335e-02
5.934347023217317885e-02
5.978303822029071291e-02
5.940844067449992105e-02
5.939552627038210963e-02
5.963710745253289480e-02
6.150068626661474303e-02
5.978002138397035814e-02
6.019063803716562938e-02
5.927010577637702171e-02
5.884049318730830841e-02
5.937669695937074915e-02
5.967029463189343907e-02
5.978051611105911212e-02
5.970735898551841891e-02
5.862359150157620685e-02
5.903640744470370350e-02
5.993772237794473684e-02
5.961771571659482682e-02
5.855814962531440127e-02
5.920625878265127484e-02
5.903898306113357364e-02
5.860704893711954355e-02
5.850145015516318436e-02
5.868310864587935466e-02
5.978741515078581786e-02
5.933361797632338841e-02
5.920333399049317047e-02
5.855585714297679295e-02
5.798084530203292952e-02
5.839359168428927965e-02
5.808374924701638353e-02
5.786455598194151922e-02
5.803168907606353483e-02
5.977107021957635963e-02
5.922440726232404418e-02
5.819518293176467044e-02
5.743944959482177870e-02
5.726891655203265180e-02
5.776379608471567118e-02
6.088541088198932277e-02
1.111716209856482840e-01
8.693715646164491828e-02
8.060130752817107336e-02
7.601963551637405669e-02
7.260097572541174271e-02
6.980129033521127735e-02
6.755407989257947166e-02
6.609310138776587629e-02
6.480956402490846424e-02
6.350146044162102710e-02
6.224750930792652404e-02
6.139442673923137250e-02
6.066846546561767417e-02
6.013974003532591289e-02
6.061934966982032019e-02
6.045366149628535191e-02
5.930906573620935152e-02
6.004591270621555815e-02
5.956318986757348083e-02
5.956159019726328663e-02
6.045448952703736528e-02
5.828499050578102303e-02
5.852124327289250777e-02
5.790497095828565227e-02
5.789588366479923170e-02
5.851460377297674348e-02
5.801362763081367030e-02
7.040438087812314616e-02
7.711001655203290894e-02
6.817348559697468391e-02
6.473766789655201193e-02
6.302185053005814053e-02
6.212716793253397068e-02
6.139683656821337543e-02
6.011137124500237627e-02
5.932603219601636363e-02
5.907255879021249684e-02
5.936740377064173707e-02
5.890520001528784522e-02
5.844460712280124398e-02
5.868498808781926618e-02
5.852650170214473979e-02
5.888659175912228788e-02
5.829519849891463823e-02
5.803669222358924518e-02
5.808036228680672763e-02
5.822605692005405897e-02
5.804766755318269134e-02
5.811122578801587030e-02
5.913412580227789955e-02
5.904656245528409897e-02
5.779499549069441744e-02
5.719146804884076007e-02
5.816988603677600289e-02
5.915142878618401961e-02
5.730138740618713478e-02
5.756433236141068194e-02
5.711594051371018249e-02
5.771225771401077703e-02
5.750167440817070819e-02
5.716222047029684283e-02
5.739634672723089442e-02
5.754384879876549286e-02
5.703280439406322594e-02
5.737886029101597896e-02
5.742751031570757225e-02
5.723535055721488962e-02
5.725548068177886002e-02
6.611032288987189753e-02
7.336057859240099899e-02
6.554323604718471918e-02
6.218891275037700950e-02
6.074774391095464493e-02
5.902319083649975456e-02
5.842852448850559960e-02
5.820430725075614875e-02
5.777905791221807363e-02
5.720152524649165654e-02
5.710118761868215875e-02
5.650916382553987372e-02
5.725007952811817652e-02
5.649849048427616621e-02
5.571274736857351889e-02
5.598026969974550376e-02
5.646474077909564154e-02
5.676773762563243342e-02
5.578448236105032487e-02
5.632338534768981109e-02
5.637203430485290823e-02
5.660598912082302064e-02
5.611822939477861122e-02
5.572687288823847951e-02
5.545624737588999292e-02
5.559119959245435727e-02
5.579344781658922975e-02
5.542641301794598574e-02
5.533086861949414181e-02
5.516922331143481184e-02
5.550035540712996984e-02
5.506517080124467833e-02
5.497492983122356097e-02
5.538662890670820876e-02
5.560611830364602104e-02
5.568014074116945517e-02
5.613993426862483316e-02
5.612865344000359663e-02
5.569985875859856383e-02
5.543726118824755106e-02
5.541161518233517908e-02
5.580351296230219582e-02
5.890965655678883500e-02
6.164179312647320025e-02
5.840119476934584747e-02
5.665070752535636411e-02
5.594836875679902455e-02
5.569297490408644385e-02
5.574859936799233390e-02
5.614439181867055678e-02
5.599882197605135503e-02
5.579645139165222839e-02
5.483284763759001951e-02
5.467968854083058577e-02
5.488348262384534076e-02
5.544530055175225097e-02
5.636745588659929779e-02
5.669495525226617844e-02
5.545398658063883240e-02
5.493286038904140328e-02
5.487067940722530068e-02
5.475847756878162581e-02
5.476612432743422493e-02
5.592818514948400682e-02
5.568885606907618413e-02
5.462017254942717892e-02
5.489705426890092305e-02
5.456000058484884729e-02
5.463689293479546960e-02
5.481530581756184628e-02
5.466205984082383312e-02
5.496468549400257420e-02
5.423660584764244952e-02
5.434302724044148825e-02
5.462429604997547788e-02
5.409622003401939883e-02
5.470641184210156549e-02
5.464989416766911912e-02
5.496985752717591794e-02
5.564400165574625440e-02
5.474471200179929775e-02
5.579624860004211290e-02
5.962828505629052395e-02
5.985432489503485221e-02
5.565785238519310729e-02
5.431769634791028950e-02
5.377730794833041755e-02
5.402633950773937099e-02
5.389428575717223474e-02
5.340608816011808979e-02
5.456165111390873929e-02
1.181976184489515885e-01
8.755456098432963519e-02
7.916497781096647202e-02
7.392540054977871089e-02
6.944940638107557906e-02
6.588875498312214696e-02
6.353473724021266311e-02
6.211713157361373194e-02
5.993749774953660570e-02
5.871942455841538955e-02
5.774534667803284810e-02
5.733631626470014203e-02
5.672998501647574104e-02
5.650596166223598171e-02
5.631939939339645346e-02
5.627409104141406493e-02
5.508653391036204966e-02
5.514435954003905210e-02
5.507945099457477872e-02
5.449658505696182431e-02
5.431863017807093963e-02
5.479128122523737460e-02
5.741503708180971388e-02
5.687311188977522275e-02
5.542634725764704340e-02
5.489274167184097358e-02
5.460824873026770554e-02
5.516573125806947808e-02
5.579965651345749483e-02
5.473573484652054927e-02
5.441209407018807870e-02
5.449375729930276691e-02
5.453789336141198762e-02
5.405855552526191155e-02
5.472534899405824549e-02
5.424654762687471793e-02
5.426168832501086087e-02
5.366248643995883555e-02
5.415038352715782766e-02
5.355268472650398515e-02
5.369970180482293298e-02
5.436361211352050415e-02
5.390239860707272956e-02
5.463869955933963601e-02
5.616084392454164659e-02
6.769224766292608608e-02
6.010404965452229020e-02
5.612639441271312368e-02
5.535321351722814059e-02
5.413883778421828968e-02
5.390078520906778359e-02
5.341253816965035872e-02
5.334671469560513940e-02
5.363898318959400141e-02
5.344540770708893634e-02
5.304969206646395485e-02
5.303574343988051026e-02
7.846305182630507191e-02
8.578923676939059773e-02
7.399109776403443861e-02
6.832149719431375445e-02
6.519656223633016334e-02
6.325688813619005646e-02
6.194869746337644534e-02
5.991302707271339845e-02
5.813233339926227733e-02
5.686415789804111220e-02
5.606989931897260471e-02
5.578780851210467240e-02
5.491998157075916875e-02
5.478131578847145189e-02
5.510490361445893881e-02
5.496594888934244749e-02
5.491725016812173260e-02
5.416322162530074619e-02
5.445898006165710709e-02
5.463106777324962249e-02
5.425203315991287273e-02
5.451149644330143679e-02
5.390718371995414232e-02
5.373370986043785741e-02
5.415052258720000344e-02
5.416893600059363018e-02
5.577784705868301524e-02
5.458497193680765525e-02
5.395974848497037818e-02
5.373199037509038961e-02
5.382469967706129260e-02
5.440515005068542742e-02
5.400521186568463944e-02
5.335178975365124920e-02
7.980081726525289909e-02
6.685970082723846630e-02
6.094130046083592184e-02
5.820767262523683649e-02
5.649687729310244599e-02
5.503038001867632117e-02
5.445583710796200044e-02
5.355188787953617940e-02
5.367990459121452923e-02
5.338811296930846828e-02
5.324830422022690246e-02
5.325019720514925781e-02
5.395265025241921530e-02
5.365113919018767857e-02
5.314003724294404096e-02
5.492570983401189044e-02
7.149952791514806172e-02
5.776247195356214864e-02
5.474344457344462733e-02
5.380621260032057707e-02
5.338426839016998521e-02
5.306501209464234425e-02
5.412478176760487231e-02
5.326098424964584299e-02
5.330288795715508454e-02
8.302376410923897887e-02
9.185169594207157062e-02
7.666107419878244456e-02
7.252006669606392286e-02
7.011552559638706272e-02
6.856650586123577695e-02
6.721080024377443229e-02
6.645365197832385495e-02
6.597473651830416952e-02
6.578063865502675744e-02
6.452531444219251899e-02
6.455732187915903808e-02
6.374419423053040434e-02
6.307532064267434846e-02
6.241209245713737891e-02
6.202400677837431597e-02
6.198681381181813527e-02
6.220504546033529120e-02
6.150434812414459773e-02
6.120642864688610046e-02
6.063895805777671372e-02
6.161960951363047029e-02
6.123356879766409661e-02
6.028083820478059157e-02
5.991391095992488341e-02
5.998149552654164635e-02
5.963896629633382018e-02
5.967052139652272158e-02
5.957213597643810227e-02
5.941448775430520357e-02
5.929771730365852173e-02
6.045114238630049097e-02
5.902186157492299995e-02
5.853463025569605183e-02
5.839072209588872658e-02
5.824099096741217063e-02
5.836675850790925407e-02
5.835450369437845952e-02
5.833288878435269331e-02
5.852183505582312512e-02
5.822532172237212394e-02
5.835145284344131489e-02
5.808293944302325706e-02
5.754280274074214524e-02
5.764139061910100031e-02
5.815452713868581036e-02
5.878452633701575225e-02
5.739092139954057870e-02
5.682852893951349099e-02
5.689499124496554677e-02
5.692688096043033164e-02
5.686216244357637783e-02
5.665332901058718618e-02
5.639414932889243171e-02
5.663116061749557534e-02
5.677190125415412097e-02
5.665116407287617423e-02
5.693920320559603399e-02
5.726141920701290078e-02
5.704678359441459068e-02
5.670663972734473618e-02
5.648560187352510975e-02
5.642502704402432151e-02
5.698334251685688995e-02
5.680373387799287493e-02
5.696145735758666867e-02
5.551031697037008689e-02
5.540378260853079384e-02
5.529838209506124369e-02
5.602734066313132949e-02
5.574852177562812650e-02
5.637451794192505083e-02
5.659757799003273249e-02
5.597750194564771881e-02
5.770898999491085729e-02
5.661159023875370760e-02
5.590019771014340111e-02
5.607830049935728228e-02
5.541424458807645004e-02
5.592338742610687696e-02
5.524859632675846455e-02
5.454328342612522335e-02
5.454105224421558484e-02
7.280045651520292149e-02
6.850979874337402575e-02
6.494427813721510845e-02
6.219904903982145100e-02
6.049440171065119387e-02
5.974495918722823318e-02
5.883356352996391841e-02
5.858499121852218938e-02
5.772944914836746627e-02
5.823811719310469787e-02
5.715986493043601763e-02
5.736100932932458596e-02
5.715803464797015315e-02
5.645551965261499244e-02
5.605330194113775782e-02
5.603076727983231226e-02
5.583261213459384670e-02
5.588895302498712858e-02
5.571926381089724323e-02
9.136723634980929709e-02
8.550740682985633057e-02
7.717747082972588324e-02
7.189068434333117930e-02
6.850234505371190219e-02
6.627002754481509106e-02
6.412934688036329989e-02
6.268499073766482799e-02
6.156543515312174614e-02
6.058435025120464251e-02
5.963105266991381576e-02
5.858865986810997406e-02
5.827050833380781336e-02
5.880788596424584708e-02
5.808201077704628484e-02
5.701949878440548680e-02
5.679742734646424374e-02
5.635428437225831200e-02
5.610247525192486873e-02
5.761181902450819570e-02
5.639353777165524717e-02
5.630870094484028560e-02
5.514590461311551228e-02
5.488759379174249636e-02
5.493843873225463109e-02
5.482174838311038717e-02
5.472770491188081593e-02
5.523601081843177579e-02
5.520941750068838333e-02
5.518447129327493095e-02
5.498851388731661183e-02
5.450880370102823003e-02
5.454062239849008509e-02
5.432614705370118063e-02
5.429552965487043081e-02
5.475884532051471243e-02
5.472580094084453922e-02
5.496472314000129533e-02
5.511105011838177831e-02
5.438879709846029809e-02
5.452844066855808136e-02
5.441770606790669040e-02
5.383654347970150134e-02
5.416470172543388917e-02
5.392098930703165954e-02
5.382152450426171131e-02
5.482060487188088194e-02
5.513596949594405661e-02
5.385967278697838256e-02
5.334900535992346399e-02
5.393705820082686508e-02
5.431853868106069350e-02
5.409702822527227145e-02
5.350933582289144064e-02
5.361697815591469352e-02
5.370305259362794653e-02
5.355889053277981815e-02
5.357837491785175793e-02
5.351399111794307578e-02
5.346531113726087081e-02
5.356506160576827991e-02
5.366864928548845115e-02
5.311658843536861546e-02
5.332517592081179036e-02
5.324137155820304890e-02
5.348015703493728956e-02
5.564660098791743281e-02
5.623608645478574142e-02
5.382033787861777163e-02
5.335700611234642232e-02
5.312642806248429189e-02
5.326476391172036556e-02
5.425232320480669751e-02
5.390558470545026015e-02
5.298209243725674616e-02
5.268471409683115475e-02
5.278674132462280594e-02
5.265503877347024742e-02
5.236531933148701884e-02
5.861086229793727176e-02
5.675136638650049581e-02
5.394136511798327399e-02
5.318510125973261587e-02
5.256062852490382686e-02
5.349775988763819101e-02
5.325009322880457086e-02
5.275237197522073679e-02
5.282220994704402844e-02
5.300369516519519431e-02
5.299222052873422961e-02
5.266954583193485945e-02
5.477581227663904512e-02
5.536071752392066059e-02
5.357293111233351474e-02
5.288651929081727987e-02
5.304490485189793103e-02
5.404092697814728147e-02
5.374240820490134435e-02
5.312303190662836377e-02
5.322259449516422714e-02
5.285437240769776113e-02
5.229790930403396820e-02
5.300852340025206250e-02
5.344443429727107481e-02
5.311098478346442525e-02
5.940252368221990431e-02
6.476771577261387913e-02
5.766829052862400967e-02
5.481505541363731332e-02
5.382758669477576835e-02
5.292923502158373289e-02
5.274844872105555887e-02
5.312293640881155660e-02
5.291739460818158797e-02
5.259916470774139013e-02
5.256585647158014407e-02
5.341634050981762527e-02
5.258202952410404724e-02
5.237191596572908503e-02
5.201725950270581073e-02
5.247220552332388516e-02
5.231398186724012245e-02
5.313875918121387792e-02
5.328847950557246554e-02
5.253087041783146421e-02
5.224273922426315303e-02
5.233769790114214254e-02
5.359169437472398323e-02
5.338007822516374623e-02
5.392283125004420502e-02
5.261174591956660485e-02
5.213369635166600208e-02
5.228676817845553243e-02
5.218299040648465698e-02
5.254157442017458324e-02
5.282795191432038823e-02
5.278049896315981787e-02
5.277527830330654840e-02
5.198749611891495537e-02
5.197485013088832401e-02
5.202231249151130499e-02
5.199871325554947243e-02
5.272376648538435601e-02
5.316643889411352270e-02
5.294071418931707573e-02
5.230987581075169368e-02
5.205329620667422524e-02
5.199313113039048806e-02
5.225010446272790321e-02
5.219758025680978908e-02
5.254582939979930700e-02
5.274407510412856825e-02
5.260481522185728176e-02
5.245410678985839431e-02
5.227111367431158673e-02
8.401878369584059314e-02
8.718448467707883009e-02
7.652374635760983423e-02
7.066420272729979912e-02
6.686325846511560755e-02
6.484027164483753547e-02
6.314993169973603937e-02
6.181773668349099804e-02
6.070895087594787437e-02
6.030289073668730626e-02
5.954428606705429450e-02
5.862224562675692058e-02
5.806548587162978919e-02
5.728873349570979406e-02
