5.299030019068596241e-04
3.871227413583255568e-06
2.473685533459501887e-06
1.854540798831294617e-06
1.668296043249029085e-06
1.581171268867365084e-06
1.538352497618689077e-06
1.549630548538516459e-06
1.956000194809348512e-06
1.499658788475244373e-06
1.846825531970353125e-06
2.612794560832298766e-06
1.431820213610990221e-06
1.509487379394158703e-06
2.015360205973592975e-06
1.926367103237680499e-06
1.571580196468858006e-06
2.720057250940044520e-06
1.936248935976436651e-06
1.614166013155227043e-06
1.971729604406391513e-06
2.021373273976223518e-05
2.020926106069964539e-06
1.360740781706226605e-06
1.326607438159044216e-06
1.310345543288349189e-06
1.296917910735828729e-06
1.286161814846309409e-06
1.286816373635701936e-06
1.297665090191912972e-06
1.311817312057428404e-06
1.372963507719759997e-06
1.601473691152932647e-06
1.851031383921508703e-06
2.044878195306409822e-06
1.350489210949490328e-06
2.017914253542585289e-06
1.569123929243687590e-06
1.917314644401812967e-06
1.941722552487590326e-06
1.693926956818359133e-06
2.077076673003830246e-06
2.566611649967853652e-06
1.475467078080328057e-06
1.643232831725072250e-06
1.844700520905462420e-06
6.273291762681765080e-06
1.287389892468127073e-06
1.280832342445137295e-06
1.299623345971667808e-06
1.378318299316560982e-06
1.492280905495135829e-06
1.905599746692132587e-06
2.678099826880497773e-06
1.346400060242558623e-06
1.554931835130446357e-06
2.649480850323015921e-05
1.469573822987513352e-06
1.271606853947560097e-06
1.257869776054576564e-06
1.250501940717185738e-06
1.247971854354545889e-06
1.250178177656380277e-06
1.254530046139734555e-06
1.251630116598789814e-06
1.248389834245244788e-06
1.259128366655204471e-06
1.254205948271191969e-06
1.248458204372582259e-06
1.244057867779702115e-06
1.254068304774591508e-06
1.276084130381605047e-06
1.292905046170744720e-06
1.417316059928452811e-06
1.496674153145249790e-06
1.490969128212782329e-06
1.513717019747673459e-06
1.527116734791889081e-06
1.538957313300670708e-06
1.559238656909656078e-06
1.572117050727683852e-06
1.551148371845556446e-06
1.565526810054507138e-06
1.571595274185710835e-06
1.546137578998241301e-06
1.556608202122333742e-06
1.559799441679388042e-06
1.552586406319278475e-06
1.577910489345413259e-06
1.547247485973457455e-06
1.547591922985702763e-06
1.571083643625570403e-06
1.564196725780675403e-06
1.550202688349600151e-06
1.568606106729930667e-06
1.543590407777628511e-06
1.482911344510284928e-06
1.529645139157764848e-06
1.555298042035247001e-06
1.667176442765594317e-06
1.473198036023859442e-06
1.451919747523788845e-06
1.520979388942578166e-06
1.552607546955187007e-06
1.872303271852615487e-06
1.455875625424596331e-06
1.331848941958924174e-06
1.416592784266867890e-06
1.546504376506163731e-06
1.468940550921615846e-06
1.481768775306591056e-06
1.498242381217096459e-06
1.556496383727790140e-06
1.098350669280989657e-05
1.338780100468284302e-06
1.272761772952435337e-06
1.261106825722890705e-06
1.252775560374175282e-06
1.251448822472411941e-06
1.263101876816108466e-06
1.278251621101844547e-06
1.288538895209967382e-06
1.347457121596562561e-06
1.355110113081536770e-06
1.359328198304865433e-06
1.361496859431099480e-06
1.363813549346559815e-06
1.365808550986002897e-06
1.369595302094239708e-06
1.376397885906044377e-06
1.385062565191219517e-06
1.402992070893560662e-06
1.408414487968911957e-06
1.421333307689565143e-06
1.420125694835405722e-06
1.416780265799388846e-06
1.424389458293262663e-06
1.430668368698206871e-06
1.415628756831210972e-06
1.416316780478155166e-06
1.425626340960661781e-06
1.428812989274774719e-06
1.437274198679006161e-06
1.420825306581718846e-06
5.994368286224016595e-06
1.269545257400750382e-06
1.266881449168977185e-06
1.284548333728707778e-06
1.318872269848725401e-06
1.380959826633443375e-06
1.387017703677884035e-06
1.391199588738345390e-06
1.393971866718857302e-06
1.394122372744277442e-06
1.391969324799901995e-06
1.389271642437961376e-06
1.385127940807251417e-06
1.380692079351319973e-06
1.376575066842633515e-06
1.372118292692903264e-06
1.367264930536293900e-06
1.359645061143055559e-06
1.359215198135643766e-06
1.355979217123604039e-06
1.357085820359316156e-06
1.354133680706581833e-06
1.356536985781531325e-06
1.364212060934732958e-06
1.373676273601631709e-06
1.382710763664363185e-06
1.376166363797892658e-06
1.382784114412061087e-06
1.391915727708692506e-06
1.378148127741951705e-06
1.387156498822150710e-06
1.446402844749172876e-06
1.349748993106913901e-06
1.421838263695463049e-06
1.360953032190082089e-06
1.437620999809041669e-06
1.344629866935065433e-06
1.715224180998120489e-06
1.981933850174755394e-06
1.302557328699549510e-06
1.294377030376381367e-06
1.296684731642017090e-06
1.299121119018309502e-06
1.302575631711988620e-06
1.314270705279341294e-06
1.342668260235768583e-06
1.367332372979035333e-06
1.366201778978393181e-06
1.378291797209385482e-06
1.386352005283697424e-06
2.382652942458207731e-05
1.433414227562934659e-06
1.285957274603788451e-06
1.270892199727313684e-06
1.261048797687180846e-06
1.254678132340813986e-06
1.247845698344463000e-06
1.244348615045964826e-06
1.243862470801104791e-06
1.246178277938270151e-06
1.248739570769430514e-06
1.246429086450007103e-06
1.244481852040735223e-06
1.248959486019884969e-06
1.251263032600036164e-06
1.247664863512909421e-06
1.241801751916682364e-06
1.240599351604032648e-06
1.251687721719463272e-06
1.270103401225242022e-06
1.282584838691036651e-06
1.283103471223512341e-06
1.329697349774505719e-06
1.348390539988031285e-06
1.359691330549139905e-06
1.362682402827886193e-06
1.363948409220938731e-06
1.361052817969721252e-06
1.341219044661556887e-06
1.364505695846673840e-06
1.366212504194663822e-06
1.364742131499951964e-06
1.364460069908091015e-06
1.359345955052049325e-06
1.357600335722963774e-06
1.354501746959613254e-06
1.353475334440190670e-06
1.351533322235809380e-06
1.343571781831087719e-06
1.288519197828463760e-06
1.283248703884965001e-06
1.287653331587534854e-06
1.291155902549690011e-06
1.296246897481978420e-06
1.305134013023234788e-06
1.321079776062106206e-06
1.327580389443028210e-06
1.324624229255277837e-06
1.330601153313182244e-06
1.323264173720417670e-06
1.327176464087642646e-06
1.327980525616112505e-06
1.333755163273053700e-06
1.333630956423803497e-06
1.332378844267623301e-06
2.200921008466139113e-06
1.574923398948158214e-06
1.296815095770398313e-06
1.306677945649425939e-06
1.306368982909589325e-06
1.296434418804892537e-06
1.320354574545490340e-06
1.318592863981393773e-06
1.317986770459356126e-06
1.316730408120747521e-06
1.315654391760290208e-06
1.313391104531547180e-06
1.311388022031678626e-06
1.308099002699236709e-06
1.305810768030823897e-06
1.303479650687222576e-06
1.302841941992482942e-06
1.301304867524777263e-06
1.294582975788216496e-06
1.292193115887130219e-06
1.292022287202598776e-06
1.295757651860185416e-06
1.299372053722436257e-06
1.314872936291067179e-06
1.312570004756707863e-06
1.312493999989783274e-06
1.314751185645946003e-06
1.321889133123477146e-06
1.309437881786834522e-06
1.323073468029178997e-06
1.308293917077207786e-06
1.309969854332848661e-06
1.315583085101934591e-06
1.298908960620792632e-06
1.306323752032767541e-06
1.325817075326085530e-06
1.301568405551733980e-06
1.308051150772371287e-06
1.310117245338915399e-06
1.299087675761256731e-06
1.303305455166991982e-06
1.308315324877185133e-06
1.300773943739841275e-06
1.316117208034484133e-06
1.289488021711804305e-06
1.327475841321756821e-06
1.293455053996694872e-06
1.295318928669075729e-06
1.299881080285558752e-06
1.301757981195805760e-06
1.302153443702991387e-06
1.297852761581452703e-06
1.301183638133807142e-06
1.301457714362186287e-06
1.296314829914990705e-06
1.294577950261555004e-06
1.296387700904233557e-06
1.285824305909955009e-06
1.278809140785597282e-06
1.322092211353265072e-06
1.293106963657919618e-06
1.291375784262527347e-06
1.288567602273360442e-06
1.292290198193768438e-06
1.297679837080068014e-06
1.286520924850265197e-06
1.405930498208363167e-06
1.241655180592715700e-06
1.250411266084938688e-06
1.282941304339146848e-06
1.286956381250092809e-06
1.287518378489949185e-06
1.285417177427916554e-06
1.300629410820874926e-06
1.281645063215819366e-06
1.286297074329922983e-06
1.318768964893024557e-06
1.268792274800034647e-06
1.278823185089095238e-06
1.279329695194064791e-06
1.280656765061394270e-06
1.293639181767503041e-06
1.307082156927208442e-06
1.285108479009977558e-06
1.265276558797268140e-06
1.304247737721198149e-06
1.264093819486333729e-06
1.275301798386863084e-06
2.785687727850927517e-06
1.237884584952553370e-06
1.222391996407168437e-06
1.222337861008781980e-06
1.230103133025295494e-06
1.244671662448126839e-06
1.248204274020281369e-06
1.250655289481983413e-06
1.249780489160912052e-06
1.252073553814625399e-06
1.260032026380031210e-06
1.255710522514163981e-06
1.253664381124508577e-06
1.255579977055276728e-06
1.256981484232255752e-06
1.256886426972414449e-06
1.275591101830286814e-06
1.258205711565096913e-06
1.271831476969964620e-06
1.288823298750685353e-06
1.284502719158808683e-06
1.286026895854774929e-06
1.283638659401731241e-06
1.285084370010736183e-06
1.293481901143422874e-06
1.275276134151681711e-06
1.288576133333663182e-06
1.292422589926900316e-06
1.277056476851612328e-06
1.285146101395184738e-06
1.280771218716836225e-06
1.290424682451885010e-06
1.272741861839676917e-06
1.285447332293188142e-06
1.274080597113424944e-06
1.287227515831546119e-06
1.286956374428882487e-06
1.272331387554004348e-06
1.276723925229816831e-06
1.280973633015491874e-06
1.280393166780413636e-06
1.275861396266009293e-06
1.275198597454618653e-06
1.278947623291060222e-06
1.274002955256037333e-06
1.321958965831981931e-06
1.298722399383223109e-06
1.245928875732715722e-06
1.251844958005676660e-06
1.274204711307902463e-06
1.269450762606538681e-06
1.298779751550682679e-06
1.271496776666936142e-06
1.249735535111540179e-06
1.269192280801689802e-06
1.266564972297601284e-06
1.274953561392067058e-06
1.266055654127740093e-06
1.270438226583792163e-06
1.293469196070873202e-06
1.264564284042535207e-06
1.252333640593405991e-06
1.266683849507899216e-06
1.262245078805790492e-06
1.268912237151198412e-06
3.660159653691152824e-06
1.253644982170953974e-06
1.246022975465166382e-06
1.240756364495609929e-06
1.236630693028928295e-06
1.242667747760606340e-06
1.247332149887370085e-06
1.242922695610104753e-06
1.227020754299701400e-06
1.216696441019848777e-06
1.216117919966563889e-06
1.223974478534728312e-06
1.238814263047061011e-06
1.242301097477138750e-06
1.243440574967280537e-06
1.243923038600769334e-06
1.244964390707536933e-06
1.245040217554560547e-06
1.247820562184642793e-06
1.249437259502883467e-06
1.248381004188558959e-06
1.250797171508111307e-06
1.258416557163855049e-06
1.265294869767785713e-06
1.268871278057304144e-06
1.265463327797533668e-06
1.265968652433002641e-06
1.270567116193888060e-06
1.268606488338264137e-06
1.269782763984039834e-06
1.267351736942146039e-06
1.266228242116085236e-06
1.267281944024034627e-06
1.261971472672485089e-06
1.265713966631665142e-06
1.263742586559146747e-06
1.269816652893496254e-06
1.264376650169651932e-06
1.261319358150103577e-06
1.267610598461033103e-06
1.271088789849272803e-06
1.253936969760616244e-06
1.265983693201633295e-06
1.253806938166235442e-06
1.266865077695911202e-06
1.262197413325338789e-06
1.255100547723486662e-06
1.261071162161897519e-06
1.257862276702326275e-06
1.264219994254744952e-06
1.257936642673484997e-06
1.258223596209973030e-06
1.263400553739302259e-06
1.255332843470569043e-06
1.255738330883104928e-06
1.261632555156211251e-06
1.274690647505849458e-06
1.250838246278362965e-06
1.247073328158876393e-06
1.252745867645899184e-06
1.262170700329079477e-06
1.252510728875222446e-06
1.264467833266280709e-06
1.244154730102309284e-06
1.244667781179487167e-06
1.261374545151738959e-06
1.260327238696845691e-06
1.241811776822032622e-06
1.257280561617335522e-06
1.253396112019800049e-06
1.248156521569398954e-06
1.250450175120931877e-06
1.244288699808748831e-06
1.248075844841878330e-06
1.248964702256216764e-06
1.252300825740348921e-06
1.248309158086158235e-06
1.251979432481675843e-06
1.244933770863099291e-06
1.248141363703325522e-06
1.243990753891921554e-06
1.246706468407410377e-06
1.246963664698341813e-06
1.246815517674804184e-06
1.244845691985574469e-06
1.256173810020300212e-06
1.247121887217872520e-06
1.235136401191994048e-06
1.239220509887673054e-06
1.262080128867637524e-06
1.236833503526213547e-06
1.243675135924604606e-06
1.253618594319050266e-06
1.232670376225541978e-06
1.257714380358265830e-06
1.239261038108452246e-06
1.238430961620906541e-06
1.236501061043782152e-06
1.229168543659397941e-06
2.453663580013198817e-06
1.353719574694878213e-06
1.196515275978526907e-06
1.193198482667412480e-06
1.195498064987532416e-06
1.202007438791952061e-06
1.198017434944631617e-06
1.193658699776278910e-06
1.189830554153559138e-06
1.196745343463589987e-06
1.214999041962983105e-06
1.217612190202999028e-06
1.220550595348868143e-06
1.221112397047363561e-06
1.223010685293957160e-06
1.228683832437127438e-06
1.226859221787890402e-06
1.228067123406617535e-06
1.226659972530796907e-06
1.230493055288661649e-06
1.225764110870386511e-06
1.227969794399541468e-06
1.231589728831750142e-06
1.232738709404657061e-06
1.233124204418345573e-06
1.233825913686814576e-06
1.232747766835018334e-06
1.233710322594561123e-06
1.232689816674792374e-06
1.234403164858122122e-06
1.233580614439233715e-06
1.232475832466661848e-06
1.234257642863667468e-06
1.230863505838897203e-06
1.230370085920640020e-06
1.231199732387722179e-06
1.228874758965048479e-06
1.240042429344612233e-06
1.229304107255302293e-06
1.227835202826099720e-06
1.236425463275736615e-06
1.227800887591001844e-06
1.237073408901778672e-06
1.226864170575936348e-06
1.231755033472836709e-06
1.228317726713612433e-06
1.227015926019703287e-06
1.227331974860135309e-06
1.231672073629397380e-06
1.226865261401144363e-06
1.233427323086289183e-06
1.226045084763427465e-06
1.229158651199213738e-06
1.231937077932343502e-06
1.242632446860625427e-06
1.227687247933317781e-06
1.221352202946945892e-06
1.224083803776920924e-06
1.237318702465017774e-06
1.236355970490876643e-06
1.233643970977027493e-06
1.215721337644026747e-06
1.222540361141000201e-06
1.226562677061337960e-06
1.226693726152916497e-06
1.223806156076534433e-06
1.229638212976169649e-06
1.222949739485557066e-06
1.221319769229012393e-06
1.221110433391459125e-06
1.229694026960714921e-06
1.220588387127463554e-06
1.227271786774508740e-06
1.221436152150090561e-06
1.246605559117597397e-06
1.218237086959561591e-06
1.217389830117099277e-06
1.220613551424776157e-06
1.223715373726008667e-06
1.228504107189109997e-06
1.228927668535106915e-06
1.223663590508294823e-06
1.223679606709993137e-06
1.217726736513213879e-06
1.219810350505667884e-06
1.218579913597750462e-06
1.230089530963596130e-06
1.232180687509298852e-06
1.217588057897955912e-06
1.215302076502666776e-06
1.218641608033976843e-06
1.225842045755598418e-06
1.220382507085560030e-06
1.221299279450249776e-06
1.222106043314852227e-06
1.218195909302721660e-06
1.216721316268376634e-06
1.219644699119726182e-06
1.217648950841976270e-06
1.223947543280701245e-06
1.219775571144055061e-06
1.221196560550197310e-06
1.229745685691341384e-06
1.218595199929950400e-06
1.213991357644772523e-06
1.223172838535902008e-06
1.217464031810777669e-06
1.216960384908816195e-06
1.217253215486380281e-06
1.217142481380051407e-06
1.221041871986017281e-06
1.218079360683077564e-06
1.217914312974244223e-06
1.218003473013595752e-06
1.223420680958042820e-06
1.214550058534769042e-06
1.217075304680292978e-06
1.218851290332168000e-06
1.225835296736477260e-06
1.212112000246179454e-06
1.212347456203133333e-06
1.216171071689586765e-06
1.214808256690957899e-06
1.219214161665149698e-06
1.217557646668865379e-06
1.214576665802269519e-06
1.217672425468663362e-06
1.214623415535243196e-06
1.215433040897551092e-06
1.221747302224684964e-06
1.210946130072443305e-06
1.213094985246243697e-06
1.218210684328369098e-06
1.221463774072617576e-06
1.212027925134862016e-06
1.210235903954526276e-06
1.213965311990250543e-06
1.216236055938679715e-06
1.213957311847479955e-06
1.211788135719871105e-06
1.214244487641735742e-06
1.211006319863372508e-06
1.214042575554685780e-06
1.213968490105799060e-06
1.215029049603799641e-06
1.208717957297267259e-06
1.220850521690408734e-06
1.232164704561000622e-06
1.213492772649260646e-06
1.203130043450073496e-06
1.207798060249842803e-06
1.207259381317271652e-06
1.211157530747186650e-06
1.210524303587590205e-06
1.212270810810878208e-06
1.212350856008015322e-06
1.210115340199990854e-06
1.210160457958409199e-06
1.211043991133919875e-06
1.209706407507837849e-06
1.221925354286668102e-06
1.210278434768952172e-06
1.207241725182939330e-06
1.209574574545513272e-06
1.207956032089896325e-06
1.209351154898286134e-06
1.210975783578760524e-06
1.211712055919633814e-06
1.207150759228170407e-06
1.206268151463518641e-06
1.209356256310911644e-06
1.209737014278289339e-06
1.213799995980480247e-06
1.211339666724597987e-06
1.203984352855513887e-06
1.208302590214316288e-06
1.205932974244205886e-06
1.209317431971612677e-06
1.206084037335131117e-06
1.207717729698742821e-06
1.211573042496638723e-06
1.211431501246806959e-06
1.207159575358218768e-06
1.210621532550248983e-06
1.212445126270722565e-06
1.202074482193893329e-06
1.205212635682073605e-06
1.208441772462265328e-06
1.210778964946257398e-06
1.209574428457926783e-06
1.203363122499467846e-06
1.204530983045515229e-06
1.209107941804177210e-06
1.213161078226221468e-06
1.207770774271921263e-06
1.209771502317380501e-06
1.212778999502006576e-06
1.202086473313101974e-06
1.204679780926198772e-06
