2.666883346100803499e-03
6.974700410501099819e-04
6.267541814304422674e-04
5.921418935758992769e-04
5.672815513389650342e-04
5.456884975137654388e-04
5.291819655394647747e-04
5.139023634546901727e-04
4.974868895078543097e-04
4.836759892350528476e-04
4.746727133169770306e-04
4.672056496201548660e-04
4.594240913866087816e-04
4.521891470358241393e-04
4.449613644101191160e-04
4.396032380464020878e-04
4.334584571188315662e-04
4.273780700168572345e-04
4.220852979051414682e-04
4.177090202574618269e-04
4.102638606855179854e-04
4.048727681220043386e-04
3.979494655504822601e-04
3.928051052207592745e-04
3.875907915062270907e-04
3.832958139537367905e-04
3.783522431331221274e-04
3.733883598761167507e-04
3.689012705581262881e-04
3.634359630814287942e-04
3.587232301651966087e-04
3.543371715932153100e-04
3.497872294974513200e-04
3.451046675036195926e-04
3.409934730734675993e-04
3.373510451638139893e-04
3.329153740196488906e-04
3.289990616030990991e-04
3.255168058240087898e-04
3.228971407952485563e-04
3.188831447914708623e-04
3.173996937402989867e-04
3.215127773000858767e-04
3.125689193984726574e-04
3.085048060893313786e-04
3.051064508326817087e-04
3.039973635168280452e-04
3.013261881278595173e-04
2.975351627537747888e-04
2.963067670498276043e-04
2.926386860781349090e-04
2.909627038752660394e-04
2.890836803999263793e-04
2.871432825486408547e-04
2.854403190576703980e-04
2.829695156833622713e-04
2.813796394184464719e-04
2.803388405300211118e-04
2.798212600464467003e-04
2.786371920228702969e-04
2.768384056253125891e-04
2.750515290972544054e-04
2.724635096819838704e-04
2.711609421385219277e-04
2.702204998786328425e-04
2.673524923011427745e-04
2.673281045281328391e-04
2.661330864066258268e-04
2.650564374926034556e-04
2.633875991159584135e-04
2.633731512469239620e-04
2.620765068422769998e-04
2.601654861064162149e-04
2.597094690281665148e-04
2.597857796354219296e-04
2.586085518123581919e-04
2.578190289204940438e-04
2.550985438574571054e-04
2.545351668959483569e-04
2.531538916809949850e-04
2.524029310734477111e-04
2.509594229923095619e-04
2.505499251856235635e-04
2.499516457464778752e-04
2.485961357160703972e-04
2.478708361013559798e-04
2.481340400845510820e-04
2.472541885072132312e-04
2.466837838437641300e-04
2.463630287093110643e-04
2.465602636220865060e-04
2.453158396383514866e-04
2.441799885127693285e-04
2.429572673281654618e-04
2.421987890556920428e-04
2.410186629276722724e-04
2.409794450795743495e-04
2.399550349218770786e-04
2.394737650320166614e-04
2.380624367651762571e-04
2.380202025233302200e-04
2.378270034387242114e-04
2.369761162844952326e-04
2.350769776239758292e-04
2.346899021358694816e-04
2.349514795059803938e-04
2.347080881736474231e-04
2.344585753598948973e-04
2.336984376597683823e-04
2.336761406331788662e-04
2.327641253214096585e-04
2.333103385171853125e-04
2.328849570767488417e-04
2.320457560563227238e-04
2.322930609807372039e-04
2.320521866204217055e-04
2.313553666317602533e-04
2.307952477713115535e-04
2.299546996800927413e-04
2.308316923154052260e-04
2.296934704645536786e-04
2.296107864094665372e-04
2.280234955833293606e-04
2.284420097566908225e-04
2.279853614891180649e-04
2.279687688860576567e-04
2.266205698833800917e-04
2.269065174186835000e-04
2.268770430237054781e-04
2.258652678574435348e-04
2.267516314896056407e-04
2.251215765136293991e-04
2.261245736008277163e-04
2.244693069951608820e-04
2.239565980562474644e-04
2.239943337917793564e-04
2.241014542232733209e-04
2.237985740794101632e-04
2.242033917718799872e-04
2.225763585738604823e-04
2.224062111781677242e-04
2.229191140941111371e-04
2.223739356122678027e-04
2.218079780141124578e-04
2.215499918384011802e-04
2.221872367954347337e-04
2.224002782895695418e-04
2.225486135284881974e-04
2.227378964016679598e-04
2.239717125485185620e-04
2.223387428239220677e-04
2.215108033851720393e-04
2.210862745414487963e-04
2.203316536906640868e-04
2.201790307299233875e-04
2.207544503471581189e-04
2.208521821739850501e-04
2.193695733149070163e-04
2.184871787903830355e-04
2.189590570196742083e-04
2.185928000108106192e-04
2.186180298303952473e-04
2.190884453011676712e-04
2.189556680968962534e-04
2.177360242058057392e-04
2.186038003128487552e-04
2.184686058171792010e-04
2.166444322938332388e-04
2.177781620412133612e-04
2.181256957555888329e-04
2.171046504372497966e-04
2.166118984314380138e-04
2.166796468372922282e-04
2.154629673168528706e-04
2.177442787797190303e-04
2.154016838903771833e-04
2.153681976051302724e-04
2.168960844574030445e-04
2.165950647759018553e-04
2.159129957726690897e-04
2.159536530962213744e-04
2.171309764526086058e-04
2.161582477128831778e-04
2.165021285327384162e-04
2.184951803792500847e-04
2.198280840821098558e-04
2.194983103981940097e-04
2.192839239432942090e-04
2.178033724339911736e-04
2.169825597957242378e-04
2.175091332901501920e-04
2.177675707207526979e-04
2.158048949058866139e-04
2.163454995752545128e-04
2.156763839593622833e-04
2.155762050097109869e-04
2.158548180887010003e-04
2.162621440947987258e-04
2.159928985929582366e-04
2.165156810951884912e-04
3.526254004100337625e-04
4.202081263065337940e-04
2.851169441419188063e-04
2.489336362486938231e-04
2.338656114443438171e-04
2.266461126419017178e-04
2.224754853523336275e-04
2.206146008393261538e-04
2.180203940224600891e-04
2.170978618960362025e-04
2.162632063846103966e-04
2.162254275754094156e-04
2.154884997435146986e-04
2.141680135537171628e-04
2.153436000662623060e-04
2.142665213614236628e-04
2.145694721548352336e-04
2.147359604714438298e-04
2.143348233948927394e-04
2.136552485171705604e-04
2.151516511366935414e-04
2.128013567562447828e-04
2.130327377381036145e-04
2.133694356598425754e-04
2.123630382266128468e-04
2.135849421756574862e-04
2.133327706542331606e-04
2.135644041845807871e-04
2.130020062759285663e-04
2.124092562007717712e-04
2.133164536644471701e-04
2.126203509396873382e-04
2.126264652906684281e-04
2.123432214284548460e-04
2.133059389598201928e-04
2.123271641903556764e-04
2.118945758411427960e-04
2.125981247809249994e-04
2.112611331540392766e-04
2.122027117002289818e-04
2.115057945047738085e-04
2.103045907279010819e-04
2.104050011985236909e-04
2.102944795478833937e-04
2.276020413410151453e-04
2.159930374182295022e-04
2.121882657957030558e-04
2.109609016770264188e-04
2.107822977268369879e-04
2.107784776308108045e-04
2.105736437806626814e-04
2.103400881605921302e-04
2.103252123924903442e-04
2.105237291834782776e-04
2.101798588410019864e-04
2.099013968108920283e-04
2.210437430767342361e-04
2.128971163620008232e-04
2.093788659112760862e-04
2.091533756902208573e-04
2.086666295508621358e-04
2.114983514911727969e-04
2.085544524015858748e-04
2.087852959084557391e-04
2.099133776209782907e-04
2.084509037376847021e-04
2.085681821336038389e-04
2.077783786808140706e-04
2.079443063848884885e-04
2.078916307800682392e-04
2.083930627122754177e-04
2.082897524815052856e-04
2.088416136393789224e-04
2.099410915252519782e-04
2.082095696096075807e-04
2.078885145601816399e-04
2.110867409646743876e-04
2.072946010594023478e-04
2.072352292452706111e-04
2.090259049873566179e-04
2.079538923862855871e-04
2.071652263111900430e-04
2.058959697023965527e-04
2.073682821355760076e-04
2.063488108979072498e-04
2.110624747001566036e-04
2.088401169748976903e-04
2.073128305346472102e-04
2.061416618380462718e-04
2.058075745298992853e-04
2.053738004906335911e-04
2.054123812558827987e-04
2.053057654120493615e-04
2.054049324942752784e-04
2.041241172264562974e-04
2.032167602010304217e-04
2.043248483823845033e-04
2.045988460304215637e-04
2.034641970385564394e-04
2.051212931837653817e-04
2.040078651043586465e-04
2.043348476581741200e-04
2.043239642080152310e-04
2.034397207171423263e-04
2.038507445104187235e-04
2.050482203048886634e-04
2.041649585589766383e-04
2.039027772116241879e-04
2.038370780792320245e-04
6.083852363371988585e-04
5.774618608120362685e-04
5.341139924712478854e-04
5.096494060126133263e-04
4.910688410745933218e-04
4.766056367952842092e-04
4.634821346553508127e-04
4.519572087156120774e-04
4.393278616771567548e-04
4.278442077338695266e-04
4.160929541103541591e-04
4.051201415131799963e-04
3.950285640894435173e-04
3.862579887208994630e-04
3.786064557789359415e-04
3.723265058943070493e-04
3.657729788392316680e-04
3.598677397530991519e-04
3.552257821138482693e-04
3.501989063806832054e-04
3.454737436550203798e-04
3.407434654945973090e-04
3.370338292734231887e-04
3.323338383779628419e-04
3.287751716561615706e-04
3.257581339130410773e-04
3.226287470170064006e-04
3.188413501629838872e-04
3.149897002003854141e-04
7.935063184413593566e-04
6.069959037995431659e-04
5.574889303534291424e-04
5.416232274728827352e-04
5.239239877846557517e-04
5.099078107741661023e-04
4.991584338131361100e-04
4.896702940459363553e-04
4.819572260021231917e-04
4.749504277424421313e-04
4.683622303127776918e-04
4.627533092570956731e-04
4.556934985157567943e-04
4.495958289771806362e-04
4.440756172698456902e-04
4.384904704056680159e-04
4.309890953300055030e-04
4.249876395624596756e-04
4.175162283354438603e-04
4.099913357640616401e-04
4.033769789384678266e-04
3.986679180525243109e-04
3.937944525387137955e-04
3.894349910842720224e-04
3.852009668480604735e-04
3.813962414278648880e-04
3.774135555431712527e-04
3.739048278657719645e-04
3.712851167074404852e-04
3.675384270900394854e-04
3.643403660680632843e-04
3.614762259530835070e-04
3.621142126212362330e-04
3.567650730838067916e-04
3.541018826945219167e-04
3.531060686509590531e-04
3.486030746717005816e-04
3.468801896087825450e-04
3.448734700214117549e-04
3.422969607345294381e-04
3.407782911381218799e-04
3.394175122957676627e-04
3.368451091228053060e-04
3.356394160073250402e-04
3.346700977999716997e-04
3.328097377379890705e-04
3.319993177137803373e-04
3.308739664498716571e-04
3.294629097945289773e-04
3.277778618939919571e-04
3.264297090936452259e-04
3.252736115246079710e-04
3.237288789387093727e-04
3.225040254619671032e-04
3.220103260537143710e-04
3.202557998156407761e-04
3.193151336745358787e-04
3.188096095982473452e-04
3.173832804895937573e-04
3.171910979290259785e-04
3.158441378036513773e-04
3.143012562213698164e-04
3.129976832133252412e-04
3.124841176759218754e-04
3.120007090910803353e-04
3.112407759908819658e-04
3.116403645253740425e-04
3.092275898234220092e-04
3.089118785283062390e-04
3.084529921761713749e-04
3.062236597907030825e-04
3.061992504080990416e-04
3.041858819779008714e-04
3.037212098570307478e-04
3.023085238964995261e-04
3.012427955400198872e-04
3.010062081011710450e-04
3.003450013784458991e-04
2.997511682769981949e-04
2.987333989585749718e-04
2.987982767081121200e-04
2.980838042276445885e-04
2.970547437143977840e-04
2.962379864766262732e-04
2.971204998175380535e-04
2.960281792184105035e-04
2.950671595317544372e-04
2.950393760693259407e-04
2.935049244842957445e-04
2.932013959798496455e-04
2.923601800284814068e-04
2.918844669329701122e-04
2.911243072594515784e-04
2.903408175188815178e-04
2.902920400811126282e-04
2.902326885669026285e-04
2.959647978423163165e-04
2.910278803756227890e-04
2.912785512307891622e-04
2.935576586605748205e-04
2.911322464933618990e-04
2.901813788048457593e-04
2.894245826610131189e-04
2.882054954534396508e-04
2.887225220911204902e-04
2.878259905264713000e-04
2.863435364270116895e-04
2.913311554584651990e-04
2.858737429778557444e-04
2.850611894245957739e-04
2.843626630783546738e-04
2.842172420059796206e-04
2.840982562338467926e-04
2.831308307213475949e-04
2.836468356690602377e-04
2.857530723122181436e-04
2.848783321678638718e-04
2.833563467720523325e-04
2.836463296989677539e-04
2.832780972676118597e-04
2.822705586731899508e-04
2.817431249422952685e-04
2.814919528464087956e-04
2.827387534489389704e-04
2.800458746787626123e-04
2.797503934561973611e-04
2.800929504883242923e-04
2.780363498459337496e-04
2.786613735952414746e-04
2.774663011950906540e-04
2.792219291586661473e-04
2.775966603076085210e-04
2.788242488168180054e-04
2.767223584669409428e-04
2.757899097196059323e-04
2.750986679893685592e-04
2.773284786962904231e-04
2.754776411165949174e-04
2.746220901462948080e-04
2.747160987928509517e-04
2.754704406834207345e-04
2.749544270045589872e-04
2.740024400554830165e-04
2.736062832991592738e-04
2.737880952918203483e-04
2.737297047133324559e-04
2.730019084992818643e-04
2.734761123429052510e-04
2.738690823753131575e-04
2.726359324151417002e-04
2.716473700274946168e-04
2.722725107014412039e-04
2.720964018953964027e-04
2.716425458493176761e-04
2.704143512528389519e-04
2.704092815838521477e-04
2.715297258691862182e-04
2.706170891178772092e-04
2.699666505941422634e-04
2.698652855178807061e-04
2.700127798743778883e-04
2.709705182496691339e-04
2.683195468853227707e-04
2.684423066966701516e-04
2.682358127640327482e-04
2.680545640032505617e-04
2.682770701358094660e-04
2.680788104044040557e-04
2.679677727428497747e-04
2.676304814667673716e-04
2.674890554044395945e-04
2.672474192513618423e-04
2.676987829909194131e-04
2.671018318505957874e-04
2.675519350304967009e-04
2.658908218290889571e-04
2.654845532379112878e-04
2.660043609648710269e-04
2.648476473405025661e-04
2.659095007402356714e-04
2.650625055684940694e-04
2.649912642664275998e-04
2.645185810251860165e-04
2.647635568428086247e-04
2.648856395535404123e-04
2.681824369210516947e-04
2.667682353057898451e-04
2.653916119015775513e-04
2.652019923698389838e-04
2.647669063298963249e-04
2.648927565314807150e-04
2.647410804638639027e-04
2.631506980833364434e-04
2.629133017762796736e-04
2.634275480522774398e-04
2.632631489541381576e-04
2.633952971518738347e-04
2.620246467267861351e-04
2.614912566787097343e-04
2.626551706634927628e-04
2.622008848265977641e-04
2.622256592439953216e-04
2.626614214386791186e-04
2.630512379982974337e-04
2.611282571160700367e-04
2.612903211411321471e-04
3.892939204524737090e-04
2.783190550690050908e-04
2.684233939362457130e-04
2.650163600628729888e-04
2.633548232552129558e-04
2.626987960684345992e-04
2.610187225945992417e-04
2.603897904191398928e-04
2.596954356704372804e-04
2.596277182601625143e-04
2.592867295606992987e-04
2.588004622521111568e-04
2.599568897130666105e-04
2.603416865895269655e-04
2.585538959101540773e-04
2.612895073252729898e-04
2.609123739239293887e-04
2.599605605064425813e-04
2.596845518564805323e-04
2.598458699503680669e-04
2.599491846922319274e-04
2.600687298399862075e-04
2.588958867272594705e-04
2.603027017175918185e-04
2.580206443235510830e-04
2.774169069743947862e-04
2.772464086592662928e-04
2.599884921801276592e-04
2.586709431488998148e-04
2.570874563389225148e-04
2.575120180699741706e-04
2.573754719924181938e-04
2.564066791819641258e-04
2.563853681931504806e-04
2.583498499006964266e-04
2.575592018547467627e-04
2.570118978474056587e-04
2.574860292952507626e-04
2.568022999912500338e-04
2.567251524305902508e-04
2.565240821422776251e-04
2.588846707658376458e-04
2.569337620661826609e-04
2.561494652036344611e-04
2.558581590710673286e-04
2.557224057818529997e-04
2.560934131906833717e-04
2.556541720696259247e-04
2.553330007503973060e-04
2.553379426535684420e-04
2.554738670733058803e-04
2.571877758600748924e-04
2.563645473856013377e-04
2.599812721746275115e-04
2.565905917435884367e-04
2.550465265085222026e-04
2.562206463335314917e-04
2.547766992211108767e-04
2.540004991169553337e-04
2.540867398784030034e-04
2.548614925763104133e-04
2.539998832071433039e-04
2.541227341862395449e-04
2.553536028426606035e-04
2.539887891180114625e-04
2.553003450157120976e-04
2.537917422159807973e-04
2.525026437069755156e-04
2.526126234442927052e-04
2.552717072831000916e-04
2.533434378710808146e-04
2.523735424620099539e-04
2.530361288518179360e-04
2.538660115533275747e-04
2.556508257839596116e-04
2.536225062794983647e-04
2.525684095598990141e-04
2.526616437535267215e-04
2.531692059710621747e-04
2.525797415728448067e-04
2.532534128113184363e-04
2.526801184285432035e-04
2.544774355192203205e-04
2.543521023471839574e-04
2.536178454465698299e-04
2.528153213643235912e-04
2.522738845436833777e-04
2.550190478359581686e-04
2.530782865505898480e-04
2.514893115585436979e-04
2.505672030383720734e-04
2.506307656585704579e-04
2.507306513143703363e-04
2.516542992816539568e-04
2.517687283398117805e-04
2.512518466392066286e-04
2.512119300081394461e-04
2.515293931355700070e-04
2.512940963788423492e-04
2.511187817435711796e-04
2.509190504497383007e-04
2.616073087847326103e-04
2.543541660998016487e-04
2.531661758985137805e-04
2.502601785090519202e-04
2.494260995445074774e-04
2.500408777268603618e-04
2.508074646175373411e-04
2.505654952256008809e-04
2.511475170467747115e-04
2.500701905955793271e-04
2.502976589312311045e-04
2.506900493608554912e-04
2.510887973767239535e-04
2.490593298716703321e-04
2.486927262361859989e-04
2.483199141715886266e-04
2.495167394226882542e-04
2.500163141667144395e-04
2.501332752581219990e-04
2.490673151623923375e-04
2.494615109026199358e-04
2.488496680598473393e-04
2.492075458576436869e-04
2.487363336695125370e-04
2.496334722673054763e-04
2.487713801383506550e-04
2.479952819703612715e-04
2.501907830446725755e-04
2.501320789451710620e-04
2.485516171145718588e-04
2.489946726564084872e-04
2.489312370016705462e-04
2.522300293640000984e-04
2.514787936524953606e-04
2.502019389066845222e-04
2.476673814089736035e-04
2.489346110814949476e-04
2.492603320570196935e-04
2.486136597872245970e-04
2.476060212211450540e-04
2.483824149385327603e-04
2.486637566471472144e-04
2.471381632494740427e-04
2.469452936929883197e-04
2.482123143272474321e-04
2.472031195793533481e-04
2.481811020697932517e-04
2.478721863735700070e-04
2.472853768267668675e-04
2.464232810598332392e-04
2.480516063224058577e-04
2.471938482631230900e-04
2.468991940259002409e-04
2.489578619133681059e-04
2.461910957936197693e-04
