3.392682922518967331e-05
1.680772224669150716e-05
1.694911185040837032e-05
1.641380884469375109e-05
1.605348371261546421e-05
1.576495906040993936e-05
1.579732966471662160e-05
1.589973225122776016e-05
1.539243132659369866e-05
1.514803212936991923e-05
1.499170718110083977e-05
1.484637042987439301e-05
1.473154074346893988e-05
1.463224133279557810e-05
1.451989974536142294e-05
1.536152118508956303e-05
1.579263588989003031e-05
1.516184705640929040e-05
1.485050737225416537e-05
1.461894772470865722e-05
1.449759581343338765e-05
1.448482600305093653e-05
1.435581116500846652e-05
1.417652662780710705e-05
1.407575291712722284e-05
1.395301582306274267e-05
1.386056052827674078e-05
1.378420757153738367e-05
1.369659674613406681e-05
1.362642972101942524e-05
1.359568794100596258e-05
1.375596544524645101e-05
1.375218726783108066e-05
1.452923346505485757e-05
1.393665259721880450e-05
1.361076693759362950e-05
1.344216744352403682e-05
1.351314860774740079e-05
1.333395974787284409e-05
1.318315685352899952e-05
1.307876673801426179e-05
1.300446323815170489e-05
1.318491499849490796e-05
1.325204698180944712e-05
1.302924986703146755e-05
1.289357276770412376e-05
1.281538908339522774e-05
1.270995913576674181e-05
1.261288930625899635e-05
1.678344646052210145e-05
1.608248966742091234e-05
1.559617954020116838e-05
1.538527698206356266e-05
1.515866909661175085e-05
1.501971538762821509e-05
1.487694874299450034e-05
1.477113869100321595e-05
1.471616973655424514e-05
1.462868814655848884e-05
1.449943576290024733e-05
1.443098158915745369e-05
1.437815055207162683e-05
1.425248193337817387e-05
1.412463578769044679e-05
1.406160548034070688e-05
1.403473139589550623e-05
1.400616080294033420e-05
1.378541688306237690e-05
1.360362212759961630e-05
1.349392366516137107e-05
1.337665947062305363e-05
1.339894880023469646e-05
1.324222063999513840e-05
1.315888337103388073e-05
1.310612636605886361e-05
1.300751447729453482e-05
1.295333697839851145e-05
1.286468524881456755e-05
1.290361137610792235e-05
1.294734049603600064e-05
1.283871509902686135e-05
1.271754708189594804e-05
1.262231088655122886e-05
1.258801739671374258e-05
1.254593294523450191e-05
1.251683241283293112e-05
1.257102696551252596e-05
1.254688357865537272e-05
1.252515206829229936e-05
1.244930451775871848e-05
1.236579031152966023e-05
1.245668920167493851e-05
1.250766006516338756e-05
1.228815241271755983e-05
1.227524863793405536e-05
1.219051401638656342e-05
1.211685790015811495e-05
1.215978528155877355e-05
1.204477680100050429e-05
1.224807238675869851e-05
1.203532651516070453e-05
1.196171126139233746e-05
1.196014715863687669e-05
1.199778252422826549e-05
1.197877172633828433e-05
1.191750193091441680e-05
1.189779247094217321e-05
1.188109897195014759e-05
1.185550667022046921e-05
1.179994723467340593e-05
1.177631985873025172e-05
1.179628888849037994e-05
1.203909413789006039e-05
1.174016467492341099e-05
1.165927109354925044e-05
1.158215197316773539e-05
1.155754975115996772e-05
1.153592863488484054e-05
1.154769111773627350e-05
1.151991612762988776e-05
1.150405029382757967e-05
1.154431963755087013e-05
1.149805821190360226e-05
1.145053226461338149e-05
1.145073566514535382e-05
1.274389876622687274e-05
1.506119685018347762e-05
1.366013680581090814e-05
1.300287884987483287e-05
1.261487884903544828e-05
1.238097404893778703e-05
1.218048832773395935e-05
1.209755952610673118e-05
1.201010847883784100e-05
1.187014581546463901e-05
1.178499590802554462e-05
1.172353563674732929e-05
1.167309742186262169e-05
1.165672382512639093e-05
1.432066657722922845e-05
1.397292484512036073e-05
1.277242307764936474e-05
1.228947784966294414e-05
1.211491301243465074e-05
1.194253440303327820e-05
1.177706445711616421e-05
1.168261445400276036e-05
1.162652372045158720e-05
1.157167116806097802e-05
1.150718060065022024e-05
1.148504716184106689e-05
1.144135324125272705e-05
1.141996694248822013e-05
1.138852096687514886e-05
1.200510229106536595e-05
1.197923917591954990e-05
1.166148698227213185e-05
1.151665749413647688e-05
1.141171411253102009e-05
1.191837007354479324e-05
1.514819334715866683e-05
1.319100816317586571e-05
1.239393857455676534e-05
1.190992655059138406e-05
1.167300993491456489e-05
1.153816657051720466e-05
1.144095042036496993e-05
1.316306866480469322e-05
1.201323372470142244e-05
1.163718059122705538e-05
1.147736954635547672e-05
1.135919505145466226e-05
1.129692096734894764e-05
1.126550309966963406e-05
1.123273830292722099e-05
1.119667096531884386e-05
1.140800911230144198e-05
1.159258242447928466e-05
1.128730103497825154e-05
1.119110560997190403e-05
1.113982573732149234e-05
1.114374231292458717e-05
1.113850305690296701e-05
1.107935055642883580e-05
1.126571641255698876e-05
1.198712498535314781e-05
1.127802829766248300e-05
1.108534727867057244e-05
1.102308100068209284e-05
1.099324833110889216e-05
1.104570340392759481e-05
1.106221695029792819e-05
1.105700034107333828e-05
1.107516075724864326e-05
1.110055954541167005e-05
1.111589814816701055e-05
1.102681293370248195e-05
1.095226157531215049e-05
1.093833833048544631e-05
1.090578162423601735e-05
1.093103292532759924e-05
1.093644090171134509e-05
1.087961667508352467e-05
1.087300047439991193e-05
1.087843301699346400e-05
1.081425357331984980e-05
1.076317508288108680e-05
1.075371270909878807e-05
1.075532007272765142e-05
1.077736625726781088e-05
1.073840684739479986e-05
1.099845130283938549e-05
1.081691703310146607e-05
1.076405971389249391e-05
1.075447649782290764e-05
1.074057902201275256e-05
1.079657726753187815e-05
1.081728588208837433e-05
1.077760512165089759e-05
1.075602482615067877e-05
1.072092459935447577e-05
1.066988171525433007e-05
1.066948220492728626e-05
1.063512460329244874e-05
1.061252395553916888e-05
1.058732976313573694e-05
1.064226479381128840e-05
1.063727113015981212e-05
1.060869410859292304e-05
1.060578335303337927e-05
1.059944877548938696e-05
1.057166619072328768e-05
1.059773015223678836e-05
1.055377468977288416e-05
1.055253854625940812e-05
1.052692888530752253e-05
1.049243137913435903e-05
1.045135932675596722e-05
1.043633016706735287e-05
1.049324009879152703e-05
1.055855899570209081e-05
1.096437064006749986e-05
1.094095503655504787e-05
1.062707687234857633e-05
1.053959283998058953e-05
1.049093175500578005e-05
1.045199178255036992e-05
1.043374333373018741e-05
1.068255743424136498e-05
1.053379090042957051e-05
1.050418008693062252e-05
1.050456395129610109e-05
1.043380307919505793e-05
1.044671342166717879e-05
1.043177632065332274e-05
1.039878889779781031e-05
1.039173885298320437e-05
1.038242964038242082e-05
1.038850729438915164e-05
1.038342161905347927e-05
1.039013454677236319e-05
1.038996492714735153e-05
1.115517794119114047e-05
1.072547467136549490e-05
1.053462514581345482e-05
1.041484405921740589e-05
1.035044697421956997e-05
1.028375470885597014e-05
1.026889942674339792e-05
1.027096486533688907e-05
1.028826543726305976e-05
1.030475379290389097e-05
1.030942085435526719e-05
1.029218603283273636e-05
1.028659670888979819e-05
1.034623266908359534e-05
1.035194377891457380e-05
1.110574978383738280e-05
1.082802376155692970e-05
1.052229342008104188e-05
1.040404293955058735e-05
1.038834887443348030e-05
1.037714724967978958e-05
1.032314433170237611e-05
1.031464157260112819e-05
1.029606583604921403e-05
1.028899149635738834e-05
1.055543647983843944e-05
1.030148679812252007e-05
1.049536594412832766e-05
1.030728722715442249e-05
1.025052788425758386e-05
1.022109231181881745e-05
1.043269747962464523e-05
1.022778195078899477e-05
1.015175143644834508e-05
1.099167391051499493e-05
1.069315270266694539e-05
1.045646295513809871e-05
1.038037111622240079e-05
1.054458156886539648e-05
1.042446183002236222e-05
1.064109422069729304e-05
1.048115909838998009e-05
1.035440919433009850e-05
1.025936099419292715e-05
1.039072440827718975e-05
1.024670567176144748e-05
1.018051816231491055e-05
1.017415891624295909e-05
1.017545001862648249e-05
1.015202266595830842e-05
1.012163997074821950e-05
1.009339431523888746e-05
1.007052054357397246e-05
1.003864916242491677e-05
1.009428019415281576e-05
1.009889006468256493e-05
1.009544430454904308e-05
1.009447694135208934e-05
1.013273966843068226e-05
1.012604385133878697e-05
1.163021757444463857e-05
1.324296406020645640e-05
1.183606052904906473e-05
1.114642023935630352e-05
1.097683571818682398e-05
1.067191724359872717e-05
1.048343761719176302e-05
1.036608512284450008e-05
1.027207425257377807e-05
1.021321735417283618e-05
1.017101586550476637e-05
1.013902231685885148e-05
1.010089482557911420e-05
1.013505288483429393e-05
1.013509884842278613e-05
1.013600530617016680e-05
1.010451681357456817e-05
1.008598566537936452e-05
1.013240397014669718e-05
1.010004055425876455e-05
1.005061218696331184e-05
1.004325249179297846e-05
1.002350388716877138e-05
1.001006797575125096e-05
9.999682256799739878e-06
1.002590662816752778e-05
1.001485734301847250e-05
1.004052324636480406e-05
1.005129226086864933e-05
1.062825643127022594e-05
1.022798432434986658e-05
1.023217124838993240e-05
1.031014724996263469e-05
1.026623624322079812e-05
1.026038151242877052e-05
1.022971595944000021e-05
1.018180205695292341e-05
1.012190125265988219e-05
1.021355199706401130e-05
1.029660509705839443e-05
1.010397292172153112e-05
1.005113890490368493e-05
1.017872071088277139e-05
1.000680094269531228e-05
9.959280415235601669e-06
9.895490694589171421e-06
9.883493687918113387e-06
9.843452002466316226e-06
9.855507038688907388e-06
9.879692385463082491e-06
1.035489752401493539e-05
1.010905424095653857e-05
9.914634426877455892e-06
9.845814819679313967e-06
9.870223063899174896e-06
9.907899875922036983e-06
9.979048057478697101e-06
1.026028430336130801e-05
1.032984325585554612e-05
1.010280916489136905e-05
9.987637605869773908e-06
9.930475960876114212e-06
9.949213909597650271e-06
9.919429541393279688e-06
9.854325902930819727e-06
9.857742653593959945e-06
9.845862815988464092e-06
9.845173223463159467e-06
9.831660239948784163e-06
9.817331866391517458e-06
9.808160300508461118e-06
1.150941585668382007e-05
1.091152773634955046e-05
1.354101048112473475e-05
1.148025337291377052e-05
1.097862411218860334e-05
1.070156117975784636e-05
1.052678554515296073e-05
1.038727478241222961e-05
1.030926306460363165e-05
1.020745966722339860e-05
1.015799861837270620e-05
1.008710371327955197e-05
1.006394432276162403e-05
1.004362928483715209e-05
1.002151131084853415e-05
1.001019053925726168e-05
9.980261806200966740e-06
9.991934051261827158e-06
9.967089907452948919e-06
9.966910871905080506e-06
9.979143263005122656e-06
9.944554340108880587e-06
9.922252190790459891e-06
9.930069462219155786e-06
9.922088877374334815e-06
9.980805287265563912e-06
1.000467993018598212e-05
1.014641495506414930e-05
1.020039633582806929e-05
1.020288419454118398e-05
1.006696543678723825e-05
9.966496135499861516e-06
9.914226183885450645e-06
1.043623175216149965e-05
1.013454172455870660e-05
9.983412750974214814e-06
9.925377451054373930e-06
9.900984789510402926e-06
9.899527773692776912e-06
9.961793819381152741e-06
9.956621162245938553e-06
9.889736036257090813e-06
9.795702120906450762e-06
9.846788223436912779e-06
9.890556040469769978e-06
9.804844698540666912e-06
9.810048328896907164e-06
9.819896480773118876e-06
9.774526346670124859e-06
1.096888315487376510e-05
1.459579628658502824e-05
1.272565832020215329e-05
1.152572785031224985e-05
1.093470612962240256e-05
1.056826650255970829e-05
1.031532169122328991e-05
1.017261607557884431e-05
1.004913618127526783e-05
9.951263269461681633e-06
9.886139638410895781e-06
9.860430080455748114e-06
9.813929532356268989e-06
9.786837168803685385e-06
9.762865565411023237e-06
1.007889766204546742e-05
9.910262281967637394e-06
9.798272608729045931e-06
1.006734843864857556e-05
1.010315378986585156e-05
9.870059728503595160e-06
9.786238947905682713e-06
9.818520530113043144e-06
9.717149861595923281e-06
9.677765629400406506e-06
9.701865168760074939e-06
9.674484946344819172e-06
9.714194894362056186e-06
9.673101336223529828e-06
9.670425051429749907e-06
9.694265273765267379e-06
9.711172534707657042e-06
9.685483972058743157e-06
9.673189573125759151e-06
9.691456269820264966e-06
9.645433337936992215e-06
9.635396550038421924e-06
9.631970278860535744e-06
9.652731649036164771e-06
9.681493890335939238e-06
9.673052965505727090e-06
9.668789418810774873e-06
1.114929326755979429e-05
1.085056758483915392e-05
1.013245957703171988e-05
9.981591571962175524e-06
1.027779519745308844e-05
1.039553147620608743e-05
9.962881548517544248e-06
9.839449084362665565e-06
9.764467866943960165e-06
9.771784971614276753e-06
9.793831523741876603e-06
9.895462612803385195e-06
1.012290754791441405e-05
1.027546161935788405e-05
1.033331887507908131e-05
1.038784760188112525e-05
1.029223743898910491e-05
1.323312203870348891e-05
1.695812840580401799e-05
1.536459143077687815e-05
1.484203387690286090e-05
1.447783371114989318e-05
1.418299319918029772e-05
1.384326682758304171e-05
1.343870124628665569e-05
1.306704906179826797e-05
1.267849942526784935e-05
1.227166835406023838e-05
1.188612357130599199e-05
1.152943809226295947e-05
1.122528405555082488e-05
1.259409533152696243e-05
1.194130659844934836e-05
1.142345575772196800e-05
1.113845891419866056e-05
1.079886651723427369e-05
1.057751507687498842e-05
1.042503076784366053e-05
1.031135590627248626e-05
1.020601558517834394e-05
1.236175413017311596e-05
1.104904683036996562e-05
1.051718020107728026e-05
1.243590388412485427e-05
1.140160792677609858e-05
1.072343526288932521e-05
1.038188849406651543e-05
1.020537297260186048e-05
1.010854546204124439e-05
1.003318311556237628e-05
9.939882627350016129e-06
9.889729148350548618e-06
9.831569402270664076e-06
9.817478738796126455e-06
9.780483976934798370e-06
9.779885614686160074e-06
9.760010802513837875e-06
1.025524371243591263e-05
1.002301793770736035e-05
9.859656268721057960e-06
9.818870981159003120e-06
9.822068925586790740e-06
9.756367921530303063e-06
9.734161111509819788e-06
9.699919402237356368e-06
9.682710179201118054e-06
9.643796729127036510e-06
9.624128415453014557e-06
9.652943762527380157e-06
9.653932925933380246e-06
9.679319129342426679e-06
9.643466208520597781e-06
9.628319816480749313e-06
9.587525799285382544e-06
9.569026552753711896e-06
9.552985430521705948e-06
9.545008324115162817e-06
9.557576765170476473e-06
9.693492666353146562e-06
9.612388663526871146e-06
9.548342222084708141e-06
9.492336979140721120e-06
9.492272038945277914e-06
9.885119203924355949e-06
1.002922078062814104e-05
9.680976296143247380e-06
9.637460524345442062e-06
1.069483757267638122e-05
1.270462599904931199e-05
1.102427696234068737e-05
1.081865483153402761e-05
1.163484609226846613e-05
1.041260857846282265e-05
1.009598022884953704e-05
9.908317603806912464e-06
9.873376144848104504e-06
9.734862424390181305e-06
9.643683522426727402e-06
9.605987006959063745e-06
9.572635467899696859e-06
9.519858778806640780e-06
9.480505198098399520e-06
9.475920307219591870e-06
1.001898385425192814e-05
9.658786105622614593e-06
9.518516549936368882e-06
9.518409192423860890e-06
9.481059819336224424e-06
9.474022605976036907e-06
9.487374128032872672e-06
9.508158415959162642e-06
9.463102843104328536e-06
9.523520771305509140e-06
9.569157928884426554e-06
1.167756033055411508e-05
1.400149410149727631e-05
1.223800529487562064e-05
1.124048391488940925e-05
1.065560346773963856e-05
1.193219293706230603e-05
1.539898607082553519e-05
1.359570758040717899e-05
1.259611187833797851e-05
1.199401524180151126e-05
1.146939608209625747e-05
1.111477424804737249e-05
1.082554072543947137e-05
1.059280918866534133e-05
1.041446410492123240e-05
1.349609303664086173e-05
1.192224173109934748e-05
1.107027761160376669e-05
1.065075307678853197e-05
1.038992607770220797e-05
1.020620959025109112e-05
1.007406668653250875e-05
9.989323060987468912e-06
1.000276778010326495e-05
9.895421126581519384e-06
9.812605032948340116e-06
9.772894809808955612e-06
9.723288345639957223e-06
9.697076076236043428e-06
9.700766084203374880e-06
9.748837253861590140e-06
9.785295937187280804e-06
9.724282579099963254e-06
9.685817972240328712e-06
9.649819233648789245e-06
9.629776739075169209e-06
9.623397661471244172e-06
9.633116379366886767e-06
9.670251051450880694e-06
9.653649841159979168e-06
9.644341045789891952e-06
9.690668596249452297e-06
9.657625342166891220e-06
9.685605621901535305e-06
9.622754861690433557e-06
9.591707874581818861e-06
9.561901458710054042e-06
9.515180587413850941e-06
1.163134602469047755e-05
1.628566590397895184e-05
1.477398062282494035e-05
1.399690958351129652e-05
1.344908273798258370e-05
1.293116437712645505e-05
1.250666225890502859e-05
1.811014141670360140e-05
1.657730352765914353e-05
1.560985226281748768e-05
1.506790930534407448e-05
1.463970519353097222e-05
1.425355786977888804e-05
1.392267335404540036e-05
1.361038224748275101e-05
1.334640116965601953e-05
1.309000585630807699e-05
1.286936506479226749e-05
1.269250260975240969e-05
1.250313177100300266e-05
1.241043957444768782e-05
1.219261813465285137e-05
1.200023646826290764e-05
1.189075237410482538e-05
1.169197334623580351e-05
1.154092861876658023e-05
1.142050427877923879e-05
1.127547353689806119e-05
1.119032117609701067e-05
1.111472026461039258e-05
1.103234132642683135e-05
1.101553497164786643e-05
1.098117940766011686e-05
1.089862637892717064e-05
1.086599567353611394e-05
1.081226153246461749e-05
1.073024887925081847e-05
1.070822525889525470e-05
1.069008033672010609e-05
1.066379880019970513e-05
1.058861468550276186e-05
1.056346613381720090e-05
1.054180164790826343e-05
1.047522061715729638e-05
1.041597809527653904e-05
1.035147243404329320e-05
1.032390153492694141e-05
1.024277183394891259e-05
1.340316450220294998e-05
1.457743678656697739e-05
1.317320112245094253e-05
1.217235601643551409e-05
1.155480267016173464e-05
1.118382387517158417e-05
1.089009122779316311e-05
1.067320282800210427e-05
1.052696628827713295e-05
1.039070460213527779e-05
1.029025416035741076e-05
1.022745541680099837e-05
1.015698465380410239e-05
1.011349861641974705e-05
1.007175463579793949e-05
1.006244873716847621e-05
1.004397135451047960e-05
1.000953641550950144e-05
1.031509169403458803e-05
1.043100161571904562e-05
1.017710867169322886e-05
1.007446086267312477e-05
9.970350016222558144e-06
9.927230347557270258e-06
9.893155191396847827e-06
9.854290375794031722e-06
9.833804455183781101e-06
9.838361125957818099e-06
9.846719533470605276e-06
9.854187471394955795e-06
9.843979125131833567e-06
9.873162728126772116e-06
9.801061583705935194e-06
9.823448318684312817e-06
9.813544525817027424e-06
9.828080274777069924e-06
9.841435377590338155e-06
9.887844780299323477e-06
9.934234752411915051e-06
9.983705069771531271e-06
9.988493551039330452e-06
9.991789516258601988e-06
9.961562722082816667e-06
9.965269618608848785e-06
9.928540198795113449e-06
9.925531905234190311e-06
9.917867372829884936e-06
9.840914254179248603e-06
9.927332177236773613e-06
9.822806258625860616e-06
9.782717775124183661e-06
9.764896202947663721e-06
9.762668829580434452e-06
9.763272877307827816e-06
9.808720169909672303e-06
9.811971412242806535e-06
9.806622742492739357e-06
9.821698624061052024e-06
9.977392902555948646e-06
9.797756824809766569e-06
9.741600239294712150e-06
9.746712047823772123e-06
9.735461156499999655e-06
9.738835851749172231e-06
9.720412108435994556e-06
9.716200762947361719e-06
9.870856956695206463e-06
9.783019720165005975e-06
9.656275850602468749e-06
9.612793027523972790e-06
9.612509819968787175e-06
9.585994072267566576e-06
9.583568809906258193e-06
9.637495822592729872e-06
9.603390058903944635e-06
9.616605887761883517e-06
1.291471823909281107e-05
1.163610353614785763e-05
1.059639040060270947e-05
1.016302434512302523e-05
9.962160491644075414e-06
9.885891477097175829e-06
9.980534301424389136e-06
9.852865950582175567e-06
9.813171089187260315e-06
9.792677684951438447e-06
9.794355520777268129e-06
9.792091010846584888e-06
9.818323981486779819e-06
9.856943212677529866e-06
9.920071923185484132e-06
9.917328165253518125e-06
1.003361313223649557e-05
1.324095403257767145e-05
1.492297104656851612e-05
1.355880428188053592e-05
1.243654364202484430e-05
1.159525578790029056e-05
1.103249031378557705e-05
1.071987911169950838e-05
1.052732897051100803e-05
1.036087784465659440e-05
1.023528649435926690e-05
1.016887439618585685e-05
1.010022853961345404e-05
1.001529014880967869e-05
9.969384589112450932e-06
9.888600391908160676e-06
9.833341793334209375e-06
9.739906879152234462e-06
9.715906965463243352e-06
9.648287558926919578e-06
9.596838539209784968e-06
9.573022927042984723e-06
9.524912491845801950e-06
9.640610524002112634e-06
9.532663602840329647e-06
9.517919174868438587e-06
1.009261655478136699e-05
9.723613280054147702e-06
9.641269803447964558e-06
9.581727293076861357e-06
9.536418034106948776e-06
9.537635140380492234e-06
9.473616839462314831e-06
9.450247572052225453e-06
9.431621119423046895e-06
9.495565802050502240e-06
9.454563963420999840e-06
9.410142904850242045e-06
9.370552363255530998e-06
9.383205604081013414e-06
9.365487443346864893e-06
9.383503672021712639e-06
9.393111352361907957e-06
9.416277126774730413e-06
9.411873466736627852e-06
9.423377615955056823e-06
9.367847760207344287e-06
9.407646742071543663e-06
9.401389311657718729e-06
9.379541589851214464e-06
9.403885398266235635e-06
9.361146321301325022e-06
9.394334921732176906e-06
9.370819983208396670e-06
9.352125516670639627e-06
9.328062668222022788e-06
9.295251509229273963e-06
9.303329907576577551e-06
9.328687253476649545e-06
9.294897448247260561e-06
9.341920831881603903e-06
9.386208860178158530e-06
9.305009837135002504e-06
9.298623530942981259e-06
9.261776466852704640e-06
9.800981177932045052e-06
9.476818144473024078e-06
9.412433073900199393e-06
9.382561432479026383e-06
9.362821255081143300e-06
9.337226361291565212e-06
9.326570421990255155e-06
9.339728885606745986e-06
9.356892786248256912e-06
9.839523046745550291e-06
9.510119599932902033e-06
9.329094623353740277e-06
9.276627002539801977e-06
1.373024507377825449e-05
1.351493104910635712e-05
1.143484025192265074e-05
1.027724245507973375e-05
1.005627440046434098e-05
9.712969825841355419e-06
9.511793574195811905e-06
9.406469438696754852e-06
9.346383902387364517e-06
1.838142428520465565e-05
1.907039357471755059e-05
1.748445347781550020e-05
1.686769312376175793e-05
1.650948858772001979e-05
1.625326208795741076e-05
1.604058138582331594e-05
1.583272033106671337e-05
1.566963471456498644e-05
1.553149563657522613e-05
1.541677010360823912e-05
1.529963764293521838e-05
1.519184872980379956e-05
1.507196661198880337e-05
1.496213052253854931e-05
1.487731875386089168e-05
1.476043195377011847e-05
1.465043042874943464e-05
1.458646378182493283e-05
1.444823063782981453e-05
1.430187017376738340e-05
1.415680135854320962e-05
1.402116267778789367e-05
1.388961064208160678e-05
1.377459201345724611e-05
1.372913222250341855e-05
1.362686027960080591e-05
1.352708467644940132e-05
1.333949283245298578e-05
1.320625109049918395e-05
1.305141328581763996e-05
1.291517552052331110e-05
1.279508012468492440e-05
1.267381374191245468e-05
1.255448371807688036e-05
1.242158835718025011e-05
1.233091917886971042e-05
1.223666127619556616e-05
1.215958502674159948e-05
1.206884755750555331e-05
1.195439739566002864e-05
1.187331916526090929e-05
1.177930366490424217e-05
1.172780736017860641e-05
1.163453741166146457e-05
1.162486578285400661e-05
1.147239422607526615e-05
1.140993504236576034e-05
1.132777920323254298e-05
1.126898936073909423e-05
1.122161715367534881e-05
1.116345919361568413e-05
1.113956073027111375e-05
1.109540352028185843e-05
1.104475964439188768e-05
1.102972051853612329e-05
1.095764965953094286e-05
1.091922013377673818e-05
1.085392491139221671e-05
1.081924782700601357e-05
1.086322028678902445e-05
1.092063922442321247e-05
1.110601111349751584e-05
1.112517895194287155e-05
1.089955908165999612e-05
1.080170706018179704e-05
1.071070601142309856e-05
1.065298990738483526e-05
1.062921132643168655e-05
1.061578645590088874e-05
1.058782966273004828e-05
1.055145897908005315e-05
1.056965424178694456e-05
1.057226861538159401e-05
1.054577372012014851e-05
1.057743830491138688e-05
1.055825641856245049e-05
1.056941046272186267e-05
1.054418516976814588e-05
1.055398717312527960e-05
1.051019687717295330e-05
1.046979898736329491e-05
1.050614268895818224e-05
1.046797754573466021e-05
1.046447778814278163e-05
1.038571994437612993e-05
1.039519917905333142e-05
1.037478644434486409e-05
1.033281532007398078e-05
1.031658475691680539e-05
1.031223731274621989e-05
1.023376420334898352e-05
1.019447287603725319e-05
1.017300380681263016e-05
1.014965375778350152e-05
1.020621590593388368e-05
1.018399924608578013e-05
1.015861645441873434e-05
1.011856713413787196e-05
1.162114032088841913e-05
1.388870331766156637e-05
1.240946197488786657e-05
1.162682701988160214e-05
1.116762806267009535e-05
1.089791233501576481e-05
1.067271990223162020e-05
1.052080427333142691e-05
1.150854018760583205e-05
1.087081106523631539e-05
1.064007014974777087e-05
1.044099135924625382e-05
1.033983937569852677e-05
1.029069610012811568e-05
1.339132112737691705e-05
1.175090239371456812e-05
1.098580681703727663e-05
1.065928069086415466e-05
1.046618973039888525e-05
1.037611392272689568e-05
1.026792417519573037e-05
1.019700858932992492e-05
1.016776231457091182e-05
1.188258676810013097e-05
1.060807406171685833e-05
1.024232163520840228e-05
1.015947329544057158e-05
1.006219668132265107e-05
1.049450484060798738e-05
1.026823144911759300e-05
1.014343633642056354e-05
1.006967313666488389e-05
1.002624279900980331e-05
9.966796068662613276e-06
9.924263170357031184e-06
9.893506902092971249e-06
9.862963646961968436e-06
9.836752648576899488e-06
9.809801180911866669e-06
9.789927584809750971e-06
9.792835249603134824e-06
9.762196825704449478e-06
9.743985981458535439e-06
9.737906261383007256e-06
9.717731962079293132e-06
9.703828971320641264e-06
9.691536029473960272e-06
9.680583122341583489e-06
9.675842845050889801e-06
9.665990548910485339e-06
9.650019972771890921e-06
9.638283650777641775e-06
9.683654401063298140e-06
9.647962258062156007e-06
9.615270711265111391e-06
9.612094745534704524e-06
9.595557416256876910e-06
9.590849462407883419e-06
9.587834648148904401e-06
9.582122825880409666e-06
9.608450133858543961e-06
9.589018361566559179e-06
9.578088606758683386e-06
1.003478370572944838e-05
9.664197715437694976e-06
9.592157084625796415e-06
9.556706475753646931e-06
9.544394581553205877e-06
1.216487070905714056e-05
1.187429011376176806e-05
1.103172457609010311e-05
1.061767768154216613e-05
1.036366173063167256e-05
1.019051022922212744e-05
1.004403271357053458e-05
9.955728602714467655e-06
9.872128750885166579e-06
9.808145437091298003e-06
9.744852178149207003e-06
9.703864582585690267e-06
9.655893049966835426e-06
9.622464541886681502e-06
9.576361284947172646e-06
9.583092307063149624e-06
9.544951147593868366e-06
9.515154293543066785e-06
9.490462839873241421e-06
9.463724578987845953e-06
9.452063248621320033e-06
9.427415529141095832e-06
9.416537134256941296e-06
9.408536943359043365e-06
9.404474698537038191e-06
9.369207684054950774e-06
9.358498634052617870e-06
9.340067545811810834e-06
9.353664504108868193e-06
9.333877154631408467e-06
9.408064292225996262e-06
9.341970645285377058e-06
9.311781197993696511e-06
9.303875907183586699e-06
9.291979086280359310e-06
9.416413510431690604e-06
9.380341390018051337e-06
9.299567329132211934e-06
9.287162158292023868e-06
9.279417121585234755e-06
9.258785718202489418e-06
9.236934658171473949e-06
9.261659997719106654e-06
9.263815760126211857e-06
9.243680829816488861e-06
9.302870565003710176e-06
9.233927361644115461e-06
9.232084736368050839e-06
9.216308632934064034e-06
9.220977946900651550e-06
9.214276994195340410e-06
9.212884568038740165e-06
9.201206318797025327e-06
9.205765309540462358e-06
9.210515269539124998e-06
9.198287032935089706e-06
9.186849336326001063e-06
9.208433071610974189e-06
9.201206278248719579e-06
9.199593796059465020e-06
9.189823564004957700e-06
9.185722519002107464e-06
9.203622944369272134e-06
9.195195862806334803e-06
9.204582106955664104e-06
9.199698999585355307e-06
9.180709930660669032e-06
9.184676741824659985e-06
9.204912322502422855e-06
9.183168023506974799e-06
9.223880986913476074e-06
9.191242980553701028e-06
9.165384465935251670e-06
9.170278849524038039e-06
9.145834930753456171e-06
9.142257778573064012e-06
9.161466696620360761e-06
9.131420262444103989e-06
9.136598174563914993e-06
9.120000091418964034e-06
9.117318280686958297e-06
9.164022365742615359e-06
9.144020414169062454e-06
9.146631584826537319e-06
9.151333401860028429e-06
9.201551947626284713e-06
9.361962690945802362e-06
9.195213466076286330e-06
9.134547336392037485e-06
9.116793187710451067e-06
9.108012191442564282e-06
9.096960892899612000e-06
9.142937556892624098e-06
9.098515903739704544e-06
9.120283017409747388e-06
9.094761789280407640e-06
9.081025018910318883e-06
9.088635456464544608e-06
9.076703415378991401e-06
9.084099947737436944e-06
9.086252025175174538e-06
9.211960308448397718e-06
9.198068310070084882e-06
9.126150018422171098e-06
9.089569031554371387e-06
9.071815083719533192e-06
9.094567892589112393e-06
9.081029290124812965e-06
9.071539194565048024e-06
9.067696636672432028e-06
9.064332847780556969e-06
9.220424260168632582e-06
9.126187373643309463e-06
9.100632387723332694e-06
9.580032290917491475e-06
9.340126270368879832e-06
9.196970136144955583e-06
9.143554748334282154e-06
9.119825104638342583e-06
9.103484119350469040e-06
9.093236484811011416e-06
9.081525932970180360e-06
9.075607747490721996e-06
9.062690220389412553e-06
9.055815875929815027e-06
9.081301861139461074e-06
9.103186846459720643e-06
9.083219807356119840e-06
9.046962573317310848e-06
9.047781999242943062e-06
9.058026848075920743e-06
9.050897649558464357e-06
9.025310005199571538e-06
9.008592411040202010e-06
9.031849104227756048e-06
9.011066733061549996e-06
9.019948088659171818e-06
9.024122613633759685e-06
9.023253295860438254e-06
9.037084438811386340e-06
9.012777150398202722e-06
8.996750470942061674e-06
9.027147271278105896e-06
9.045495428002444516e-06
9.018890298193582092e-06
8.991306140918216362e-06
1.012184926745855347e-05
1.342828283516913334e-05
1.170153556131481276e-05
1.088529526972100321e-05
1.042752396642754286e-05
1.012028905355085295e-05
9.909814301257331647e-06
9.754718689691799227e-06
9.624099329433495687e-06
9.506643887865114795e-06
9.423054329621057543e-06
9.346344052119093587e-06
9.288914346067636709e-06
9.243483576710787087e-06
9.204106787971493269e-06
9.216718649061779602e-06
9.152654361059830583e-06
9.122246094648289592e-06
9.085554391958794847e-06
9.068617835813104499e-06
9.056177424326960706e-06
9.045337445741097733e-06
9.034297778119555563e-06
9.019415096342223452e-06
9.009801191268707111e-06
9.015055340266068802e-06
9.025923830752920489e-06
9.020155095716594004e-06
8.993716002881531956e-06
8.996377699380294558e-06
8.973551811474559254e-06
8.981917123946914962e-06
8.975490142120178626e-06
8.971172450552936738e-06
8.964836723256061060e-06
8.948235351150894001e-06
8.953123949595464414e-06
8.975828974371324808e-06
8.970723599001454449e-06
8.949530570892723775e-06
8.937829447859257315e-06
8.964522216198626272e-06
9.094078461657772327e-06
9.009765205216051424e-06
8.955459018504067031e-06
8.937379473839732102e-06
8.940431118465616127e-06
9.148719044181538021e-06
9.005075219192803731e-06
8.952677649555577786e-06
8.944397149737900378e-06
8.940154904545730908e-06
8.928928713582232282e-06
9.257888319401293289e-06
1.262385902123241976e-05
1.060315151941419273e-05
9.882583649414300250e-06
9.556055993774256515e-06
9.391095002229121611e-06
9.272374782085535659e-06
9.196596128428306127e-06
9.138586343245454224e-06
9.091866168849567509e-06
9.056651119105178907e-06
9.028502794687180688e-06
9.013584442906600198e-06
9.026234848382348413e-06
8.970887323963930925e-06
1.335154747418225019e-05
1.441041488457509928e-05
1.321900864771426700e-05
1.236953125498985200e-05
1.174880701682923266e-05
1.124378742209349564e-05
1.083145428917002160e-05
1.051831238100930939e-05
1.027183955519224861e-05
1.006266017990735005e-05
9.890272155719988053e-06
9.748430960977808260e-06
9.646190152352574000e-06
9.550509206898519864e-06
9.480421089923159669e-06
1.070281279756576039e-05
1.267175663921686193e-05
1.099468910827757337e-05
1.035075549452813074e-05
1.001800560819295629e-05
9.820570725575332777e-06
9.673180361839209962e-06
9.620436227730048013e-06
9.493934124596610592e-06
9.398118173370069992e-06
9.327355685779063551e-06
9.271943309461978957e-06
9.226538952589181231e-06
9.180691055613957740e-06
9.149564380853310725e-06
9.118142043007537045e-06
9.103804417994372861e-06
9.076835358428069915e-06
9.041383230699770232e-06
9.033609053024823905e-06
9.057624497472716097e-06
9.009828456782997683e-06
8.993099417390718753e-06
8.981361144151378946e-06
8.955042525258249139e-06
8.948062415280825794e-06
8.951939314556511546e-06
8.972457599914681334e-06
8.999046202688987860e-06
8.961617011967366547e-06
8.933235068676974165e-06
8.963653496418070172e-06
9.513626732768898229e-06
9.488188677551079173e-06
1.012169474506663344e-05
9.232456633299080382e-06
9.055873031987479569e-06
8.979604501746507594e-06
8.937945033267169221e-06
8.909757612324635320e-06
8.884428283787808628e-06
8.881447837817784045e-06
8.880054224770598257e-06
8.868610378840458539e-06
8.878110072600975671e-06
8.859181230036483951e-06
8.848149069914749897e-06
8.919082577752609613e-06
8.888438061755247818e-06
8.959078458777488058e-06
8.899297138971936494e-06
8.877952193794650808e-06
8.849431814799876004e-06
8.832379550085533450e-06
8.854649597651587846e-06
8.857271158907071993e-06
8.829916574389547201e-06
8.894375015415790286e-06
8.855462952321129283e-06
8.825036590754583703e-06
8.827037152817259342e-06
8.900793811032295749e-06
8.840001801218022186e-06
8.836028411754644964e-06
8.814302343201538113e-06
8.810607389477810006e-06
8.812999133169797364e-06
8.798163803097243599e-06
8.810996777128820648e-06
8.791213392669306039e-06
8.795934749059596905e-06
8.790922649192604572e-06
8.791929463238072471e-06
8.802702686807607182e-06
8.814785621780174213e-06
8.829376747598871928e-06
8.801354773595449204e-06
8.802407343940406314e-06
8.790695995912755443e-06
8.794633143528093799e-06
9.639602322598270123e-06
9.123160543822450224e-06
8.930428184612538480e-06
8.841482071678303818e-06
8.824421701850345274e-06
8.789195194746449258e-06
8.774441828715377677e-06
8.771642355895892793e-06
8.770458561760582285e-06
8.772716639289985746e-06
8.767819196767352458e-06
8.761207257066416313e-06
9.002482779957669948e-06
8.906124939282260278e-06
8.801558070293443852e-06
9.532460606654544110e-06
1.074251182065684880e-05
9.558953595387719796e-06
9.242217121254725634e-06
9.079704389023391035e-06
8.983792641098868389e-06
8.931210841562157106e-06
8.880655674374792900e-06
8.846652361095645926e-06
8.815561213092829458e-06
8.810225276647542866e-06
8.811474030684014961e-06
8.805281732975344476e-06
1.040081101488491729e-05
1.204709794592417974e-05
1.076218562275244033e-05
1.018377643125253055e-05
9.826121932595317809e-06
9.596368531295714892e-06
9.417914446127421878e-06
9.302323165911730097e-06
9.196157563261901364e-06
9.123746744232146046e-06
9.052079507227972567e-06
8.998224393887236053e-06
8.954220431102537429e-06
8.918087548863695295e-06
8.887871771321443335e-06
8.869856840192369350e-06
8.852068389539151632e-06
8.818555865370096683e-06
8.827751873923261476e-06
8.868914555174949022e-06
8.851111116806957208e-06
8.806106063351156068e-06
8.830044953735219585e-06
8.800577347756188828e-06
8.780144225966068848e-06
8.757740458804618656e-06
8.756399638135310432e-06
8.940066471344229311e-06
8.825658828376010831e-06
8.773573993039463423e-06
8.761418789238935244e-06
8.796707448179100783e-06
8.804495410004165091e-06
8.770408788526159113e-06
8.750681022320350302e-06
8.749860703953042651e-06
8.812108410438667877e-06
8.775169173228883706e-06
8.737608248641967387e-06
8.734771838210992850e-06
8.819804313588975578e-06
8.773853354568927424e-06
8.758644826230011017e-06
8.764775800121544797e-06
8.743367388888145255e-06
8.741292313819334147e-06
8.743776749800720867e-06
8.732121451278847268e-06
8.745218139741457470e-06
8.725727163891860169e-06
8.727201717041073730e-06
8.735455434513520883e-06
8.768937017293864465e-06
8.822411293370654634e-06
8.837272569811224619e-06
8.756707591904463114e-06
8.717057880100280692e-06
8.705307971392054825e-06
8.695837516370375281e-06
8.690011500978774966e-06
8.690013804653063580e-06
8.701863053678001784e-06
8.698746150912483341e-06
8.723049381842428945e-06
8.728266665608923122e-06
8.723897158233740105e-06
8.719447693389763062e-06
8.704415452787847134e-06
8.738277589751911745e-06
8.714550398281062710e-06
8.718209737708094005e-06
8.715790696290545613e-06
8.688410732702322528e-06
8.718411049433901085e-06
8.714657982409334616e-06
8.686271184312015418e-06
8.692123246116050301e-06
8.681242691560934818e-06
8.685235003819495378e-06
8.671227993393889263e-06
8.666284699453778435e-06
8.687389080629751443e-06
8.687628722630810266e-06
8.686699710172736478e-06
8.693137999671307625e-06
8.690907480589278396e-06
8.693576044909909049e-06
8.797229457210656932e-06
8.802110936585450369e-06
8.775881354570932427e-06
8.728921828075424433e-06
8.700667560788133279e-06
8.680221769736817873e-06
8.689256174344943599e-06
9.018566338454547533e-06
8.797542202880018563e-06
8.717072811350589997e-06
8.686006974206369867e-06
8.675380103871550648e-06
8.668183087365832288e-06
8.658570927006318532e-06
8.654537323688297142e-06
8.680417128061890388e-06
8.667053389975383639e-06
8.672863054547027880e-06
8.676060991774647507e-06
8.801055965932391565e-06
8.844139498857354548e-06
8.763840800914598689e-06
8.698508423397773850e-06
8.862837772388350513e-06
8.775340836943238079e-06
9.827770201506306279e-06
1.038054032089045579e-05
9.515216914527021487e-06
9.221829441230510615e-06
9.060574688343574134e-06
8.954305278621178235e-06
8.870659609859406360e-06
8.809242023820237008e-06
8.779736514649509187e-06
8.742325556265011290e-06
8.713260642328654108e-06
8.692502376182650306e-06
8.686103717157796708e-06
1.003701383372875442e-05
9.386043757331208326e-06
9.006029566762663104e-06
8.850025692481721607e-06
8.765183067680482596e-06
8.721369200278180150e-06
8.691981010239639490e-06
8.666984135364448559e-06
8.742285665448434613e-06
8.720573505722010795e-06
8.677867709820929963e-06
1.184464731826058881e-05
1.095581260036245404e-05
9.889952101502786012e-06
9.465901082421623123e-06
9.252010291144566347e-06
9.101703731175803927e-06
8.996723052329494926e-06
8.956128863625660767e-06
8.886565569810046095e-06
8.832890032787570395e-06
8.792295074044886182e-06
8.768457950812565612e-06
8.741965764329507054e-06
8.711979972607272185e-06
8.690252679646921853e-06
8.749417083511920308e-06
8.739655026677913143e-06
8.696360039266437457e-06
8.665499404590566870e-06
8.653123639608869400e-06
8.660966641779548319e-06
8.660148805953819456e-06
8.666020098644367157e-06
8.662856089737639440e-06
8.637194738412291004e-06
8.644455634794212596e-06
8.748365940694687794e-06
8.688364285565815937e-06
8.660970158871351390e-06
1.110282056136687386e-05
1.047976456523732266e-05
9.535614906326372265e-06
1.001413622361724326e-05
1.009866641159836334e-05
9.436476416340155925e-06
9.223003434423541889e-06
9.085582693918088523e-06
8.963003322908965001e-06
8.889935980581260979e-06
8.846535504668887479e-06
8.813168720204582802e-06
8.765524271818019348e-06
8.727963903538693625e-06
8.700216672726432038e-06
8.683347548412712194e-06
8.669979758148353214e-06
8.664943319445228418e-06
8.671132327435771274e-06
8.653190700442792556e-06
8.669080644570688682e-06
8.646733738639037162e-06
8.720533984766614172e-06
8.652154626057988174e-06
8.641669774836675889e-06
8.647445766124898177e-06
8.706739524768636465e-06
8.683719666654118175e-06
8.740548184202149372e-06
8.684926410751358394e-06
8.656553641988770485e-06
8.785570004950689699e-06
1.721439589497701314e-05
1.575235112265242171e-05
1.484939662835434577e-05
1.424665765322667186e-05
1.375603499733794401e-05
1.333755504674627391e-05
1.298333458559378984e-05
1.265707256607129320e-05
1.237021735429758873e-05
1.208697743019608065e-05
1.184083707888324469e-05
1.161596911136560537e-05
1.144295235311195300e-05
1.117564698309555215e-05
1.096813828780795989e-05
1.076256909300354959e-05
1.058580648380787657e-05
1.040070504738347765e-05
1.024909848259388365e-05
1.008269429538207390e-05
9.945045928058486167e-06
9.811232367458917758e-06
9.688769623987052488e-06
9.712886024241621991e-06
9.510233246601273665e-06
9.391632715960440692e-06
9.297223373323504415e-06
9.220055523352735597e-06
9.149623311562512035e-06
9.092345311880005297e-06
9.070255509868730198e-06
9.056478301090465217e-06
8.978387673247803670e-06
8.913202512606706261e-06
8.936066916855149781e-06
8.876201241037051320e-06
8.842880619492158930e-06
8.813439293741491261e-06
8.783058123450851552e-06
8.777386164335135592e-06
8.755661104942191403e-06
8.757144259637546574e-06
8.743760970067645445e-06
8.730985059628438349e-06
8.710699659483605011e-06
8.707157489501089967e-06
8.695580532958047115e-06
8.692687279866124993e-06
8.701881618359645621e-06
8.696601105384615610e-06
8.688119813011022932e-06
8.672257262863543461e-06
8.669230418263395861e-06
1.217744624379217127e-05
1.317185800492855623e-05
1.190791072607074430e-05
1.122079342470290952e-05
1.167040566542709753e-05
1.108387460514374401e-05
1.054955296619179243e-05
1.024132768558653648e-05
1.002042134511308700e-05
9.829293735871639991e-06
9.678302565892712623e-06
1.425389814282122412e-05
1.406873547011855475e-05
1.275413531251009148e-05
1.194306428260461029e-05
1.137427948606273296e-05
1.305280697579291875e-05
1.219903432835659877e-05
1.147451961742262911e-05
1.103962735214736367e-05
1.071718590461993428e-05
1.045831484513352442e-05
1.023866350351454390e-05
1.005182418793992770e-05
9.891935738626973727e-06
9.765915435764327955e-06
9.646594166952127193e-06
9.539923828469909698e-06
9.443114655975175231e-06
9.369010951634967256e-06
9.287079202522362817e-06
9.220333532766744950e-06
9.163015195857345934e-06
9.109630263992585581e-06
9.057408873710908175e-06
9.011137954833733086e-06
1.196814202482225109e-05
1.016303365683294684e-05
9.394505159434629740e-06
9.199370910361418053e-06
9.168115970699849599e-06
9.032003499290415594e-06
1.220736338912805219e-05
1.150898221908391834e-05
1.005739844686104300e-05
9.551348151338364466e-06
9.331981151869210488e-06
9.191633501662485313e-06
9.102719967207425887e-06
9.034410532725209217e-06
8.982750944899938335e-06
8.927910497883810231e-06
8.904501656085510636e-06
8.881463908968120069e-06
8.848956933510029719e-06
8.828089581432626759e-06
8.812815605476014195e-06
8.798629925195201231e-06
8.791156637168265567e-06
8.794301318933624845e-06
8.773336982509742768e-06
8.765233425644207489e-06
8.759996709007584979e-06
8.741620506877249085e-06
8.724872922888002156e-06
8.732443954689492037e-06
8.726434340360355400e-06
8.852009357269707224e-06
8.789009752945275909e-06
8.756382766250680338e-06
8.717191180570201331e-06
8.692189846897235093e-06
8.682423773128297357e-06
8.664693327394464367e-06
8.709499245848444015e-06
8.689336624077744755e-06
8.682718946223151477e-06
8.655759493952549231e-06
8.672962708260457176e-06
8.831627203941631244e-06
8.720485855064907945e-06
9.718721435471403217e-06
9.081002472915618510e-06
8.808068301580836428e-06
8.716653073482424479e-06
8.683831731559621742e-06
8.645458277290648996e-06
8.622738882119544148e-06
8.606147804357534137e-06
8.600590264222774450e-06
8.602569481960623619e-06
8.602253724726931352e-06
8.603185495985598712e-06
8.610040351868519725e-06
8.619931163972674944e-06
8.608078084080260947e-06
8.598900140744566561e-06
8.594565826266868918e-06
9.269331515421678832e-06
8.873734142298417147e-06
8.682985098857898333e-06
9.090954625889935075e-06
8.798442225194473340e-06
8.874492983750315305e-06
8.686229170962178275e-06
8.609112759738005928e-06
8.687004044910887226e-06
8.598503823880794753e-06
8.570181917472533491e-06
8.563455467462215471e-06
8.572591787393926913e-06
8.560568884756018443e-06
8.574090251916762493e-06
8.572660725955452991e-06
8.566297732765330977e-06
8.577510684517619124e-06
8.570749302331630621e-06
8.571458472867258540e-06
8.576013943108288926e-06
8.549919743927603799e-06
9.047552838789366746e-06
9.243099099194295677e-06
8.820489689090512937e-06
8.677522586519141319e-06
8.618244802391927670e-06
8.579309432737622208e-06
8.880060592370379654e-06
8.808045172751614849e-06
8.614822359428823544e-06
8.795303285751287990e-06
8.634575475146752231e-06
8.566368038600557524e-06
8.533829477907298945e-06
8.806633607794840611e-06
8.713323701006933360e-06
8.613314474814614418e-06
8.558247132365675075e-06
8.537846527284879758e-06
8.622800812266481470e-06
8.603606243013928585e-06
8.568097932387293834e-06
8.539694670541090674e-06
8.523159519503073400e-06
8.517179450488280773e-06
8.531664198017097282e-06
8.553417613939017728e-06
8.532246184813629410e-06
8.533884652024425422e-06
9.667731815928466371e-06
1.470852137951320924e-05
1.320565171757455824e-05
1.234383501620565393e-05
1.168138615563899863e-05
1.117156143133494506e-05
1.075927668731916739e-05
1.040456509599607644e-05
1.010005033928488644e-05
9.834221098117268208e-06
9.610996644369151435e-06
9.563083447877337838e-06
9.351216731374733471e-06
9.207179048189572681e-06
9.102174975244754649e-06
9.009824175336689494e-06
8.929077143117562641e-06
8.879238727483122209e-06
8.869849899989882549e-06
8.785757489325381005e-06
8.731204533205527221e-06
8.695762321243213482e-06
8.669302278197695959e-06
8.644478036027673773e-06
8.614189633059747610e-06
8.603953789740140877e-06
8.587075521973019728e-06
8.577446019444323407e-06
8.583450674753598085e-06
8.558037209240864653e-06
8.621798399417456794e-06
8.604226577896648628e-06
8.574405551750411829e-06
8.546325794137980814e-06
8.538253049437115902e-06
8.549462856990430534e-06
8.536186662316443683e-06
8.545975209320507278e-06
8.568692721837579184e-06
8.541317314059900250e-06
8.539221791276456599e-06
8.514171016713589305e-06
8.538448890931248734e-06
8.541783902273891862e-06
8.540771190534239272e-06
8.601569335648188771e-06
8.731509670193796790e-06
8.614930338050423903e-06
8.556463471525906976e-06
8.537263319112753650e-06
9.198670366761993366e-06
1.381768664335443904e-05
1.195069653552612479e-05
1.425053682775493680e-05
1.328424580454642047e-05
1.245738600042993061e-05
1.305680227991009157e-05
1.226755409182563572e-05
1.163155159398835764e-05
1.122106243428788777e-05
1.088434747695525070e-05
1.162675986506655964e-05
1.093175575761051807e-05
1.045385061540097617e-05
1.017659745230048470e-05
9.954049670189609047e-06
9.772646050881424399e-06
9.612490971827962257e-06
9.476069375295991613e-06
9.346327439440453634e-06
9.240120670786684888e-06
9.146450333522200627e-06
9.053030046667724030e-06
8.983994690273295908e-06
8.909265234630463001e-06
8.851518460157119025e-06
8.806206201370514667e-06
8.760470683455423230e-06
8.719228557462580393e-06
8.687993569841030389e-06
8.674959025635567647e-06
8.658620148101666208e-06
8.646876561897443432e-06
8.620521693956106766e-06
8.608430723597848758e-06
8.601527955912994383e-06
8.606235689209521271e-06
8.590631462842187449e-06
8.581776614088690934e-06
8.602133194320534321e-06
8.562281310181182385e-06
8.547550222222828292e-06
8.543391748313903999e-06
8.545492411637193520e-06
8.581953243265162036e-06
8.577134884338496730e-06
8.566005548497439609e-06
8.535877876359639692e-06
8.530970828436087915e-06
8.731061894877711825e-06
8.628912367688219514e-06
8.561861307043727720e-06
8.537763872785339347e-06
8.520892411070235675e-06
8.541981701834325889e-06
8.530800888214192995e-06
8.517936062162333820e-06
8.513096368384746317e-06
8.507641312007762648e-06
8.506235456403980348e-06
8.520945006769883507e-06
8.496312095758185769e-06
8.488344431801428302e-06
8.496563998505734733e-06
8.562254131447843161e-06
8.617278261150811125e-06
8.593486482671626673e-06
8.499395273702247487e-06
8.479709838790465336e-06
8.464869565614208656e-06
8.494544508342489973e-06
8.497492976478800085e-06
8.497780581061912126e-06
8.500217120399611304e-06
8.494691026423122196e-06
8.478095609613471912e-06
8.504952063124923125e-06
8.487334193508407686e-06
8.454915053638009366e-06
8.470903144749779211e-06
8.453912111008321314e-06
8.452436411895783723e-06
1.080755132610041440e-05
1.216682189048394097e-05
1.070549046138088134e-05
9.956990321218958504e-06
9.530275227689345133e-06
9.246325688915628112e-06
9.061318433699246257e-06
8.912287242613577414e-06
8.812616567486959853e-06
8.728257615378727936e-06
8.666327073569845429e-06
8.622347750891398214e-06
8.592594576081561146e-06
8.989537918751012212e-06
8.629525530447304752e-06
8.552533128825720498e-06
8.541247148059482881e-06
8.516690335606351403e-06
8.508169059950887458e-06
8.492576799123222143e-06
8.471832065121512480e-06
8.474065800404181599e-06
8.470551443527560062e-06
8.475863984737466941e-06
8.467178316777790247e-06
8.489879541760578016e-06
8.462619340055728355e-06
8.463806924889164673e-06
9.013129713745609057e-06
8.947607211287807928e-06
8.627907762578009360e-06
8.872475816588121776e-06
1.232014939508493002e-05
1.004289967113436419e-05
9.438129214534759630e-06
9.054272867388135705e-06
8.877840794715060457e-06
8.879565450949182052e-06
8.698422478043236824e-06
8.623141823136393756e-06
8.571246116465166127e-06
8.534381434704603689e-06
8.509503157180612758e-06
8.482377578881520813e-06
8.499458379750043021e-06
8.482228712030821669e-06
8.459309301542816209e-06
8.448978304992730223e-06
8.455430437379618728e-06
8.469024246551270859e-06
8.460675123084607387e-06
8.449080200610599252e-06
8.455913149039890971e-06
8.444585954142288918e-06
8.433158242269201397e-06
8.437631540421838467e-06
8.456590791183771216e-06
8.490959478801111339e-06
8.462695415497970968e-06
8.444343554856459581e-06
8.663950654105671077e-06
1.083169511806166428e-05
9.570948041452235355e-06
8.955332295954576897e-06
8.720768766655358702e-06
8.619546410955081974e-06
8.553687945322962382e-06
8.516321752646642123e-06
8.493830816481326339e-06
8.461672468532318165e-06
8.445353497942656868e-06
8.439002236855230605e-06
8.445745891094702529e-06
8.446428333854782774e-06
8.440957457196417935e-06
8.440244593733344579e-06
8.440653883402168733e-06
8.458712232292479115e-06
8.448262586853161744e-06
8.434671654337459396e-06
8.412947322919233067e-06
8.439333582828111802e-06
8.435297301427150879e-06
8.709406661940496592e-06
8.545084694636292312e-06
8.473938219898021076e-06
8.480689956134787036e-06
8.467587137298930916e-06
8.454849317634702109e-06
8.428372505780620648e-06
8.441326037882390936e-06
8.445454578804856689e-06
8.427773293533391484e-06
8.567266508331765194e-06
8.553127426011997023e-06
8.550639956107867549e-06
8.537866212160830239e-06
8.553236178462005079e-06
8.557597204041181519e-06
8.536580459879890292e-06
8.513766286644872027e-06
8.502665731005738881e-06
8.987265101344140008e-06
9.237336207661428760e-06
8.896986057607137374e-06
9.847243946599822456e-06
9.355066885442889449e-06
9.042365553947698478e-06
8.908579413855477334e-06
8.812099091149624207e-06
8.745120845408868357e-06
8.689139619946217321e-06
8.642626279424802470e-06
8.602297857199422000e-06
8.572507940698415176e-06
8.541379887295382905e-06
8.516442740074126321e-06
8.491456497949911864e-06
8.472036526730638011e-06
8.453639638143311036e-06
8.443359231478097946e-06
8.438000984369864251e-06
8.425802036526874872e-06
8.411029385418563657e-06
8.401905732853265431e-06
8.394178929999422792e-06
8.392204470434687358e-06
8.796264638325130853e-06
8.660513655058821788e-06
8.505614347313895151e-06
8.453835079838729633e-06
8.423952003037508951e-06
8.408359200302583942e-06
8.813449834785084673e-06
8.615515940088395240e-06
8.504741686389630803e-06
8.459212147045036274e-06
8.432122931102033146e-06
8.412471474154397161e-06
8.395120369186770743e-06
8.385903507056961860e-06
8.383090401669808725e-06
8.372414514118039556e-06
8.368734390842292572e-06
8.364374527142595818e-06
8.358611423015341820e-06
8.352611203766476260e-06
8.350385643704308990e-06
8.347757964581129314e-06
8.342063973335219008e-06
8.340088551221923972e-06
8.337016948113766727e-06
8.336413829207837752e-06
8.339720620066752769e-06
1.095813937960580556e-05
1.167186191802708571e-05
1.081016507593327944e-05
1.035426767278598448e-05
1.006213207877711576e-05
9.846255918546376526e-06
9.666489943356281701e-06
9.519398728722687147e-06
9.393159217931194025e-06
9.283076409853190431e-06
9.187663280651274240e-06
9.102671255429109983e-06
9.030621220820952684e-06
8.959039463055280556e-06
8.910991539323731558e-06
8.869877253800950915e-06
8.810146531838351769e-06
8.758310045777761301e-06
8.712858600574690472e-06
8.671144962590915723e-06
1.079144270912972008e-05
9.531515955435073065e-06
9.190050372277861827e-06
9.016313370769542539e-06
8.904264846781492274e-06
8.820341834810581721e-06
8.764252211979814321e-06
8.705266836841473745e-06
8.659280161585533305e-06
8.668469083659147349e-06
8.597488414731440013e-06
8.562308966399238683e-06
8.527129501771924241e-06
8.502159833672824505e-06
8.479403240168418500e-06
8.457716288224523171e-06
8.439877309077322283e-06
8.432009587977518434e-06
8.708179758135277472e-06
8.555054263676234946e-06
8.458326929030591165e-06
8.422249398639300083e-06
8.396025092073008866e-06
8.378961210458631340e-06
8.371368324257369995e-06
8.361852668864836071e-06
8.356713548588838231e-06
8.353308674031723126e-06
8.343640837817171488e-06
8.339916555920960707e-06
8.335953719627771521e-06
8.342048191328407306e-06
8.338802128567598249e-06
8.334411384112171714e-06
8.323759623181103690e-06
8.323994515346082369e-06
8.324881367798297609e-06
8.325820374466275098e-06
8.323590817932805471e-06
8.321626538266476141e-06
8.315070332400864030e-06
8.317834852202092758e-06
8.327481552138730754e-06
8.329774479231370144e-06
8.320766039560111726e-06
8.311238639559329969e-06
8.308763306861996264e-06
8.306906936089338892e-06
8.306614383476092222e-06
8.306958778803164701e-06
8.305625934023434855e-06
8.303803630648568735e-06
8.302877720704297115e-06
8.300731949475447804e-06
8.295669511350448958e-06
8.293532195390677309e-06
8.291723133121802185e-06
8.294342546075010174e-06
8.300156769867802139e-06
8.803274276942829330e-06
8.561639502507508096e-06
8.427297019200825651e-06
8.383933993248623081e-06
8.367597417873185505e-06
8.359064936485083918e-06
8.336711045255167289e-06
8.334457794868891048e-06
8.321701294941400166e-06
8.311786962925301876e-06
8.306315213530979981e-06
8.299840244111086264e-06
8.295688723289154924e-06
8.300786970494299799e-06
8.308029282867816632e-06
8.307082315468506585e-06
8.289924657750210311e-06
8.284431268824240312e-06
8.277566460037632875e-06
8.274423397551799601e-06
8.289352928917044584e-06
8.290927411280790693e-06
8.285719548742539049e-06
8.277754738704365175e-06
8.273082519281160988e-06
8.266034960418740805e-06
8.955382486419694710e-06
8.663011255218104804e-06
8.473123486207138617e-06
8.402994072866931810e-06
8.366107985769607246e-06
8.342100989769582183e-06
8.331737351454649023e-06
8.317901346117650364e-06
8.304589862291322517e-06
8.296856783166125778e-06
8.290530871969773461e-06
8.286769928342133738e-06
8.282807884825160795e-06
8.293350332072198453e-06
8.297973863591323607e-06
8.284942236211160631e-06
8.277057359009632384e-06
8.271436385408985066e-06
8.264753812833684348e-06
8.263881492212021637e-06
8.266860749775635926e-06
8.268121537184924412e-06
8.268422391211061040e-06
8.264443389786416488e-06
8.266758327787708787e-06
8.266109884213316145e-06
8.263503250797536037e-06
8.263747558127458243e-06
8.259746984625356014e-06
8.263928934866271515e-06
8.260202968131124819e-06
8.290763974703925317e-06
8.276759411198023956e-06
8.261593947054280394e-06
8.414944942008635790e-06
8.346063004485889932e-06
8.287894953961464235e-06
8.268353656527930993e-06
8.258672259747375786e-06
8.253914414808604606e-06
8.258243744118468833e-06
8.270560065663327954e-06
8.262997108280008352e-06
8.257590350998118505e-06
8.257142511259492616e-06
8.253611329867757267e-06
8.252025778574534885e-06
8.257765350663249496e-06
8.259865536122864484e-06
8.261680987592019901e-06
8.255872187040343361e-06
8.257324551550482825e-06
8.256852080421594884e-06
8.701984725879204356e-06
9.489515515876216625e-06
8.706569905522580565e-06
8.547674448588320263e-06
8.477768002421725988e-06
8.433351756593766203e-06
8.399930928438455801e-06
8.379898229880684981e-06
8.364849583510172940e-06
8.344587342890008586e-06
8.333103690650508954e-06
8.322219030863683411e-06
8.305046136835396160e-06
8.302932599235646194e-06
8.292128980732134063e-06
8.291208074524546946e-06
8.275543874939709704e-06
8.277337031662075368e-06
8.326663980066466287e-06
8.302124667428264416e-06
8.272439929820999481e-06
8.262865610883333910e-06
8.252885690277859604e-06
8.249593174696200713e-06
8.281397315007174079e-06
8.263615141383221990e-06
8.254457663952052081e-06
8.253146182065999791e-06
8.248857662541316592e-06
8.242835120502907612e-06
8.250863087368998569e-06
8.244179701932807463e-06
8.250537581867925743e-06
8.245882820953435581e-06
8.246679340118134182e-06
8.242031608081864380e-06
8.247708583818772688e-06
8.249000978063728300e-06
8.251807894718391905e-06
8.247139527384206642e-06
8.244954200714952271e-06
8.241612880510728817e-06
8.246106383467121401e-06
8.256805564315073114e-06
8.362933497210179231e-06
8.328662050492614629e-06
8.263444457270451861e-06
8.250345133546944153e-06
8.241386567912438782e-06
8.240062286025325315e-06
8.237286238757708396e-06
8.242526372441715630e-06
8.234248671593983471e-06
8.238142522335086061e-06
8.261170646998531802e-06
8.255790214661829280e-06
8.241550389129770880e-06
8.238289281431813101e-06
8.237784923039726456e-06
8.235993650487216791e-06
8.278904139918571157e-06
8.249787322635408274e-06
8.232290676914999291e-06
8.232508718037933549e-06
8.532213235715365980e-06
8.336006917867658938e-06
8.278547612690090386e-06
8.259379690874386903e-06
8.382846016653881986e-06
8.285810462969796377e-06
8.496022170068803013e-06
8.501005398405444074e-06
8.365027072159137488e-06
8.317406410090673544e-06
8.295744628412648764e-06
8.282257668952297603e-06
8.275154465688198472e-06
8.264138006476666318e-06
8.262861544305147388e-06
8.258053488437630180e-06
8.509449681544841571e-06
8.318648716946579192e-06
8.285133611328396094e-06
8.269445124824415232e-06
8.256483215139571815e-06
8.250993431602182682e-06
8.243329220552672091e-06
8.244835216070593506e-06
8.254470710653549623e-06
8.245364225558660584e-06
8.242135912723824460e-06
8.237426732572808666e-06
8.233995319339251862e-06
8.230351791856568145e-06
8.411450503065983418e-06
8.334031036080584692e-06
8.264569570807604387e-06
8.236727137500565054e-06
8.232369405050121510e-06
8.438245232582631316e-06
8.305642993491346173e-06
8.265650381720963754e-06
8.241567850670132714e-06
8.271368072125066456e-06
8.247426065584779703e-06
8.231967295084055919e-06
8.234446832299606502e-06
8.234505568225358594e-06
8.228488910617670694e-06
8.226728916724822835e-06
8.225692319759521376e-06
8.230375935530295626e-06
8.236923854383348682e-06
8.232005338868475384e-06
8.233536514505127385e-06
8.222572956810836263e-06
8.261977170225994141e-06
8.373123120387997357e-06
8.253722517110873759e-06
8.242740201088356877e-06
8.245414920035424387e-06
8.497487624481436119e-06
8.449828252802641187e-06
8.308672828813238735e-06
8.264993161143744594e-06
8.251257158917723681e-06
8.241906039453776104e-06
8.239991296932203452e-06
8.238198352804223176e-06
8.235197495120397544e-06
8.234614936100115775e-06
8.234390983261618299e-06
8.226765354872137364e-06
8.222076163140930666e-06
8.220822425831405671e-06
9.971281793544524509e-06
1.167075662806382725e-05
1.068049990787282451e-05
1.019342294284797410e-05
9.886836461040123059e-06
9.675300977202519627e-06
9.490035110199338483e-06
9.325950831377364392e-06
9.203821978189807986e-06
9.102906435600743997e-06
9.012969404314692554e-06
8.928320492032071139e-06
8.859011594116357479e-06
8.793325904813780231e-06
8.731943185011913991e-06
8.677730385594864830e-06
8.624796677546934793e-06
8.580011675197359643e-06
8.534946907351089460e-06
8.496481311794923860e-06
8.458620186123274589e-06
8.428943049239023889e-06
8.403688399312159231e-06
8.375245386105234502e-06
8.352511175265438587e-06
8.831121986834962681e-06
8.558310807226613288e-06
8.432001007273962496e-06
8.388447979541523936e-06
8.360494226356725232e-06
8.318661623813265862e-06
8.297167868628699893e-06
8.289697499321846205e-06
8.294171147250987489e-06
8.271028604364498698e-06
8.261478794414264714e-06
8.259473675025220173e-06
8.252797258592181064e-06
8.248904487876036829e-06
8.246677984592072573e-06
8.243513318575424384e-06
8.239796551000230559e-06
8.229932359427038368e-06
9.278429373959322097e-06
9.067315016485129477e-06
8.701965998625383459e-06
8.578459991592050972e-06
8.557426236848186073e-06
8.442298451806588009e-06
8.397184598531264225e-06
8.366234375595619501e-06
8.341925335647222764e-06
8.324905636906503365e-06
8.312402346367283717e-06
8.297864716647988792e-06
8.288403948123839233e-06
8.283132996969774155e-06
8.278391369837360405e-06
8.266311645760045788e-06
8.258994972341800674e-06
8.252218134051266121e-06
8.265020107198020897e-06
8.246169725983539193e-06
8.238502770533765934e-06
8.235398281234059738e-06
8.236793756850602628e-06
8.242213434262642756e-06
8.230592574136607757e-06
8.227943178174731208e-06
8.241781273075806649e-06
8.229086518364662215e-06
8.333719768340111747e-06
8.297941844830347623e-06
8.245671695021883962e-06
8.226525111088752178e-06
8.216865381503642976e-06
8.212584146652565010e-06
8.221966388646252102e-06
8.226085227533986286e-06
8.232276305761843308e-06
8.226154457891728732e-06
8.219317858978077840e-06
8.217326626057304214e-06
8.210313790944685921e-06
8.208273273263936917e-06
8.218767568071902159e-06
8.220193024423375636e-06
1.213552254284877522e-05
1.209576235851272886e-05
1.135345300857200772e-05
1.091539923891104970e-05
1.060496621979230664e-05
1.036326578590281539e-05
1.017215728628192142e-05
1.000834940896311377e-05
9.859275027489880584e-06
9.742259627122014319e-06
9.621986418248222177e-06
9.512220675181500413e-06
9.411309364016536287e-06
9.831544747006166847e-06
9.547429429706729757e-06
9.355730095042720596e-06
9.218959003950052267e-06
9.123476440890953364e-06
9.042923493325360441e-06
8.970410115883472378e-06
8.908547635352684639e-06
8.850506753030154842e-06
8.796071637486118004e-06
8.746512427630175046e-06
8.699060269918846140e-06
8.648733525357480353e-06
8.608325403353471247e-06
8.568107437364839906e-06
8.531281025625503389e-06
8.490739968844233514e-06
8.458621027784830171e-06
8.429500007499276856e-06
8.407605444820850769e-06
8.382402211282168769e-06
8.377578474210168040e-06
8.347614157931577768e-06
8.328529460565429750e-06
8.386861494879364605e-06
8.330665433883647635e-06
8.305412995165777001e-06
8.302913635892158803e-06
8.279442364103790998e-06
8.270543559850315187e-06
8.268823875520563398e-06
8.270321926223307910e-06
8.260891191487946766e-06
8.253312508562278560e-06
8.252889557525122655e-06
8.239626754781663307e-06
8.239496828916041129e-06
8.307029151713625910e-06
8.263862025614798090e-06
8.243164129453362440e-06
8.249429058651002746e-06
8.235201111498705739e-06
8.231605704622779740e-06
8.219345613345770276e-06
8.227997524651678936e-06
8.242267347592738494e-06
8.230547484799899055e-06
8.216689909280224929e-06
8.212058262036710525e-06
8.211855974877835997e-06
8.214789528058948222e-06
8.211349075963881021e-06
8.226553518397849984e-06
8.255802172243419958e-06
8.229549373102902643e-06
8.219808417682846613e-06
8.212176822629165809e-06
8.206587730607377341e-06
8.210830410083266094e-06
8.205319945773225735e-06
8.201852009127227804e-06
8.202302077885785582e-06
8.203664644194455874e-06
8.203886936826165833e-06
8.198792448486832071e-06
8.204299732218108270e-06
8.251124267720418162e-06
8.227796416046354665e-06
8.210197640892148133e-06
8.202055058745826935e-06
8.195977445287401869e-06
8.195466135324143634e-06
8.199313895905410146e-06
8.194597778583557053e-06
8.198772618091727476e-06
8.228173405768758034e-06
8.211496348925114089e-06
8.200154832138651157e-06
8.190011692856084339e-06
8.189383843273389881e-06
8.200674720152771591e-06
8.195837992843734723e-06
8.198259064708206449e-06
8.190020361856416376e-06
8.191976743319173557e-06
8.188440723036668741e-06
8.194225110097856093e-06
8.187974567211615896e-06
8.184664340357509303e-06
8.213461390293256493e-06
8.193203221556662750e-06
8.189403734680430133e-06
8.186289384563376337e-06
8.184418082919365424e-06
8.182683031539756907e-06
8.195945116161358431e-06
8.189708608294192765e-06
8.185427368895640545e-06
8.184123928458574850e-06
8.186704777699560035e-06
8.180147050325103987e-06
8.182472757122619212e-06
8.191391955278959900e-06
8.204828619682302341e-06
8.205215066254822277e-06
8.196658799306532709e-06
8.180716757048381665e-06
8.172874221751649950e-06
8.176780110034087421e-06
8.181299281962614150e-06
8.187334303026243593e-06
8.181068680338892169e-06
8.176714621489129751e-06
8.175873499188432268e-06
8.177529193744704136e-06
8.175643444777354069e-06
8.181982573963372040e-06
8.183808543359797223e-06
8.182454305748857332e-06
8.258466189848453275e-06
8.245469350640633114e-06
8.208704633716478954e-06
8.200136991642162455e-06
9.897561717480130299e-06
9.321335853655910496e-06
8.833404197427322058e-06
8.657351933531269572e-06
8.552456158668064474e-06
8.495208786977552146e-06
8.439517193892242747e-06
8.394496031769449338e-06
8.362048493684900026e-06
8.340306577186614104e-06
8.323552208366891136e-06
8.289298717727433473e-06
8.270864035845686124e-06
8.260016528538471903e-06
8.244800926983468357e-06
8.274349130867146427e-06
8.249435799522567770e-06
8.269596505670052098e-06
8.242781136686971945e-06
8.224086873269697710e-06
8.209397764555129783e-06
8.197383465737099204e-06
8.194203013545120823e-06
8.186790918216502042e-06
8.201151836146891312e-06
8.223443286775969859e-06
8.210938659279539689e-06
8.189343458298025557e-06
8.190144648475930782e-06
8.175411129514032672e-06
8.181569343908752861e-06
8.181288128146965350e-06
8.346796972015606468e-06
8.272941242921660277e-06
8.230543176826661951e-06
8.221681717183552940e-06
8.195895333453032680e-06
8.182254617850048817e-06
8.172954247053591860e-06
8.169376466942898494e-06
8.172434035031982903e-06
8.195998718368476880e-06
8.184175882964457864e-06
8.175476557804964520e-06
8.176291981953908594e-06
8.166852558512497032e-06
8.190215680012140603e-06
8.175626129135102113e-06
8.171274074205332421e-06
8.164706678144284253e-06
8.168797359455008192e-06
8.177088874390392516e-06
8.176741187829369352e-06
8.170154950448705106e-06
8.166109281546596863e-06
8.173105386504176450e-06
8.172289085071801065e-06
8.174655448935178601e-06
8.163347947629518079e-06
8.166328146520148839e-06
8.167797833493750794e-06
8.178019091928945476e-06
8.214133915013614514e-06
8.219365533174519958e-06
8.183375049384267389e-06
9.546479166147037312e-06
8.997843422093864619e-06
8.667762076205083949e-06
8.531318823467396324e-06
8.474595429106557141e-06
8.406576155266520732e-06
8.346144249647599375e-06
8.307292586475039013e-06
8.279264286178052168e-06
8.264002048008478596e-06
8.247116117369538568e-06
8.226658334251624047e-06
8.218272917019931172e-06
8.211097067487572163e-06
8.202926133359748963e-06
8.197677783906935826e-06
8.188499561280575460e-06
8.179279234354908112e-06
8.173774591568872661e-06
1.362940073704521624e-05
1.525358536734226306e-05
1.360038417715259122e-05
1.280377317016245838e-05
1.227614383121059902e-05
1.202052348010814322e-05
1.186891804536571760e-05
1.143487113949959105e-05
1.115758514364036592e-05
1.092824849213987730e-05
1.072365570128871166e-05
1.054715497957658873e-05
1.038542189765697383e-05
1.023694463431941877e-05
1.009811406220251235e-05
9.973100509341747627e-06
9.852300390775780989e-06
9.733098155114324262e-06
9.621375869149535550e-06
9.517653875263932102e-06
9.415853494374459707e-06
9.322924957662811679e-06
9.251658364064496506e-06
9.161429084845925993e-06
9.082746844342182225e-06
9.009400947282605583e-06
8.937391953622864094e-06
9.945599843680005329e-06
9.517281826750452828e-06
9.165397106395781901e-06
8.994781459629545828e-06
8.882693486308804469e-06
8.799266561254626479e-06
8.730141817826128208e-06
8.671959387811511242e-06
8.618821132131415855e-06
8.576152641429265062e-06
8.530108329220336042e-06
8.494636844413132044e-06
8.457584888977483172e-06
8.428726020307901796e-06
8.404463631753363446e-06
8.376070033667322388e-06
8.348181410534986089e-06
8.375243697855695014e-06
8.343601763651046230e-06
8.306316883211670076e-06
8.283481200805908613e-06
8.273927247349396796e-06
8.270217706088562899e-06
8.278855597154688778e-06
8.253117412853801452e-06
8.236271011507293333e-06
8.234915524099051728e-06
8.229943963063609730e-06
8.222150272558792562e-06
8.216692955708519765e-06
8.214863133086206670e-06
8.213165144752566081e-06
8.957221975454861951e-06
8.453331010969123075e-06
8.329222993855485164e-06
8.278070360271765060e-06
8.252817153788782347e-06
8.238242915012960546e-06
8.227833339257510027e-06
8.211245909706121215e-06
8.206373389233097360e-06
8.198036251769735692e-06
8.192403151194108406e-06
8.188775899877024037e-06
8.186980539145830647e-06
8.198386818397315599e-06
8.281448011378718399e-06
8.212712111420236491e-06
8.186884955042235683e-06
8.261968406486631234e-06
8.195734812943555542e-06
8.173612937222666115e-06
8.169422190652161480e-06
8.165962723675572116e-06
8.166150516520550361e-06
8.175446696820168967e-06
8.175275964201015263e-06
8.167707944342813477e-06
8.169094404972081146e-06
8.168564790670036508e-06
8.933513532459376946e-06
8.442106186521413389e-06
8.308384841863396253e-06
8.262454633343926033e-06
8.232091485827672161e-06
8.209512951301198134e-06
8.193987834298847986e-06
8.189774276843309595e-06
8.186855140669043189e-06
8.374415979991075421e-06
8.233961257625802157e-06
8.191995649819242087e-06
8.174667237502339143e-06
8.169743173311872145e-06
8.161847310930171165e-06
8.170728827963102755e-06
8.168273161951825902e-06
8.179949597509524671e-06
8.357473216923001915e-06
8.225653821227752718e-06
8.171692031358663861e-06
8.164878266446370372e-06
1.026393106712930576e-05
1.151210314825827162e-05
1.059414806453181196e-05
1.012176684980659108e-05
9.805229400778140027e-06
9.593966850237241000e-06
9.400264924200503548e-06
9.250085950043285740e-06
9.130891002466039514e-06
9.024686948274999253e-06
8.934864088132598729e-06
8.852719046596272884e-06
8.779714668586773008e-06
8.716733295083636969e-06
8.655801735433973345e-06
8.602529774937768829e-06
8.557501846553350469e-06
8.761891046257611353e-06
8.956445850950938063e-06
8.624526766425332590e-06
8.528820638199855823e-06
8.475802400956430262e-06
8.427528953234287288e-06
8.386077684766253955e-06
8.365251459660310012e-06
8.340380913220239915e-06
8.309050241829634057e-06
8.293138346289197622e-06
8.269998455716630979e-06
8.251957778687331538e-06
8.234588442519452385e-06
8.223155486651497072e-06
8.268668428475697469e-06
8.224384803270368274e-06
8.215918079107117076e-06
8.211673955808388920e-06
8.197183690299426117e-06
8.184547945120356513e-06
8.177400817051723797e-06
8.185400852198653507e-06
8.191878437552683808e-06
8.228036004235642436e-06
8.218255097744985602e-06
8.198641158969622502e-06
8.184335809649686467e-06
8.173640940943490348e-06
8.177431027055112036e-06
8.169315805541069739e-06
8.248543759160990377e-06
8.233404816640662178e-06
8.194064932543672635e-06
8.169420677480351134e-06
8.157254587786155346e-06
8.158152597843582111e-06
8.167784435120968521e-06
8.165551496783034135e-06
8.169907742588596248e-06
8.169090282687344751e-06
8.161516387872324462e-06
8.170078723802968527e-06
8.173649126395806305e-06
8.160165500233536328e-06
8.184796258774441113e-06
8.169424371544663864e-06
8.163934426193009198e-06
8.152494554754715484e-06
8.146638698084037995e-06
8.147428519199213600e-06
8.148266806529136036e-06
8.155341403911127112e-06
8.156379645167058739e-06
8.158271607878002499e-06
8.164876007488904301e-06
8.162162071509252852e-06
8.200977440916782117e-06
8.181953981723685053e-06
8.155843093694178496e-06
8.148578652177700167e-06
8.143566625449238114e-06
8.149683163007163459e-06
8.147583360672190441e-06
8.142855679125204441e-06
8.143064511235327484e-06
8.147976626939150617e-06
8.149179226772199780e-06
8.147395160449377591e-06
8.143200640612727553e-06
8.142554381341445951e-06
8.153394843475325005e-06
8.164056532677932748e-06
8.154434590323944915e-06
8.262229391675645845e-06
8.185399426565709427e-06
8.150808775250576192e-06
8.139921007265608628e-06
8.134936537089743679e-06
8.138479187209667843e-06
8.137684636343086239e-06
8.139962855769530736e-06
8.147694865101584921e-06
8.139857514303610093e-06
8.142378080340980168e-06
8.283381586124960314e-06
8.228391221033841600e-06
8.180882127059399837e-06
8.158368085939097651e-06
8.146725826160642074e-06
8.145104110705385359e-06
8.149781370245061306e-06
8.152419389186130408e-06
8.140221542968598280e-06
8.130431920108094820e-06
8.140616596392647304e-06
8.148620347204390334e-06
8.148141460348294878e-06
8.141783216615295550e-06
8.147092922854425688e-06
8.136294214485436177e-06
8.136094212431999175e-06
8.149350998868006092e-06
8.145838759219259237e-06
8.146334967022994127e-06
8.137520578278176119e-06
8.146429386973371432e-06
8.149282582886977091e-06
8.142236489826852665e-06
8.142905386800217702e-06
8.137232631497681926e-06
8.132228687903382897e-06
8.151882969589981516e-06
8.181365183569747971e-06
8.152854932556390428e-06
8.139665222491506558e-06
8.141011022644306649e-06
8.133678672190096506e-06
8.131986814229700140e-06
8.125446895519416402e-06
8.156727345370502972e-06
8.150258677233069212e-06
8.141185016559878551e-06
8.143024264578949280e-06
8.139478343309746881e-06
8.167478026734898341e-06
8.172639793428970666e-06
8.159690654186610009e-06
8.142444876663527400e-06
8.149516909270459206e-06
8.133396530259536650e-06
8.136507955972168617e-06
8.142491593237839934e-06
8.140834116071951778e-06
8.141847212831028547e-06
8.146872646269306465e-06
8.141368911462146341e-06
8.143873650396926407e-06
8.148602882632378997e-06
8.141843157242571049e-06
8.134603571079423255e-06
8.136632270634436688e-06
8.134093131199430032e-06
8.132124911147305677e-06
8.130053956468448755e-06
8.206216371794046460e-06
1.062015874595090220e-05
9.256024482814002535e-06
8.921567521914160813e-06
8.727655455610753297e-06
8.616853402448518116e-06
8.524157373509902728e-06
8.455832717875940902e-06
8.406398641985409479e-06
8.366124422612604834e-06
8.330245424682895659e-06
8.312059777229781083e-06
8.369601698632322273e-06
8.275413132423636107e-06
8.244219943283799884e-06
8.230823068515746786e-06
8.217460314957255994e-06
8.201792345137922852e-06
8.198850444311271679e-06
8.190295058057016995e-06
8.173159652642425906e-06
8.167272066733252521e-06
8.170455105300789068e-06
8.166939389108544890e-06
8.157341480531007848e-06
8.156056939014888620e-06
8.155105026617093448e-06
8.150705914052499751e-06
8.184622104181470971e-06
9.636725356661676373e-06
9.987760521047069355e-06
9.191998798693627997e-06
1.081264193847649406e-05
1.100468893355355323e-05
1.011548889816064417e-05
9.693291854091512912e-06
9.427991162738180855e-06
9.237486149231698783e-06
9.089988810349798417e-06
8.963933388865068231e-06
8.865520291389354036e-06
8.780899237687360201e-06
8.704617098374001081e-06
9.099447023193837214e-06
1.355921114888284795e-05
1.176535629838326686e-05
1.106863716662094940e-05
1.064001679878856474e-05
1.033519319056116084e-05
1.007137677864496485e-05
9.857702336830697577e-06
9.700531787378471183e-06
9.537336025005060879e-06
9.399332778533183575e-06
9.282417120175522705e-06
9.171645532812058944e-06
9.078277806414310213e-06
8.995797793431848161e-06
8.910642242578129205e-06
8.850101905863994576e-06
8.786032675895209934e-06
8.720815221749944816e-06
8.665451157412461890e-06
8.613392587903944970e-06
8.567432741225882079e-06
8.523805057241891912e-06
8.492378020719115400e-06
8.463828941103201671e-06
