2.461100698011856784e-04
1.386573539775781628e-05
1.351211953154537105e-05
1.372912762993413137e-05
1.386836082398682890e-05
1.408974789304314357e-05
1.536937686372160367e-05
1.469216059073611747e-05
1.450891382773988962e-05
1.453523211315162663e-05
1.440593579900450998e-05
1.425713820481178064e-05
1.413959059391345322e-05
1.384732606766192509e-05
1.411008678208721340e-05
1.351144830171809475e-05
1.344694467131072631e-05
1.335086680683161824e-05
1.325848785313610218e-05
1.340986518812314891e-05
1.292206597478677157e-05
1.291733600965017110e-05
1.283288938376851269e-05
1.273776637466047101e-05
1.263076077104112043e-05
1.261379587087200590e-05
1.251798796336818987e-05
1.250476478314036855e-05
1.270859627121960038e-05
1.270251697936449417e-05
1.256853871988520658e-05
1.250337889928232478e-05
1.249165865222797269e-05
1.248125147715957963e-05
1.240669422751731486e-05
1.234050346321661620e-05
1.226311828039191260e-05
1.218997404976107727e-05
1.216527013184531811e-05
1.209794823391045346e-05
1.207202016757946687e-05
1.203780250345213734e-05
1.200569385522006460e-05
1.199418765054360813e-05
1.195726822516007747e-05
1.194127849923158173e-05
1.193360631418727328e-05
1.187600083729497145e-05
1.181297904812102707e-05
1.179372070737372289e-05
1.174770105611363095e-05
1.170745832647905214e-05
1.169252065551518104e-05
1.168741169863096668e-05
1.162444990275919987e-05
1.163183038443094099e-05
1.157294816418167713e-05
1.155061277169503866e-05
1.152518399559691329e-05
1.151106483689545753e-05
1.146860320886844379e-05
1.145243513860805278e-05
1.142332180885811455e-05
1.140143809948312985e-05
1.138031616089089515e-05
1.136018764517151238e-05
1.132724409596145621e-05
1.130171779626228577e-05
1.126991592059312172e-05
1.124730973401710819e-05
1.121615863515520042e-05
1.121773639018404782e-05
1.117783487340299511e-05
1.117108038291310814e-05
1.114666619287163471e-05
1.114905291350017495e-05
1.114193015913163721e-05
1.112636277298406673e-05
1.112180041332067110e-05
1.111183690644187073e-05
1.109653267121757313e-05
1.109627745336183661e-05
1.110108158097015511e-05
1.113250606863402970e-05
1.121159627587076054e-05
1.130850766950667732e-05
1.148637639478996110e-05
1.134964709687362077e-05
1.124703271292067582e-05
1.119757710587994824e-05
1.116900860514154673e-05
1.114707145347893028e-05
1.112597611192237920e-05
1.110954551412154058e-05
1.111226649034809549e-05
1.109933696549584707e-05
1.108128624082382864e-05
1.106663733973315792e-05
1.105556213587988093e-05
1.104202599246188258e-05
1.105353196332240883e-05
1.103370716426373564e-05
1.102465664189367083e-05
1.102232956820140920e-05
1.100720780527808481e-05
1.099897293518855274e-05
1.099393264856492582e-05
1.096881144462713591e-05
1.095199772407795596e-05
1.094004474149793833e-05
1.093628998205531389e-05
1.091571280426251226e-05
1.091667352890605561e-05
1.090615652628912276e-05
1.088769213273129331e-05
1.087592049429986273e-05
1.086877972284128238e-05
1.097949031873213325e-05
1.090647673890998676e-05
1.087003676085866234e-05
1.086000365792945796e-05
1.083711227427860038e-05
1.083235550330149025e-05
1.083655717669292570e-05
1.081990271927679741e-05
1.080952196995591816e-05
1.080006267329736167e-05
1.079067144587497778e-05
1.077926342532009551e-05
1.075961874259216230e-05
1.074258256494431482e-05
1.075168659781411332e-05
1.075489851890173016e-05
1.074746693007000485e-05
1.073704454711332855e-05
1.073902786060898520e-05
1.070550068069072420e-05
1.069199801994121368e-05
1.068044337860859219e-05
1.067849627361283665e-05
1.067490930495296197e-05
1.067270504866731543e-05
1.066328393941754861e-05
1.065571459965516094e-05
1.064442584644590699e-05
1.062882479307821358e-05
1.063234501164818831e-05
1.062181686961594096e-05
1.061342125012742986e-05
1.060174393311778299e-05
1.059187228937238018e-05
1.058148390976990997e-05
1.057874562889082874e-05
1.058449267929972882e-05
1.057982207953500640e-05
1.057469108407834293e-05
1.057964230464373703e-05
1.057900893291237779e-05
1.057084313212423416e-05
1.055664083385939546e-05
1.055657910114859940e-05
1.055614254937608994e-05
1.054668142880169989e-05
1.052507572050368925e-05
1.051563151804657489e-05
1.052510071644974219e-05
1.058717575081876360e-05
1.052201794702038237e-05
1.051079797700064542e-05
1.050320625798425124e-05
1.049561583727154404e-05
1.048770842847564633e-05
1.047738654506247339e-05
1.046767599935568145e-05
1.047308833600861070e-05
1.046115172774383025e-05
1.045822112663093606e-05
1.045035196966637233e-05
1.044158801316067849e-05
1.042919788725763914e-05
1.041368228735943138e-05
1.041108060955290627e-05
1.039590515915733684e-05
1.039528132575166312e-05
1.041935392663617731e-05
1.037508733740348002e-05
1.037671382164262543e-05
1.037340955690524445e-05
1.036293683531160587e-05
1.036322331212128751e-05
1.036196679933709668e-05
1.035446229934677811e-05
1.035891419974177511e-05
1.036311992872166806e-05
1.035975980888300326e-05
1.035675709734581158e-05
1.035555495453384789e-05
1.033732470053413086e-05
1.034386027830199380e-05
1.033545287176214861e-05
1.033592738925411385e-05
1.031672734787510620e-05
1.032211065194133018e-05
1.031129549877126356e-05
1.030736120810615830e-05
1.030439119404036366e-05
1.030051827228817342e-05
1.029479104128464891e-05
1.030669818571065431e-05
1.031185374245069397e-05
1.029887456259833267e-05
1.029174239723336819e-05
1.030734272490008172e-05
1.029367217559714275e-05
1.030209861028197372e-05
1.029279947867204691e-05
1.029530119202111951e-05
1.029048868038747311e-05
1.027264597534364479e-05
1.026608192319144937e-05
1.024424655952316325e-05
1.024744313781411600e-05
1.024073366920674730e-05
1.025565756056797298e-05
1.023091718252544463e-05
1.022026606847248297e-05
1.022370611925301458e-05
1.022333716226360844e-05
1.021502803610019307e-05
1.021506878259970047e-05
1.021975839231951503e-05
1.029254863093835044e-05
1.037608647531366543e-05
1.025064204630628797e-05
1.021476948229367994e-05
1.019700778859563255e-05
1.019170242519370202e-05
1.020239474390412723e-05
1.018787575958413018e-05
1.018148578320202969e-05
1.017707308884988929e-05
1.017398075343104774e-05
1.017188002871686510e-05
1.016245811418533165e-05
1.014631458701842321e-05
1.015305183348876545e-05
1.014084282322376872e-05
1.012823731912249052e-05
1.012411705839137159e-05
1.013105701607249354e-05
1.011978112084458861e-05
1.013173138630918402e-05
1.010936943922994650e-05
1.011535939179945292e-05
1.012213154164480044e-05
1.011972938878595102e-05
1.011484820386006769e-05
1.011493751927143062e-05
1.011426570282007207e-05
1.011498392320693942e-05
1.010240802240029308e-05
1.010399369116991421e-05
1.010572740786604679e-05
1.008776994998091365e-05
1.009494487523928252e-05
1.007818568079225539e-05
1.009114321504966958e-05
1.007308638501550940e-05
1.007346543019593857e-05
1.006531885157831671e-05
1.007560860443845815e-05
1.005883055199774437e-05
1.006181891663497101e-05
1.005345713565475267e-05
1.004222227796465998e-05
1.004251120586256317e-05
1.004095831187138785e-05
1.003916954725051859e-05
1.004576802150343950e-05
1.002483759521055570e-05
1.001841223645290809e-05
1.002446181170550218e-05
1.002693496275242028e-05
1.001963548295255581e-05
1.000584275023660028e-05
1.000432934347372807e-05
1.000522112008184276e-05
1.001736942650192447e-05
1.001000186761302737e-05
1.000444272979924227e-05
9.984333785268972251e-06
9.980651436004942881e-06
9.976764947244494295e-06
9.969550494967431486e-06
9.977147315491190544e-06
9.971833542294916426e-06
9.975398745609708956e-06
9.985114786938235074e-06
9.976025731930348935e-06
9.981384749835342518e-06
9.983694876988617322e-06
9.969553724431534986e-06
9.966275922200414230e-06
9.962811074046839941e-06
9.959845887124174217e-06
9.954482280060498729e-06
9.953687473398532251e-06
9.946914556167030106e-06
9.949664001851487460e-06
9.964177437116935048e-06
9.960618420260895767e-06
9.964846324616397506e-06
9.938996144001066026e-06
9.946125727916902356e-06
9.935622103209121878e-06
1.067279792891895347e-05
1.036956578559511399e-05
1.009252733335112341e-05
1.001529534922459123e-05
9.972129316793142839e-06
9.947579471827338606e-06
9.925716154839392334e-06
9.919001247074750867e-06
9.913569931920088399e-06
9.907388732320516841e-06
9.895725826254420167e-06
9.892279594320522792e-06
9.896134283735591317e-06
9.900812257986519820e-06
9.868041211878639027e-06
9.877907632471761413e-06
9.878229666734721003e-06
9.878957988197119232e-06
9.887683792915899134e-06
9.876592631978079606e-06
9.889553743202365233e-06
9.871696714374897217e-06
9.880001825119203381e-06
9.880989327560504425e-06
9.888779118227830622e-06
9.876456980085398306e-06
9.874527745144708193e-06
9.873585404041780532e-06
9.866070270921529722e-06
9.857112060368914349e-06
9.867158305117602901e-06
9.869553150565479204e-06
9.870277748026032216e-06
9.857413798499692822e-06
9.849428935619168929e-06
9.846800691472405912e-06
9.848282610770790272e-06
9.843138351091813853e-06
9.843018846140694290e-06
9.834499761988505989e-06
9.820340599162591592e-06
9.851205743037401576e-06
9.838312940928517763e-06
9.821669632022652496e-06
9.821248181651753161e-06
9.824083222156331798e-06
9.832097744416993187e-06
9.823335860801307243e-06
9.822212060347131757e-06
9.811007921219545857e-06
9.814908986906326974e-06
9.796434167507564889e-06
9.808690073593121785e-06
9.795037875619528038e-06
9.793617406709624257e-06
9.794879091108062434e-06
9.781643038119607116e-06
9.787009697295918987e-06
9.778519781017772579e-06
9.796128003927152253e-06
9.781865606631376094e-06
9.774516405135121530e-06
9.784354751142623988e-06
9.786984972303495051e-06
9.791634001127628780e-06
9.793626952235476077e-06
9.782524897445909418e-06
9.775266461626111954e-06
9.776727634971394329e-06
9.779017115837026342e-06
9.767187405789930435e-06
9.766895881284653279e-06
9.767099223836339458e-06
9.760979725494205026e-06
9.753185133831721371e-06
9.765069918709438630e-06
9.771498496699375629e-06
9.758046390970775500e-06
9.748806057056451358e-06
9.756560467621966720e-06
9.776344156762207236e-06
9.786073172032652993e-06
9.773796707577275336e-06
9.774137576338640470e-06
9.772882315246533564e-06
9.785772160360769323e-06
9.773228557226805796e-06
9.762798612958552020e-06
9.766436289737611564e-06
9.763472661840447717e-06
9.768889080987719150e-06
9.774719476733177015e-06
9.764041638694228713e-06
9.767283614792177104e-06
9.762683972288261852e-06
9.754493786052384396e-06
9.747155699339297635e-06
9.764494224100417951e-06
9.755217960218942066e-06
9.744396531535434567e-06
9.783690621058363737e-06
9.759825286058306106e-06
9.784069920139397267e-06
9.757123422483952044e-06
9.741951032159098514e-06
9.738328861127835888e-06
9.735681099224772011e-06
9.725157887032765661e-06
9.733172935284529394e-06
9.723550250934446867e-06
9.736293601084374051e-06
9.735196418887427007e-06
9.723056577589279608e-06
9.715387396909137187e-06
9.716952188985790586e-06
9.723568014502840870e-06
9.716337827588479253e-06
9.730391260518445255e-06
9.712367519796316832e-06
9.733063739076897782e-06
9.716533625881614293e-06
9.880466317705819207e-06
9.793452073836306565e-06
9.744825883899465389e-06
9.724336258235174708e-06
9.721605863812025081e-06
9.718238020468561512e-06
9.719219729428611314e-06
9.701911684866596709e-06
9.707095153241121781e-06
9.715937291806161358e-06
9.713237182040756695e-06
9.716191622904565682e-06
9.702693210253225597e-06
9.701571041205170738e-06
9.711346402430839141e-06
9.696197220515993933e-06
9.708294227266378517e-06
9.698170637572427256e-06
9.697696745358067795e-06
9.714250829802039972e-06
9.707683586839266286e-06
9.715073716355012161e-06
9.710848823942796822e-06
9.711320162750780108e-06
9.711823505919406780e-06
9.701496743067158631e-06
9.712766756517036214e-06
9.708252867236902509e-06
9.707164806134944651e-06
9.712336563249361339e-06
9.719082460530140290e-06
1.039791508295214410e-05
1.034764219146685162e-05
9.941706201364771330e-06
9.928994271225141576e-06
9.868797111115175797e-06
9.771582676876278467e-06
9.736598777863036144e-06
9.719691966362613278e-06
9.716358071803673222e-06
9.703354952913893693e-06
9.695495613565678075e-06
9.680514740466605465e-06
9.673440559557395808e-06
9.684370889999626507e-06
9.670097391942059377e-06
9.671575488710004923e-06
9.660648033028943491e-06
9.659529299218168680e-06
9.663775574229778261e-06
9.669885957161265054e-06
9.671276127771004496e-06
9.666892444405068784e-06
9.671891360388448135e-06
9.651920471469566381e-06
9.661136753038590338e-06
9.653030839444908616e-06
9.662628029142676306e-06
9.635560032090021373e-06
9.653445971101367587e-06
9.646806713590194568e-06
9.628761609595434519e-06
9.631270531826884943e-06
9.628637505632771319e-06
9.644297494636096065e-06
9.645511469216216396e-06
9.630682079659891044e-06
9.635791227537993583e-06
9.644256329011113510e-06
9.644190264073889405e-06
9.634815091127772656e-06
9.625693879418880178e-06
9.628678914547586666e-06
9.649943610459861960e-06
9.626223348580728161e-06
9.624731400208474206e-06
9.623575241827590088e-06
9.642126417096126364e-06
9.653618766757669157e-06
9.652773548320206734e-06
9.633071875896348773e-06
9.644169509404794676e-06
9.658662632242946339e-06
9.667661151979700323e-06
9.662007156142257602e-06
9.664558890184101264e-06
9.653753919186177027e-06
1.052149286048612991e-05
1.008725448741643076e-05
9.875947332223708103e-06
9.776301490849922181e-06
9.720277980704849238e-06
9.856409127830071063e-06
9.898705042890772944e-06
9.731633741694168516e-06
9.693205599887733183e-06
9.667529633361482750e-06
9.652189593604513373e-06
9.653421002061197636e-06
9.635035144507734926e-06
9.638035691068579881e-06
9.644278757908372588e-06
9.654484011131595227e-06
9.643038962394712618e-06
9.643777841195819067e-06
9.641764421530751861e-06
9.624721604571580754e-06
9.645103210687011258e-06
9.645868474308371700e-06
9.634968974220706691e-06
9.637301325255975555e-06
9.629314961330237633e-06
9.619354450478568013e-06
9.627272910393002445e-06
9.632346770255632975e-06
9.633170010753626175e-06
9.631375401871385822e-06
9.648846722711823328e-06
9.631102975617978604e-06
9.635139346831542073e-06
9.651541677537049522e-06
9.629215847250331752e-06
9.635469035250329492e-06
9.645081012574034584e-06
9.637360518202816507e-06
9.663589973645988882e-06
9.638086963453436565e-06
9.644159349970020175e-06
9.637028309346836597e-06
1.016806821629264396e-05
9.670441255214730505e-06
9.663981431155359620e-06
9.639136690490583342e-06
9.646394814808446059e-06
9.646995806254684549e-06
9.614757420119228313e-06
9.616856166682433916e-06
9.615863975795945842e-06
9.619731086634904441e-06
9.624998093234656004e-06
9.627106772995829652e-06
9.618007500193925401e-06
9.618128623287701981e-06
9.620937369921496462e-06
9.626447723197391145e-06
9.649745801425523660e-06
9.639116796809806811e-06
9.650370596242889690e-06
9.687944156363907915e-06
9.681356640006319301e-06
9.641890488486144580e-06
9.633753103344134045e-06
9.622878942915728874e-06
9.621833324520897424e-06
9.614923442692694397e-06
9.611299983968516354e-06
9.611243836313102944e-06
9.617871222644680868e-06
9.698603461174571313e-06
9.706934866547574855e-06
9.641233953819512782e-06
9.626911368438109841e-06
9.628310228511812924e-06
9.622232153105868979e-06
9.610459048872144330e-06
9.618618801520520829e-06
9.624243679127175913e-06
9.630109387899209950e-06
9.630134538838319578e-06
9.632887877160101604e-06
9.622108902173446150e-06
9.627795531438702452e-06
9.635968924233869265e-06
9.632569254639140955e-06
9.621371146977253307e-06
9.628736592806792522e-06
9.650553379287884426e-06
9.630114906258313703e-06
9.613687902098415396e-06
9.626182152260298201e-06
9.628023620583311463e-06
9.640690119567807821e-06
9.672059288732270807e-06
9.637785018412614252e-06
9.626708474570477237e-06
9.639347142259188154e-06
9.633292323390682036e-06
9.637752974261578340e-06
9.651850522232052889e-06
9.623105818642821733e-06
9.624074327045187982e-06
9.637986545764457916e-06
9.623469741579053415e-06
9.626134977528029514e-06
9.621132431144966828e-06
9.622135139200811444e-06
9.606191619392727478e-06
9.611656171273352947e-06
9.601017297503251519e-06
9.606349977199594168e-06
9.620638436445006479e-06
9.619850285768430804e-06
9.608628296291499553e-06
9.615432045772346210e-06
9.625512895657568912e-06
9.623360843988848704e-06
9.630827194087032152e-06
9.630741886136698912e-06
9.631849128481917026e-06
9.610816132408217391e-06
9.612549107487211044e-06
9.617288299447560593e-06
9.627507019255669154e-06
9.604698259408906276e-06
9.600030080415915460e-06
9.599810589785798558e-06
9.622179386118053036e-06
9.606286802560740914e-06
9.604636855632028757e-06
9.585446982024829201e-06
9.577276506054962154e-06
9.597330639508071823e-06
9.609632948771225990e-06
9.592167290672173974e-06
9.599797719298900839e-06
9.593264267853859387e-06
9.592442860366644873e-06
9.589021911248588476e-06
9.600397324523632009e-06
9.604415144319015252e-06
9.587860304994440534e-06
9.593430565170517197e-06
9.583804931404908678e-06
9.594789543901546182e-06
9.584192383726986009e-06
9.601494184228916975e-06
9.587826834831503084e-06
9.615654277392120513e-06
9.598351535563173076e-06
9.615600309492340500e-06
9.595054694955252439e-06
9.604453418129802204e-06
9.597824580775220273e-06
9.584994542137792383e-06
9.587511182189700030e-06
9.604483104036868615e-06
9.593312910283202655e-06
9.596855694932551907e-06
9.585937318282352550e-06
9.619765148727309911e-06
9.601789676783785364e-06
9.594008997358590009e-06
9.593909475142936300e-06
9.605759658294724676e-06
9.605932525952690928e-06
9.602220854200520432e-06
9.584676977662335429e-06
9.577704803405140478e-06
9.591174667775702897e-06
9.588117594982273429e-06
9.567610200444202963e-06
9.575424008213909380e-06
9.570997945426522584e-06
9.558093485111384828e-06
9.563942564909665798e-06
9.576033965762083752e-06
9.566491936539023164e-06
9.563665583224671888e-06
9.578577860717512100e-06
9.574981321141725680e-06
9.577765660348328285e-06
9.547551862472876416e-06
9.545179952965554684e-06
9.528752489889787000e-06
9.511287313822928009e-06
9.536129156989167136e-06
9.548478093771942821e-06
9.546949099406750662e-06
9.561051376749673752e-06
9.546739629134512304e-06
9.545467681088362790e-06
9.543758141035141375e-06
9.551788548757638079e-06
9.557348569918151804e-06
9.543538876641832622e-06
9.553693375513224787e-06
9.567295352326255010e-06
9.538832058524349055e-06
9.539009125774100472e-06
9.542490622228190443e-06
9.544249503505852027e-06
9.535264388205177627e-06
9.530838693005231217e-06
9.543677367294851695e-06
9.553538062239870724e-06
9.542682404723260511e-06
9.547729300720675179e-06
9.530097346441834341e-06
9.514248509958634617e-06
9.515749183037768789e-06
9.540402744505627807e-06
9.511058960924856297e-06
9.525902733760933949e-06
1.015459798660837574e-05
1.044894196146136369e-05
9.963233175085406672e-06
9.782172260959972804e-06
9.684981005193549615e-06
9.642396856861522956e-06
9.629026305901788196e-06
9.592921523259671847e-06
9.571760649957165303e-06
9.562414819962819591e-06
9.560449471640216693e-06
9.548908711470478636e-06
9.544612418039832575e-06
9.521843522103760001e-06
9.524394468674776592e-06
9.522921681461108748e-06
9.534876020325101212e-06
9.520271213053395907e-06
9.525158700398606490e-06
9.536410470521635021e-06
9.535340743317040289e-06
9.527370148513606224e-06
9.515358185960092179e-06
1.012220341105300312e-05
9.730212074146038639e-06
9.559536072553480234e-06
9.556098097315650274e-06
9.516299909364534434e-06
9.504625469768748869e-06
9.520790463284356791e-06
9.511969475776519217e-06
9.511480131247178124e-06
9.504061312100020654e-06
9.502644572876307026e-06
9.495150946274103981e-06
9.496411626817765280e-06
9.499614532160193680e-06
9.711542679724516008e-06
9.545236210897200548e-06
9.513377011292807413e-06
9.502136571200025812e-06
9.626378039229166800e-06
9.520760130120228251e-06
9.498941538292153869e-06
9.501567841425640333e-06
9.487803422416619034e-06
9.497817962558960088e-06
9.497064463630521623e-06
9.494263085798593374e-06
9.504209035261132048e-06
9.507674373404977189e-06
9.493808887176177137e-06
9.498147490300349268e-06
9.498707296794842587e-06
9.524763938012862304e-06
9.525114683128776621e-06
9.539496568701603466e-06
9.502797267941786531e-06
9.512181482402107415e-06
9.530482660314495551e-06
9.502227864762365772e-06
9.504975934836087373e-06
9.529529712987520331e-06
9.528884747472451459e-06
9.509662306754763150e-06
9.499845064055988954e-06
9.504011921611285382e-06
9.514929513064392254e-06
9.513106878481873008e-06
9.518625493380265123e-06
9.515612949826391035e-06
9.529261454493583581e-06
9.495548634959050512e-06
9.511685082088661283e-06
9.509137640482853140e-06
9.534990255891291362e-06
9.498247259974354259e-06
9.518509771927105071e-06
9.811973181210001754e-06
9.713269279624607894e-06
9.573521457468815078e-06
9.537735353054207558e-06
9.519770450575985854e-06
9.489394783107248313e-06
9.503079925631632930e-06
9.495651122127431797e-06
9.484580184183263106e-06
9.487680843752362497e-06
9.499891551361845529e-06
9.496960643673446612e-06
9.488429987717003340e-06
9.505982616246910698e-06
9.490173963134415546e-06
9.491999318621916355e-06
9.507339551267554432e-06
9.496450458073013511e-06
9.508936434864760024e-06
9.506924640921473593e-06
9.507455706246522239e-06
9.500644974120102518e-06
9.502114882404080911e-06
9.507529800885095774e-06
9.494896025141012153e-06
9.506438283324314737e-06
9.503296486551940527e-06
9.481228236154493196e-06
9.498195180033992970e-06
9.519036776358310437e-06
9.504579969264644531e-06
9.514832823166823243e-06
9.513217812203340906e-06
9.498187370506154379e-06
9.495868528498856007e-06
9.498344810102328246e-06
9.518354238480241863e-06
9.522145940081826830e-06
9.509956634777458115e-06
9.500531136836798464e-06
9.515375010854161756e-06
9.511473493451679255e-06
9.510811911468409398e-06
9.510229004945358001e-06
9.503566618983919168e-06
9.502779096995557924e-06
9.519546434072860677e-06
9.490841901727739471e-06
9.777813626214992092e-06
9.565345056519921203e-06
9.527583995729098558e-06
9.503000333097588940e-06
9.480406616830804823e-06
9.493513795177932818e-06
9.488827987903884618e-06
9.492988578661727830e-06
9.475521788620730311e-06
9.480096441620844010e-06
9.485950542587791583e-06
9.485855124088023182e-06
9.482721856860129291e-06
9.491679147686227089e-06
9.477297755893232127e-06
9.476777642779174224e-06
9.481055415108130004e-06
9.478516767179220645e-06
9.492107765633288669e-06
9.509212635900135703e-06
9.503671290076454035e-06
9.489319972999510694e-06
9.466054561926285279e-06
9.476162407130081083e-06
9.480392019440842384e-06
9.459004573576142443e-06
9.492897033093565721e-06
9.475653847251427062e-06
9.477456701082094277e-06
9.480021334032546782e-06
9.483068222001141823e-06
9.473466595864010945e-06
9.472084006271567358e-06
9.479038220661096032e-06
9.473567423204562173e-06
9.468668913541478376e-06
9.462732302457273824e-06
9.473876576748808243e-06
9.466302788041503613e-06
9.467445916016003303e-06
9.468313581919574198e-06
9.484951335707592689e-06
9.460741245751100022e-06
9.453339994630975809e-06
9.454914633503601668e-06
9.449698305464456559e-06
9.464073991315066545e-06
9.472500349450760270e-06
9.465443548985300951e-06
9.462923992866005066e-06
9.457945864141948365e-06
9.458740380144565769e-06
9.455114504817174612e-06
9.455798546393149258e-06
9.434749082781006325e-06
9.460566456027664069e-06
9.909758010356502098e-06
9.711803278757239147e-06
9.575108964175644917e-06
9.531784448881809016e-06
9.495530712608038785e-06
9.569720092864979539e-06
9.515588806152663553e-06
9.992916149030862171e-06
9.772657890607660560e-06
9.573707571917112178e-06
9.531514695405955549e-06
9.508413458358214255e-06
9.483893406544059384e-06
9.485341944734197310e-06
9.485564603058567140e-06
9.496100820645855451e-06
9.475526985625037585e-06
9.469836802130279424e-06
9.468413900322047722e-06
9.466284125968135168e-06
9.473142202599168631e-06
9.470952789646011052e-06
9.457673619787480823e-06
9.459068177951242420e-06
9.512530047762386641e-06
9.476114737860067289e-06
9.447188691638075533e-06
9.465549459643321731e-06
9.454885106758107051e-06
9.463344153649208467e-06
9.471838988019953628e-06
9.476509470687233058e-06
9.472535223646142905e-06
9.472529361952789707e-06
9.461873387787515449e-06
9.470317321529364495e-06
9.467867471736705074e-06
9.473130425779648642e-06
9.477836295369949441e-06
9.470131375337587697e-06
9.466670094298024806e-06
9.663070547579385633e-06
9.510004207413658828e-06
9.497467173863090520e-06
9.496194899535717897e-06
9.490046944620188861e-06
9.498859248727361800e-06
9.470731647904055142e-06
9.474667157292060641e-06
9.480348616079936890e-06
9.483776849113685297e-06
9.466133972940345357e-06
9.467925849548919359e-06
9.476876400640321121e-06
9.469406993882027035e-06
9.470230878226478790e-06
9.463597365690171745e-06
9.456622568677631370e-06
9.475807639773847023e-06
9.466192667180924408e-06
9.465538798091680062e-06
9.473043608068110324e-06
9.465517722446748007e-06
9.472350126695043752e-06
9.480955184623478509e-06
9.466605068458495850e-06
9.462211628109191917e-06
9.482900442208119378e-06
9.477116456082513554e-06
9.475780428829239032e-06
9.471917240944095051e-06
9.469637164253679235e-06
9.507757763458357523e-06
9.504094050498679213e-06
9.492927164653034510e-06
9.475789337329842830e-06
9.486821318584285015e-06
9.493486731647256068e-06
9.501538211604081255e-06
9.492329956704755530e-06
9.425326121951608043e-06
9.423174526546063473e-06
9.420342579081382732e-06
9.412602302821445330e-06
9.403756660049112222e-06
9.403996127730351737e-06
9.397386119947745330e-06
9.393476840765894591e-06
1.221151471781922805e-05
1.123109461824848610e-05
1.044118733905937278e-05
1.012841888609727876e-05
9.943034127672944965e-06
9.837014603514641694e-06
9.762311549366131658e-06
9.710304733137793765e-06
9.662049787190578456e-06
9.614107572512390487e-06
9.568019999051103125e-06
9.535243775644630050e-06
9.509312004259603402e-06
9.484016738952049473e-06
9.465095604355156634e-06
9.444396013501925031e-06
9.424648979650858687e-06
9.402063896004619350e-06
9.388707388400992712e-06
9.375371388766022744e-06
9.372178685301453413e-06
9.355353325872783831e-06
9.346001131689263681e-06
9.335062579793883839e-06
9.328674475455044722e-06
9.324077101761455577e-06
9.313039339910271689e-06
9.309380840250013766e-06
9.301934798789565211e-06
9.302210219933234188e-06
9.294598132025080984e-06
9.294153206459062816e-06
9.291769239325730365e-06
9.282139811830348227e-06
9.281984791490079518e-06
9.280065252141866204e-06
9.276463066498763171e-06
9.278148141144508250e-06
9.269446999648305098e-06
9.263398307742439630e-06
9.273138123262470635e-06
9.263512293576543912e-06
9.260652018383552108e-06
9.266934704707333341e-06
9.261994871773519946e-06
9.270394551776916866e-06
9.253544208907744735e-06
9.256800403818487850e-06
9.255987686174194434e-06
9.336803398127812990e-06
9.405306909684441527e-06
9.295020404730773285e-06
9.271609538548849361e-06
9.259474131037374799e-06
9.252956475999477647e-06
9.254672781177456721e-06
9.256205037218024535e-06
9.253068218034361678e-06
9.241815487636509825e-06
9.245143306770842309e-06
9.247487818508186354e-06
9.240147107523929417e-06
9.236308069375808537e-06
9.234266422405804379e-06
9.237306369792956854e-06
9.235525662158275778e-06
9.237970593100423223e-06
9.236170650789669992e-06
9.241738381054649890e-06
9.234911989324245545e-06
9.224046699500832163e-06
9.223669708262605737e-06
9.225354601009409444e-06
9.229782160294537708e-06
9.223316316517109125e-06
9.234779085621387944e-06
9.236395245200886356e-06
9.225738225116704720e-06
9.227674245266826637e-06
9.218910739718922645e-06
9.221591050163624188e-06
9.221680620991416224e-06
9.222492684178481212e-06
9.220230318002601568e-06
9.215061210549416678e-06
9.213269066776774707e-06
9.207450732067931135e-06
9.220406293100798313e-06
9.215489496909867672e-06
9.216377524505029595e-06
9.214795987873003198e-06
9.211888803595987617e-06
9.211784201852423693e-06
9.203894693049127277e-06
9.208277839813187385e-06
9.210218593883230404e-06
9.203657447566607422e-06
9.205672656283543992e-06
9.209655446511533838e-06
9.207947384766156874e-06
9.200062895994658073e-06
9.202916043022924393e-06
9.203420588240380734e-06
9.212245613904693705e-06
9.204936763277752487e-06
9.214612016800553931e-06
9.210185971445147542e-06
9.201638850981908781e-06
9.207672815136901822e-06
9.203370142737791269e-06
9.207608989451425408e-06
9.206969145528395555e-06
9.206215280907297221e-06
9.206252939293335048e-06
9.197779979407035497e-06
9.204182606102524563e-06
9.207641713070793910e-06
9.347500019127133756e-06
9.289156264458142009e-06
9.238326381743414568e-06
9.218612461457572618e-06
9.209463501065329251e-06
9.203916087396162073e-06
9.202974984721853032e-06
9.202303195934292393e-06
9.206418801947317810e-06
9.213351892185529159e-06
9.202203883660332027e-06
9.209772748211738898e-06
9.201778966598795405e-06
9.202336817300723809e-06
9.195340978370343204e-06
9.207804233710702743e-06
9.211656537596961324e-06
9.205452214852509734e-06
9.208485838598790132e-06
9.199929690642724068e-06
9.200002915576988355e-06
9.191466151984665356e-06
9.193254100334040651e-06
9.188274292076433817e-06
9.194727527225646867e-06
9.198186083191709706e-06
9.192696161714290217e-06
9.192764766794425194e-06
9.190803333846513158e-06
9.191117536602177803e-06
9.192731277304725128e-06
9.188950109167611511e-06
9.188153403177541520e-06
9.188893751191547300e-06
9.191516693363154677e-06
9.198664591470635753e-06
9.180797896609267661e-06
9.208893867101627782e-06
9.196514600944282895e-06
9.193518131951350098e-06
9.189169514532598428e-06
9.183729417448679424e-06
9.189818524646397468e-06
9.177236513930135122e-06
9.182576360444726793e-06
9.176375365692972298e-06
9.174695943556798603e-06
9.177299274748899001e-06
9.184106650460913891e-06
9.180480173351194677e-06
9.173959764060176514e-06
9.179249265495551137e-06
9.189547190544544922e-06
9.186950992822554097e-06
9.180467678409816865e-06
9.176693967750301344e-06
9.171309977394534238e-06
9.164201913639165049e-06
9.169705177782816937e-06
9.178882397691267718e-06
9.174782489935750463e-06
9.169489534694244705e-06
9.173058802313485783e-06
9.239169129386937062e-06
9.182365467571192163e-06
9.164754748477814327e-06
9.173839916911674799e-06
9.175157489759536245e-06
9.174380094994679039e-06
9.181344070915050187e-06
9.179790553920005373e-06
9.172834921476654682e-06
9.176473715797328826e-06
9.176411432084326258e-06
9.181467754615369242e-06
9.174364383094749808e-06
9.170982558543982761e-06
9.173847032191890743e-06
9.178926863645149467e-06
9.166201672314854573e-06
9.166159739682674856e-06
9.176114810998114245e-06
9.182672746798440578e-06
9.172915008169488013e-06
9.168409709066812824e-06
9.172328153302563764e-06
9.160940054850167456e-06
9.192890567343663168e-06
9.172232627558210718e-06
9.168944147859292638e-06
9.172178966991850350e-06
9.169162128349247004e-06
9.160215850367118146e-06
9.175904827240325624e-06
9.163484399247560908e-06
9.175144303981142748e-06
9.174202316444280333e-06
9.166766898260902285e-06
9.166715807017075443e-06
9.165250235128041890e-06
9.176667002748218190e-06
9.171124192638065514e-06
9.164109479418888535e-06
9.163692718630045216e-06
9.163867995691058282e-06
9.156512671779637322e-06
9.154893048541149433e-06
9.162391632268433920e-06
9.159513458977623025e-06
9.161159714873671954e-06
9.157167613314716266e-06
9.156805109948133048e-06
9.179693773451920593e-06
9.193617277105659149e-06
9.300714206877577615e-06
9.366935737868212569e-06
9.238556430470149525e-06
9.207877023603336218e-06
9.190418221957467464e-06
9.182577442743423122e-06
9.171165045245288571e-06
9.169658095515842840e-06
9.161496799758121813e-06
9.166898298265853813e-06
9.166441714872537467e-06
9.165646331060391331e-06
9.161579949553318858e-06
9.146244963176286547e-06
9.151568629022221267e-06
9.156321048067184978e-06
9.166029882408110397e-06
9.156450599524154543e-06
9.156685443182747952e-06
9.148802535795159759e-06
9.156630684022578143e-06
9.150200987354159250e-06
9.155439854566794198e-06
9.147708450048715878e-06
9.160900884050230812e-06
9.153964516220488152e-06
9.148324950653356554e-06
9.146338611193034976e-06
9.153309830480794082e-06
9.154587080881053306e-06
9.156421868586523977e-06
9.150810135452048502e-06
9.150934481188718048e-06
9.151732143285092871e-06
9.157450699603942096e-06
9.145649070205763429e-06
9.160640305102181818e-06
9.158504589853085087e-06
9.151514034329010728e-06
9.162791465466095577e-06
9.156401597086491259e-06
9.152556020050420869e-06
9.153235954120949176e-06
9.148272735425658648e-06
9.148115599752297466e-06
9.146983168572357716e-06
9.147470695249164250e-06
9.146457196796594423e-06
9.152240397346151997e-06
9.150667079135625241e-06
9.142984094978600528e-06
9.143499958099710870e-06
9.142727170683429198e-06
9.149454986072668865e-06
9.146647153102094646e-06
9.148698958370004317e-06
9.135812032733762062e-06
9.139591320490580712e-06
9.134750238217747916e-06
9.140131609228774865e-06
9.137152711294523134e-06
9.139960401398638672e-06
9.141595238209751349e-06
9.148849722275069000e-06
9.145377442033956542e-06
9.142888167919711883e-06
9.147845923204537004e-06
9.143365437391063545e-06
9.145362167070440333e-06
9.139277296223250477e-06
9.143115939499087141e-06
9.143281477766625616e-06
9.146123650983402296e-06
9.143424384395377967e-06
9.146308935138828603e-06
9.209797404992059184e-06
9.234477103821820914e-06
9.179435879408023361e-06
9.157432128101087725e-06
9.152970815193839236e-06
9.147071733650590663e-06
9.138935649464959157e-06
9.140117709875994411e-06
9.149197917395212408e-06
9.149920175180643617e-06
9.142666901501190921e-06
9.142307950469330739e-06
9.146475283235607962e-06
9.151670058524056316e-06
9.136278497408057610e-06
9.134993091114059153e-06
9.138358926747968964e-06
9.148295134764339309e-06
9.153907510987361812e-06
4.141846190577780254e-05
1.396725000555913227e-05
1.209081679841498567e-05
1.159691402790485908e-05
1.132790325338343513e-05
1.113907607380800392e-05
1.098436573518786950e-05
1.084334758653919115e-05
1.070674498957184036e-05
1.057248790402809370e-05
1.045849008354101226e-05
1.035807293381670573e-05
1.026645902091634892e-05
1.015772796639187998e-05
1.005003509211140532e-05
9.953616720774030951e-06
9.870021939377693275e-06
9.821485902345253812e-06
9.778973364973352913e-06
9.754228932479236053e-06
9.729510407699611875e-06
9.702065964347639712e-06
9.674527741102186075e-06
9.648491889417225287e-06
9.620323270382869009e-06
9.590644682475612607e-06
9.563381587819700050e-06
9.536160545925061397e-06
9.518577880195758662e-06
9.487489449687321877e-06
9.467644108932896796e-06
9.457464504976088228e-06
9.446796322739222507e-06
9.626048933265944822e-06
9.974141028881907940e-06
9.640963790313132666e-06
9.540374618760930566e-06
9.480431423677751783e-06
9.455915041674718702e-06
9.429303648100054259e-06
9.643231560782320881e-06
9.686752763021407923e-06
9.460580949962604588e-06
9.398968779047814652e-06
9.360681956801879516e-06
9.347348296084116433e-06
9.335093216501869298e-06
9.319711059561086789e-06
9.310934529291141609e-06
9.292301240672411392e-06
9.296437877613546321e-06
9.291714357004820255e-06
9.270178096585369163e-06
9.273764362281630138e-06
9.268776856288241919e-06
9.257342017387296208e-06
9.260664110873525334e-06
9.250233840324048449e-06
9.243942658940795335e-06
9.235929334560448513e-06
9.241655106961843558e-06
9.241241138700692412e-06
9.233762423643080292e-06
9.241045736037753117e-06
9.241590473341906775e-06
9.227235337524082264e-06
9.222214272692023037e-06
9.210156492069169207e-06
9.214366921241889737e-06
9.211203276511998833e-06
9.207194965862678458e-06
9.196547615980913695e-06
9.198396991602445920e-06
9.193881533443951995e-06
9.191906328851474060e-06
9.195384786077435494e-06
9.294074815215935272e-06
9.204638499416736752e-06
9.204901471851675211e-06
9.194722633007283290e-06
9.196751910849343674e-06
9.182820504065602950e-06
9.186638119823935369e-06
9.184905196661930559e-06
9.173733900145938360e-06
9.174202817424278515e-06
9.168954120089741679e-06
9.173429377824504695e-06
9.175957311905827779e-06
9.172199588268388978e-06
9.199189441915223413e-06
9.189288976282720199e-06
9.177106828322697927e-06
9.170652852314257477e-06
9.161459019348209285e-06
9.168077020831333628e-06
9.163747752912362516e-06
9.164990517547266858e-06
9.154836899369911272e-06
9.156263741184982234e-06
9.162939545224920026e-06
9.163883782245344238e-06
9.163432488700588909e-06
9.162334360250193682e-06
9.157295082407775348e-06
9.159602838432571111e-06
9.161727313464021764e-06
9.172063715065329546e-06
9.161594324874991637e-06
9.161067854392968137e-06
9.155041483002908115e-06
9.167252963682889010e-06
9.157174823712920539e-06
9.157343895367375198e-06
9.166615438592391898e-06
9.152262273346422358e-06
9.153674898622436571e-06
9.160294905920334156e-06
9.177626671241038360e-06
9.173981777242564008e-06
9.152234036188625370e-06
9.147522424655108101e-06
9.154647621395876347e-06
9.144771747363240967e-06
9.146911458704684290e-06
9.150321307818861245e-06
9.151227345303899465e-06
9.143633045975244427e-06
9.140255569946020232e-06
9.143226531023174582e-06
9.152509619904473101e-06
9.155054344773816478e-06
9.160151124281886773e-06
9.144444738164262068e-06
9.146353730784540423e-06
9.143150635585091130e-06
9.146388185096536371e-06
9.138650049938708828e-06
9.146697160910359560e-06
9.146294587859907796e-06
9.152312611604428871e-06
9.153248646119512485e-06
9.143282472147499915e-06
9.158492226409482861e-06
9.151646390819222852e-06
9.145957211937153099e-06
9.144480218689447014e-06
9.151491951418696527e-06
9.143151074037328903e-06
9.142706345907451997e-06
9.200096708733933440e-06
9.174812047376690790e-06
9.155002358814574531e-06
9.147457043733690842e-06
9.146034427658378195e-06
9.145871220728926237e-06
9.137956128218623967e-06
9.144853711783677220e-06
9.145599949154832405e-06
9.144103396465652419e-06
9.143891287900867052e-06
9.146879548325160245e-06
9.158922794464767809e-06
9.145876932355652761e-06
9.151789619939638975e-06
9.151239807655049357e-06
9.141777548317501570e-06
9.135548871957629156e-06
9.142236936744060476e-06
9.149709355066685198e-06
9.140430342237474085e-06
9.148818669094302121e-06
9.145220900184843895e-06
9.142950533487237476e-06
9.151223832380613190e-06
9.153399411161444461e-06
9.147299197517592205e-06
9.143520206862377399e-06
9.134696072881828336e-06
9.138617878079458362e-06
9.136496897023487133e-06
9.129439403068318390e-06
9.141153814956244503e-06
9.138653794783143107e-06
9.142016885258878723e-06
9.129372059533125681e-06
9.133828969349148738e-06
9.138188481377559067e-06
9.130931601930569741e-06
9.126203690357214559e-06
9.135867865097679693e-06
9.131673823503661647e-06
9.139398588331460583e-06
9.134690615155704476e-06
9.143625528622577968e-06
9.143730136050483439e-06
9.133285055137699575e-06
9.140359057558574823e-06
9.138628892060296290e-06
9.135587163200398209e-06
9.137265658788843795e-06
9.130495433661659711e-06
9.132756748234290429e-06
9.132528240343163720e-06
9.132899699200909560e-06
9.128232020808961161e-06
9.127341763056998362e-06
9.134549762848110635e-06
9.129456453441282894e-06
9.135629622202637729e-06
9.152197604862521375e-06
9.137837369811071657e-06
9.141883303982467352e-06
9.142727387446333075e-06
9.139937751569960614e-06
9.136088599461800999e-06
9.127397079282673686e-06
9.126142704189987447e-06
9.141707927634949162e-06
9.146892411611891666e-06
9.136989939406703681e-06
9.130719362246964553e-06
9.133679788722778566e-06
9.122864057265663300e-06
9.128166505737074577e-06
9.123598391624910387e-06
9.120824530176225870e-06
9.121166535048056692e-06
9.124964821391282698e-06
9.127489230801680647e-06
9.140361591638186689e-06
9.123674248788422677e-06
9.124373331511985012e-06
9.150442842837946684e-06
9.135288169848839861e-06
9.122900095235309524e-06
9.124234314109950372e-06
9.129038537973126189e-06
9.118467772471680046e-06
9.123509476391215766e-06
9.129605595414129528e-06
9.127257884150216164e-06
9.136481698609108166e-06
9.137953323564337171e-06
9.149159114940631066e-06
9.133366606874915441e-06
9.126952119231645388e-06
9.125651854825871293e-06
9.125265293050688884e-06
9.124335593166202983e-06
9.118585832842048677e-06
9.126049905413916662e-06
9.120994361637713087e-06
9.121379231373793282e-06
9.132113886304675171e-06
9.130090532304772628e-06
9.120662095180402787e-06
9.118684240926693053e-06
9.118596912761252281e-06
9.124118335724536459e-06
9.121933239081651270e-06
9.120413997531310536e-06
9.119761721573619044e-06
9.111751999171247820e-06
9.130447585145399979e-06
9.122408499706580187e-06
9.137913496791345654e-06
9.133071332219818222e-06
9.126204598715049039e-06
9.120497064714073028e-06
9.120015128019077469e-06
9.129355924718160262e-06
9.128848356946642567e-06
9.131631044283494635e-06
9.124408597548002361e-06
9.117636242687391512e-06
9.117971436201817380e-06
9.649953885097298933e-06
9.507029028554825684e-06
9.283538499100056754e-06
9.205086637772789542e-06
9.178080913822365611e-06
9.145905685272737987e-06
9.140025842953037517e-06
9.133583943897368709e-06
9.124631729567529928e-06
9.121412468857669506e-06
9.130590973427387896e-06
9.127815959573126273e-06
9.122920891589577294e-06
9.116539855919351062e-06
9.116128180721716964e-06
9.122987831915452194e-06
9.117133111734196157e-06
9.114481121059726156e-06
9.113980493111739498e-06
9.120994699666576749e-06
9.118743723774969858e-06
9.193102620959810189e-06
9.179743349250202503e-06
9.134993931259789983e-06
2.367568011171291176e-05
1.197570749013721110e-05
1.135901646459084742e-05
1.099990541888473638e-05
1.070080861988268809e-05
1.040630662714647763e-05
1.018307667398706395e-05
1.001774544306499667e-05
9.905186763035090029e-06
9.792521383360509090e-06
9.693219967251328134e-06
9.606943192087177751e-06
9.545675038301244954e-06
9.507705582715668052e-06
9.483233025851707667e-06
9.462764860093859999e-06
9.439031790255588889e-06
9.412050544597150834e-06
9.386462775561691269e-06
9.357308382883880877e-06
9.338681237901861882e-06
9.322779569629346139e-06
9.298050303717293548e-06
9.277638553915797939e-06
9.277921202889653288e-06
9.259583829740829344e-06
9.248785810693030767e-06
9.236410802107760588e-06
9.226939323904541549e-06
9.213434627023767842e-06
9.200872286025211852e-06
9.183553440834657928e-06
9.181756774978567021e-06
9.175576464789021397e-06
9.175788386907394526e-06
9.170695477299281020e-06
9.161337973182525710e-06
9.157032969066372877e-06
9.153985966274072822e-06
9.152508676682676115e-06
9.141801590430987648e-06
9.139917804456368795e-06
9.134404816298532370e-06
9.140058793188169935e-06
9.130819313061995998e-06
9.125868170182608124e-06
9.115194538177699758e-06
9.125009461286026296e-06
9.128036507869789412e-06
9.118526650505979291e-06
9.114931195123669716e-06
9.539734991600804591e-06
9.150260067751029774e-06
9.114582518729244813e-06
9.105383556592035538e-06
9.107964559310250969e-06
9.103064872609441667e-06
9.109788628241707040e-06
9.105333701882045106e-06
9.106097667957631787e-06
9.097181931186544297e-06
9.101418888803892418e-06
9.097499789352999828e-06
9.108619866159035712e-06
9.104551638377719251e-06
9.108722678092817050e-06
9.100746212501082972e-06
9.095933374586215157e-06
9.105366171979766709e-06
9.098576295703727357e-06
9.100408760408148492e-06
9.089657824764193000e-06
9.092061129649663763e-06
9.088800389160193993e-06
9.091144585606040566e-06
9.088958568099770509e-06
9.081762993522109342e-06
9.088074889784062966e-06
9.090180672046699464e-06
9.086432908134155928e-06
9.087922713509517813e-06
9.081009029235550118e-06
9.079095035910238459e-06
9.084116621049058483e-06
9.110314995647664384e-06
9.093766339750193413e-06
9.101296773981933582e-06
9.084306352633575308e-06
9.074332771585128733e-06
9.078276189029566419e-06
9.078084302321561209e-06
9.075122787483755248e-06
9.078681379529977824e-06
9.075569215610812196e-06
9.073868675007664417e-06
9.077281365534872883e-06
9.074119954751343886e-06
9.080539054290663728e-06
9.082649675065113928e-06
9.070343314760976518e-06
9.066144929192888180e-06
9.076986711988866338e-06
9.077542788039257975e-06
9.067808146028254833e-06
9.071891388430231763e-06
9.067192193015217091e-06
9.071153288383963030e-06
9.063761265224456884e-06
9.068834142074896210e-06
9.071964185523029842e-06
9.084183760705855161e-06
9.072184014939921936e-06
9.068763186329912101e-06
9.061357014464495397e-06
9.065589653876788919e-06
9.073415264235032711e-06
9.088556029534325487e-06
9.072754128662078454e-06
9.069110034261029186e-06
9.068412907330033459e-06
9.064449670859175967e-06
9.068569405220235091e-06
9.064600215727598798e-06
9.068264210630635133e-06
9.066965125536322824e-06
9.067674066045583255e-06
9.062672689879037235e-06
9.067931971458165276e-06
9.063546394069513527e-06
9.061887166505281239e-06
9.066094856962080649e-06
9.057450645665691348e-06
9.065010342131548515e-06
9.060662641407664917e-06
9.061418575129210124e-06
9.098481753350521280e-06
9.073901763561782955e-06
9.074320477869453214e-06
9.058582192362033488e-06
9.066015605488549824e-06
9.061928840689385733e-06
9.057009225822791463e-06
9.060840570403646060e-06
9.055722121805350938e-06
9.054033308757424657e-06
9.052372966304271507e-06
9.052417144251497921e-06
9.059942134778491062e-06
9.052517146983518208e-06
9.051023132542468578e-06
9.053491535648087047e-06
9.054072719057633061e-06
9.054157018984672627e-06
9.056223337514287126e-06
9.064804758054378366e-06
9.057872286272565645e-06
9.053494731385095334e-06
9.050154004247208886e-06
9.058349808507652678e-06
9.046774280629203409e-06
9.059893748902444197e-06
9.060859649328753383e-06
9.056317902604859392e-06
9.054519836126928567e-06
9.058472054827385405e-06
9.050016841077497757e-06
9.052204836734744847e-06
9.054408031564284128e-06
9.059528250266643456e-06
9.057829533579327548e-06
9.064301019634513407e-06
9.052308203460293724e-06
9.267791211489869653e-06
9.100644768598917020e-06
9.054896500704974426e-06
9.051797150429289349e-06
9.055977003905961770e-06
9.050831559989091853e-06
9.054795414916346280e-06
9.056507108198275565e-06
9.061276456350242302e-06
9.049768571003370102e-06
9.053839270715495480e-06
9.054362376446078862e-06
9.055261930370761683e-06
9.050662733519250502e-06
9.046798073389557688e-06
9.133303088901811048e-06
9.100361738774154287e-06
9.063638730140155598e-06
9.068524059330229986e-06
9.049686684268938382e-06
9.050521412821884706e-06
9.043655556221589375e-06
9.056668763681349405e-06
9.063455775806991056e-06
9.057671019642536873e-06
9.056154004459434289e-06
9.057313256638129526e-06
9.044740130548234108e-06
9.040778070357192287e-06
9.038718224398204163e-06
9.061262021153501160e-06
9.062532343856825664e-06
9.048522180137297526e-06
9.052595115311609563e-06
9.041624174415119613e-06
9.048931160198965754e-06
9.048534133550371409e-06
9.054151167902090995e-06
9.056197410851989286e-06
9.054183271170283741e-06
9.051365550855431315e-06
9.054018836044027270e-06
9.042725146931236701e-06
9.041968716777167567e-06
9.047972339052042713e-06
9.051176563540745465e-06
9.053029973150236292e-06
9.046725265685988043e-06
9.043122055724476529e-06
9.052421459803857088e-06
9.045591842777867732e-06
9.042909413589465061e-06
9.040225497756182652e-06
9.044036849369755594e-06
9.043155542561482856e-06
9.039404422992447711e-06
1.442853975087625007e-05
1.131859714178062900e-05
1.081183442389980523e-05
1.050517767453129711e-05
1.031632858788119236e-05
1.017973449393139129e-05
1.004749693189902884e-05
9.894620649599043658e-06
9.779935654705695450e-06
9.690036931336483631e-06
9.613692664819003386e-06
9.557525433668464648e-06
9.493972549989848969e-06
9.450300130614171110e-06
9.410901129740523784e-06
9.373208555795524140e-06
9.340719238556023662e-06
9.309905850993042208e-06
9.283248779562806310e-06
9.257927577361138740e-06
9.235778950748377991e-06
9.222638821787161815e-06
9.203888589581766039e-06
9.197501794157385472e-06
9.183252837298520391e-06
9.171276373839038992e-06
9.159589482502876795e-06
9.143777790162251412e-06
9.142848643174754229e-06
9.129667902243454049e-06
9.132239943786165312e-06
9.116565541186598320e-06
9.110709186946526223e-06
9.105010091161603233e-06
9.107012457434394056e-06
9.099322292437743488e-06
9.098268838367100297e-06
9.089255845537991466e-06
9.086792436695153227e-06
9.089428445652932291e-06
9.070206289531294050e-06
9.089590241349772767e-06
9.086888798795674378e-06
9.081296160881417644e-06
9.074147722003544168e-06
9.071376270715821383e-06
9.075959470313440042e-06
9.080488279854155722e-06
9.065879955111691581e-06
9.055185117479898631e-06
9.057504697314773206e-06
9.065685389183879544e-06
9.121713938687511024e-06
9.120990711532309678e-06
9.080535964661369405e-06
9.058500467441868995e-06
9.047713890595332012e-06
9.040449906099942543e-06
9.042943546167710460e-06
9.045557038310410110e-06
9.046150656028354044e-06
9.043194875554642491e-06
9.039094511156993834e-06
9.042717649663246080e-06
9.032985560300705891e-06
9.037304539560864891e-06
9.038615270734833132e-06
9.029894365918760048e-06
9.033676545489774300e-06
9.026986945552077974e-06
9.036718484291365725e-06
9.047332188553506438e-06
9.038402771466280344e-06
9.034529339260189337e-06
9.027066840114154132e-06
9.020663492265157740e-06
9.025906482141484848e-06
9.023049800210477593e-06
9.020088956503968938e-06
9.021044434120994993e-06
9.021937936874261182e-06
9.057749745503921118e-06
9.059137158449932588e-06
9.025715298397093335e-06
9.026632118699733009e-06
9.027519282274927231e-06
9.236245053140615548e-06
9.174330680252751132e-06
9.068573750710130134e-06
9.038520758698117001e-06
9.018318661825712649e-06
9.018378344004911230e-06
9.004903295135591925e-06
9.011336026863622558e-06
9.010602603893857760e-06
9.018828879258458753e-06
9.016705218982679003e-06
9.018274577101692354e-06
9.019291980318181476e-06
9.020934731249023652e-06
9.019434660331171607e-06
9.013819876978838570e-06
9.018010775510750394e-06
9.012382450540220639e-06
9.014724511189343135e-06
9.012195867323195819e-06
9.015949722955460041e-06
9.015536142366423425e-06
9.016386278517530531e-06
9.015708501086313668e-06
9.013859724215459997e-06
9.016128011580803743e-06
9.015606583488988284e-06
9.017927431690017355e-06
9.021548071738531770e-06
9.017652801427782411e-06
1.171285573188167040e-05
1.223972043817411833e-05
1.089499863079860658e-05
1.040962207374226107e-05
1.012341797604676672e-05
9.933621758667261645e-06
9.815085203399575995e-06
9.711388740546074641e-06
9.634573573672848885e-06
9.565168196180215320e-06
9.501119570055985511e-06
9.447624416528317771e-06
9.404365970719178534e-06
9.347428662446569814e-06
9.298741850898295796e-06
9.256147904276683640e-06
9.228302799707913614e-06
9.198988660349035473e-06
9.169502420339388244e-06
9.147993507288750749e-06
9.142421147316781503e-06
9.159079239680067375e-06
9.110248876519715157e-06
9.083607694340873912e-06
9.067601251899758840e-06
9.054553565116900393e-06
9.041370053637366090e-06
9.032046693088583510e-06
9.029090560943587226e-06
9.018067048221686314e-06
9.009682039125739572e-06
9.005804960224850423e-06
9.005153803703554047e-06
8.999475738467784805e-06
8.996379884062359668e-06
8.997661598944735746e-06
8.995346051203039256e-06
8.990012477549194726e-06
8.986055937233079714e-06
8.983871651177348632e-06
8.982006723196414734e-06
8.981811741174775348e-06
8.979690084818988324e-06
8.980383214899727623e-06
8.975416724297247332e-06
8.976511493680542294e-06
8.972929733393659684e-06
8.973142396371258520e-06
8.977842847267918149e-06
8.973478397820144756e-06
8.967253271521259097e-06
1.043495516114489887e-05
9.255728596902676374e-06
9.177497457812932457e-06
9.137070786285525335e-06
9.112624135999188645e-06
9.084904835769217624e-06
9.067023325997069992e-06
9.048299463453682390e-06
9.256981333768029757e-06
9.084183163849957122e-06
9.052011119668652996e-06
9.030929720286924397e-06
9.019287859170314068e-06
9.008680786640373218e-06
9.003714225931010455e-06
8.993474941689783822e-06
8.987504998003714718e-06
8.984178925478167029e-06
8.978717049785700578e-06
8.973172552183919943e-06
8.969724987082373078e-06
8.970604377509515967e-06
8.966570397509107378e-06
8.964424688050106946e-06
8.960566943111795076e-06
8.961009777597913405e-06
8.956179847245948893e-06
8.955750592273640986e-06
8.955233463439071581e-06
8.954697305322649109e-06
8.952873607389240384e-06
8.950907670926728805e-06
8.951691312783320847e-06
8.951079381631643696e-06
8.949293121910765347e-06
8.948399021164732132e-06
8.947780137683973556e-06
8.946778555127821367e-06
8.948279144457653694e-06
8.945848492582323406e-06
8.946224462912748311e-06
8.945489098929708654e-06
8.942887749678144626e-06
8.943878492194320737e-06
8.944120647811359823e-06
8.941566750308994183e-06
8.942448257206100226e-06
8.943422079331260973e-06
8.939650420719165989e-06
8.938551835247683595e-06
8.938404652099053073e-06
8.945309414229995901e-06
8.941632943333388607e-06
8.938570791012048923e-06
8.935290275834026127e-06
8.936480255291219204e-06
8.941417233927494935e-06
8.938516126590911678e-06
8.933013062157139025e-06
8.934401742332436004e-06
8.937289846547476969e-06
8.934664275557225162e-06
8.936992144299437613e-06
8.935230659593193221e-06
8.935518991772065664e-06
8.935478440434963248e-06
8.934218853179723915e-06
8.934474573531285061e-06
8.936897281728305739e-06
8.933284719508568565e-06
8.930027483605348091e-06
8.932048460792430046e-06
8.934274517666078701e-06
8.929934006497812008e-06
8.928596067410883585e-06
8.927499069765568263e-06
8.933131384765147299e-06
8.931235212609560031e-06
8.928096552078083203e-06
8.929940014468229153e-06
8.927830881096573607e-06
8.925797014095829623e-06
8.928246575123922180e-06
8.926083090727842957e-06
8.928394532858873622e-06
8.930006574322154128e-06
8.932340995973694615e-06
8.930112954127860086e-06
8.926064460865744973e-06
8.926531035816272976e-06
8.922721745724023149e-06
8.926787024847726841e-06
8.924164084191944216e-06
8.925541585540486538e-06
8.929911066009784876e-06
8.925148157080305066e-06
8.925222997504534325e-06
8.920795580706908977e-06
8.921636182321889899e-06
8.923742327624495916e-06
8.922651664609778307e-06
8.925687307434297251e-06
8.923156262502136713e-06
8.922791482367149559e-06
8.920396230678307638e-06
8.920123095776943481e-06
8.921835504149081087e-06
8.917700153385036825e-06
8.920589233412101003e-06
8.920424880140369249e-06
8.923093854112570787e-06
8.921064221188620405e-06
8.921281441113630684e-06
8.924023642293832788e-06
8.924939966542902605e-06
8.919438879123239692e-06
8.917709138055822100e-06
8.916527013980157451e-06
8.918489147238991139e-06
8.917637733247830347e-06
8.919279890733378057e-06
8.915228181649582207e-06
8.913323483739077346e-06
8.918995402685445017e-06
8.913687416149211607e-06
8.916242336454160977e-06
8.955287694334401071e-06
1.256597876742186328e-05
1.046415667057469011e-05
9.918232721778016462e-06
9.708499927683078432e-06
9.563042577459176917e-06
9.470918764312348604e-06
9.413122341660103967e-06
9.364537192292724530e-06
9.321083644332853416e-06
9.285670429335369223e-06
9.251174256329856906e-06
9.217702405900733145e-06
9.186814213914355618e-06
9.158089484344600960e-06
9.132830615120231062e-06
9.113391873825094284e-06
9.093596855791474131e-06
9.072860731293985601e-06
9.059513173118224273e-06
9.041885636330941465e-06
9.028994718391913650e-06
9.014435484383890587e-06
9.006358137260880159e-06
8.995892527157896493e-06
8.986727044657527247e-06
8.978140199360495831e-06
8.969571593221796672e-06
8.961116787607655156e-06
8.954171124363104003e-06
8.952946377576153784e-06
8.950298464090640177e-06
8.948601580414106341e-06
8.943629613137697032e-06
8.942406958188561569e-06
8.939965628087520735e-06
8.938165526236238251e-06
8.936512441929759726e-06
8.933764080059821759e-06
8.931038379766202402e-06
8.927538584278711811e-06
8.926238321767716538e-06
8.924887265493452337e-06
8.926669161534543707e-06
8.924494946995765096e-06
8.923167472782248609e-06
8.923167921466302184e-06
8.919229699889304479e-06
8.920967630577554823e-06
8.919162379091479653e-06
8.920865535249808252e-06
8.917496785064334954e-06
8.917617606130079366e-06
8.916369491771547338e-06
8.916393836292021348e-06
8.916300581631730689e-06
8.914248328437678973e-06
8.912451991894462371e-06
8.910191731198816858e-06
8.910831734283420198e-06
8.911931752209057206e-06
8.917224425886160704e-06
8.912585274553445146e-06
8.908788706776250268e-06
8.910751972355986919e-06
8.909144656096638158e-06
8.909699973476866225e-06
8.909595614265223564e-06
8.909598448099131319e-06
8.903954065241729150e-06
8.903153002772038480e-06
8.903399947636596166e-06
8.910907843831713789e-06
8.903237660812615852e-06
8.906101785441932842e-06
8.905047566258873003e-06
8.900249369313921184e-06
8.905932059709205519e-06
8.904910816151338025e-06
8.904566698599106775e-06
8.902741798237912617e-06
8.901673364031619087e-06
8.900137905432832451e-06
8.902793456779060775e-06
8.903830460364285310e-06
8.906676422763363049e-06
9.944357061613118886e-06
9.538887902256949780e-06
9.299841571722330654e-06
9.197578801831696047e-06
9.135801836540242846e-06
9.098296742422461948e-06
9.063988444116450899e-06
9.042063655897436683e-06
9.024452725346539058e-06
9.003885807032930275e-06
8.989093834846547933e-06
8.978282145335470790e-06
8.960592957691914946e-06
8.951048056739334594e-06
8.942903646129707272e-06
8.935668717716300797e-06
8.932802190126191763e-06
8.926983293425412659e-06
8.925623109613904502e-06
8.923286282727833997e-06
8.921066567684951047e-06
8.917904116666856219e-06
8.915562398594071639e-06
8.914446221979232342e-06
8.913473040289924884e-06
8.912389980271957790e-06
8.908086482506404768e-06
8.914003888094158124e-06
8.907654270160491347e-06
8.902902724609399609e-06
8.904058933770405277e-06
8.901134702531028766e-06
8.901197945003029905e-06
8.905187633369374359e-06
8.904393052186302808e-06
8.906518302940943368e-06
8.900729428281313821e-06
8.903899306839472563e-06
8.901261102967812587e-06
8.896120884476962763e-06
8.897592064916656684e-06
8.897249993348546964e-06
8.894818100391906011e-06
8.898922165296122168e-06
8.898609433648137370e-06
8.896971781571968025e-06
8.897195265262780324e-06
8.893243719967358765e-06
8.894143096161618705e-06
8.891216797337620073e-06
8.894225099993491719e-06
8.917366192614888031e-06
8.901114171446048448e-06
8.895133790550365310e-06
8.891388868050853286e-06
8.895528168674596845e-06
8.895342632134390932e-06
8.890745466108758850e-06
8.895329289468160226e-06
8.889246416098710020e-06
8.894069283845358959e-06
8.889504690235601413e-06
8.891461889485678999e-06
8.886434878832005576e-06
8.886773812643393162e-06
8.885284936468451430e-06
8.887248063350246195e-06
8.889214729303300386e-06
8.888739343243893195e-06
8.887230214516723902e-06
8.919511363956189801e-06
9.076195990473934081e-06
8.932266675098314625e-06
8.910202965732121389e-06
8.901368790172152343e-06
8.893450427270485062e-06
8.890369776584824675e-06
8.891921036138228170e-06
8.890793909586136104e-06
8.891105781003715927e-06
8.888442309474460794e-06
8.889040461023492524e-06
8.886632146338039947e-06
8.886103183082620164e-06
8.886145114198976824e-06
8.886092869412702194e-06
8.885672051898534085e-06
8.887634639146805437e-06
8.888039603410410387e-06
8.885491767311275485e-06
8.889211820057122684e-06
8.888436760040955566e-06
8.886868613065720393e-06
8.888653887121715491e-06
8.883550331878117666e-06
8.883465395683743301e-06
8.885106178695422550e-06
8.883964699559025589e-06
8.883654061643634367e-06
8.881683919904996075e-06
8.883819508203789781e-06
8.884976072446685447e-06
8.880752560571635880e-06
8.884649792359293396e-06
8.887297413669633178e-06
8.889205906067824880e-06
8.888569590226325429e-06
8.883968774095289938e-06
8.957691727573547153e-06
8.973556480971941126e-06
8.916094477626757201e-06
8.901850959167253364e-06
8.890558671434215936e-06
8.892083268771481668e-06
8.891004841113195965e-06
8.886128531836826817e-06
8.888191278325999900e-06
8.887829682180382174e-06
8.891125877047063739e-06
8.882770439792389921e-06
8.886241006772858727e-06
8.885194055589333551e-06
8.884362638355013751e-06
8.887542375077828047e-06
8.884577811916945041e-06
8.903330848397671848e-06
8.886748502542711741e-06
8.879963476526123257e-06
8.883456978689233412e-06
8.884351861979667068e-06
8.881846997989366186e-06
8.880826862878166478e-06
8.888773141203880199e-06
8.882382171198818630e-06
8.885367417785043214e-06
8.881593997784875073e-06
8.879923952539077131e-06
8.887476170305793071e-06
8.889894698237791199e-06
8.879894939658091929e-06
8.878652296668103136e-06
8.876918725870078738e-06
8.883844105487999162e-06
8.877502977308420178e-06
8.877571048060417525e-06
8.880206764843024458e-06
8.879914655229489815e-06
8.879350304293135441e-06
8.880151392910799261e-06
8.875340195118041429e-06
8.877307026295966420e-06
8.877002176177484894e-06
8.879104287492130615e-06
8.880550851320852539e-06
8.877796265854460842e-06
8.878673889588148180e-06
8.877810873476240776e-06
8.876338857059332821e-06
8.879652297840341329e-06
8.879545179449147639e-06
8.876162930846475416e-06
8.873794539567825742e-06
8.878603188501679958e-06
8.879089614310942463e-06
8.877343199931905026e-06
8.877120997870709140e-06
8.881257375226899858e-06
1.044125922362582127e-05
1.049500452457626383e-05
9.838035890652462745e-06
9.617691899090157119e-06
1.294254943180324856e-05
9.654736627832486912e-06
9.457760400740274426e-06
9.365491262845655897e-06
9.306991194080182711e-06
9.264954833270167272e-06
9.232410983865216663e-06
9.205727167227450991e-06
9.188523385622223425e-06
9.173539774186187154e-06
9.161762723124411016e-06
9.145357010993392877e-06
9.122358245197877214e-06
9.101477241983956610e-06
9.081610142705661616e-06
9.063377578968356965e-06
9.043024610567347520e-06
9.027582849512328422e-06
9.009729008463789171e-06
8.997215995805163809e-06
8.983091253943105911e-06
8.974748819809974385e-06
8.960153268162685049e-06
8.956674080688269474e-06
8.946621347073839740e-06
8.939847850039465892e-06
9.097525957031394179e-06
9.040341423087738736e-06
8.970522347529671497e-06
8.954901751394573055e-06
8.948024687166859567e-06
8.935234006533695475e-06
8.924435611940376991e-06
8.916647055154195160e-06
8.916251382894795131e-06
8.910857245988761371e-06
8.909373630103800543e-06
8.905840011266264713e-06
8.902995288432672888e-06
8.903473256699119757e-06
8.902278603954982082e-06
8.901319730512114435e-06
8.902110155683354376e-06
8.897205799106207438e-06
8.895400630232566821e-06
8.891688002753047256e-06
8.895660544491571585e-06
8.897767202521814642e-06
8.891008642801049105e-06
9.003615285413010659e-06
8.907894468090186697e-06
8.897346538863834238e-06
8.894526818039594354e-06
8.898513793459036767e-06
8.892742635377240705e-06
8.886227027081380000e-06
8.886318914467968496e-06
8.891677654219165086e-06
8.890579764890087550e-06
8.882634798131524423e-06
8.889981464032340675e-06
8.886134827813899298e-06
8.884232364607669568e-06
8.882018117143767127e-06
8.888282386199837458e-06
8.881668821535033761e-06
8.895692388932729955e-06
8.883714067072408249e-06
8.881879307409689550e-06
8.877786961344705534e-06
8.881896906132170211e-06
8.880646940572964175e-06
8.879187485035799706e-06
8.882520157461234255e-06
8.874968088245320237e-06
8.878090085696991327e-06
8.874305312929210067e-06
8.873216965336419931e-06
8.874065978640524960e-06
8.875519604316650928e-06
8.873373930858481989e-06
8.871489139513263200e-06
8.878787273260968640e-06
8.878222229213860605e-06
8.869062536784137334e-06
8.875764522144890547e-06
8.873953443450470615e-06
8.871766704411735774e-06
8.871697683995686672e-06
8.873728774005940068e-06
8.872746844493425357e-06
8.874376562744146823e-06
8.869664457809751742e-06
8.870672468598665220e-06
8.870071857245420891e-06
8.868052881704595382e-06
8.869993490634441746e-06
8.873429677199358106e-06
8.866721273837659405e-06
8.872904424303365860e-06
8.873164077082644203e-06
8.865678274029656583e-06
8.864193722880978291e-06
8.865614857616795289e-06
8.868545281757178126e-06
8.873109879914409926e-06
8.872254544106301808e-06
8.882678088563503724e-06
8.870782111974525656e-06
8.864604207777423273e-06
8.867781295217961536e-06
8.865912602686876673e-06
8.864945926158421816e-06
8.866130220515818977e-06
8.868652861337977472e-06
8.863573449010193905e-06
8.862199365845905294e-06
8.862469951509410071e-06
8.861091168531251336e-06
8.863942285870507544e-06
8.867044726533398471e-06
8.866686168479040296e-06
8.859391706437235467e-06
8.864824169450002481e-06
8.866026946255562997e-06
8.860004054061695731e-06
8.875859897064705391e-06
1.714591365422772333e-05
1.037197326468230999e-05
9.741480698721716858e-06
9.511442990515205662e-06
9.387211556107406829e-06
9.311816220360925303e-06
9.255910274532652828e-06
9.219127094487096236e-06
9.186678917861475845e-06
9.160431451012604115e-06
9.147630857645101888e-06
9.140653443940513400e-06
9.132432516783713647e-06
9.123752528997404544e-06
9.105904895629161674e-06
9.086595939606922979e-06
9.066177271582395229e-06
9.052139244734765257e-06
9.036237145968091262e-06
9.018622687335664929e-06
9.004114929590892888e-06
8.991014421250535918e-06
8.984214249115514766e-06
8.991802267625341450e-06
8.972073078818236367e-06
8.961248432797219992e-06
8.953766362841027792e-06
8.988608097600566527e-06
8.953870717884153656e-06
8.931489484590807520e-06
8.923659331306529118e-06
8.915895806467233410e-06
8.915536617829881983e-06
8.907436140740780989e-06
8.903883214467593407e-06
8.900095239141591632e-06
8.899135164028848386e-06
8.893382404645913832e-06
8.892663380114148848e-06
8.885633330919518309e-06
8.885283101183934771e-06
8.887491544555814403e-06
8.886396218107013928e-06
8.883374833127770704e-06
8.878833892443556566e-06
8.879727183360348896e-06
8.879094860579546535e-06
8.877953321189125446e-06
8.878078671159527635e-06
8.871319791220836300e-06
8.873882125044474446e-06
8.873854763654284017e-06
8.870362378274876934e-06
8.875340304257406591e-06
8.866933729526256942e-06
8.865654799592447585e-06
8.868556251400150969e-06
8.862312890490405614e-06
8.863944523985386247e-06
8.860891839503892155e-06
8.862866735626084846e-06
8.862504378157609811e-06
8.861899088212036796e-06
8.859878752218719659e-06
8.863552305911071423e-06
8.865042428093753839e-06
8.866254881543985997e-06
8.861483809141646584e-06
8.858700677289259431e-06
8.855446126290189026e-06
8.853121272143956713e-06
8.861345620516657986e-06
8.860489465026452334e-06
8.855579933045495323e-06
8.858053488817555982e-06
8.864007050988219913e-06
8.862088640171350223e-06
8.860451617162349379e-06
8.857400595161379084e-06
8.853042293518835403e-06
8.859380994105473943e-06
8.853310096507508044e-06
8.862388499816612551e-06
8.863326485197831062e-06
8.855387778036553158e-06
8.858864426883882612e-06
8.854813797067133589e-06
8.855435208564206719e-06
8.856041738833178871e-06
8.850998937835660154e-06
8.849098673332870673e-06
8.851025763381888201e-06
8.854291523145245752e-06
8.851256991799042403e-06
8.856572901928909584e-06
8.855489927555026546e-06
8.855143754923725256e-06
8.854118137075299219e-06
8.850460407832845419e-06
8.846835757670609273e-06
9.596534126406670534e-06
9.331184395477976407e-06
9.163257340105701926e-06
9.086462706212235308e-06
9.036967373958759302e-06
9.009958520588648523e-06
8.987700655325169899e-06
2.652217028905094146e-05
1.184839566728138983e-05
1.095383011488593190e-05
1.050839571007600252e-05
1.020414373745855653e-05
9.972248427629893102e-06
9.786818266851089415e-06
9.638298925741157984e-06
9.519224747312667327e-06
9.427815337706609090e-06
9.352812149548602458e-06
9.291317122309313082e-06
9.238219535442718865e-06
9.192102234010234593e-06
9.155048722580735041e-06
9.127342112075591049e-06
9.104559038253986957e-06
9.091732279860782423e-06
9.079471846007436736e-06
9.079775754040990263e-06
9.064783754790066756e-06
9.045773979702669327e-06
9.032068580078581201e-06
9.013036654626679144e-06
8.992691338107761248e-06
8.972697614808566326e-06
8.956566427968936460e-06
8.941199945411426936e-06
8.922382781596145616e-06
8.956685754431721613e-06
8.916723591786043429e-06
8.901564882156284267e-06
8.890101441162793225e-06
8.880997043358244687e-06
8.878971721439180912e-06
8.880234768184891233e-06
8.874631101510506515e-06
8.873572258683756336e-06
8.874348037579692805e-06
8.871575878022970539e-06
8.867914470632361359e-06
8.867542847686612012e-06
8.862166232196008449e-06
8.862243687417503611e-06
8.861023077694578151e-06
8.862968184454682511e-06
8.860761276234067885e-06
8.859050849423510886e-06
8.856936438329890640e-06
8.853411844332488375e-06
8.863061060537802066e-06
8.863292926359160053e-06
8.856425185210051266e-06
8.855191144524117306e-06
8.851835527821094593e-06
8.846785795716035890e-06
8.851906060651042513e-06
8.850778000351056040e-06
8.848442508906372998e-06
8.855283948226618109e-06
8.851789816617383689e-06
8.848333094041056993e-06
8.848108154021853210e-06
8.849254995766387397e-06
8.852166746843674459e-06
8.846486700804234444e-06
8.850487268243037667e-06
8.854356776737404221e-06
8.850367961107015130e-06
8.851686494987613121e-06
8.848549884608776313e-06
8.851448407843539378e-06
8.846507297069668908e-06
8.842421242055327355e-06
8.841454665950246609e-06
8.841864687383349655e-06
8.840663641270414891e-06
8.850787094540162240e-06
8.844259934145763251e-06
8.848182983077397681e-06
8.847248381774381904e-06
8.848523161380702893e-06
8.843580968308136094e-06
8.839468755468260226e-06
8.840381487592216176e-06
8.837570266374920733e-06
8.838824262511480104e-06
8.842309832743921203e-06
8.840354474083747752e-06
8.837785032559015725e-06
8.838394641467554869e-06
8.841373212362668574e-06
8.846746428995781042e-06
8.848695537911529306e-06
8.847504849048467762e-06
8.844912929741137318e-06
8.839234624626138856e-06
8.840601167321437360e-06
8.834802840738121264e-06
8.835732626266689526e-06
8.839307211019332064e-06
8.840118233971831221e-06
8.840403323802092318e-06
8.842816725215623102e-06
8.837095528709444658e-06
8.834862965159118650e-06
8.837372955288932806e-06
8.840534258448921393e-06
8.853595581589009122e-06
8.840068001821540367e-06
8.837542341098014257e-06
8.838799832346922039e-06
8.835225965716139018e-06
8.832807012974324185e-06
8.833926744197621105e-06
8.837225606536474026e-06
8.837073234341612363e-06
8.834943352364159398e-06
8.832134684932194202e-06
8.833702541627037761e-06
8.833192886565181259e-06
8.836108737947748361e-06
8.832843037301547646e-06
8.833787161772003123e-06
8.830528914813839473e-06
8.832633927037629305e-06
8.832891932494627978e-06
8.839788058594422453e-06
8.833145968765166432e-06
8.837008005760556363e-06
8.836280621077700350e-06
8.829859391425997980e-06
8.842480625617099035e-06
8.834270241019719140e-06
8.837368485122472711e-06
8.833637951208098770e-06
8.835432409644756685e-06
8.833934227065280822e-06
8.837493205267794871e-06
8.835228174651395068e-06
8.830910861661322590e-06
8.834633798642243328e-06
8.828441465311698808e-06
8.830320900491036836e-06
8.828213732006891324e-06
8.835664239844238943e-06
8.831278529063032787e-06
8.834157273440724334e-06
8.832788961020317389e-06
8.833655761009140067e-06
8.826789318163719958e-06
8.827128280396815281e-06
8.833542735070901649e-06
8.837443213754644765e-06
8.832378195696340828e-06
8.829803994103712855e-06
8.833299538082429439e-06
8.839994295991952043e-06
8.834254452949608433e-06
8.829351963110335392e-06
8.828625248800866851e-06
8.825234256164548406e-06
8.826862278586608321e-06
8.824922221037922535e-06
8.825708813067952097e-06
8.831162114878073145e-06
8.832179946693941697e-06
8.829824940145651534e-06
8.826113478335174381e-06
8.832107150738010911e-06
8.860804483295699411e-06
8.843917927758107678e-06
8.831713320584336381e-06
8.823872468231760066e-06
8.826139417503024303e-06
8.832369612719048610e-06
8.826453068498570911e-06
8.825993738052299853e-06
8.826314076486596198e-06
8.826977982607786273e-06
8.828417578949180952e-06
8.834073393776028913e-06
8.827985594355898738e-06
8.828370273098092442e-06
8.826573258602366307e-06
8.828807233764261256e-06
8.828039915821742303e-06
8.830196895056967231e-06
8.828524355521949948e-06
8.822341171329146586e-06
8.828941586974299808e-06
8.829535524910169539e-06
8.828412248173360117e-06
8.826951515933009255e-06
8.828336957928209990e-06
8.830727047855664602e-06
8.825365415911316645e-06
8.826972718149288572e-06
8.827923340201474588e-06
8.825677702285853135e-06
8.827287504876343409e-06
8.829998226171179720e-06
8.828180259570217594e-06
8.829199655716972112e-06
8.822306857609874732e-06
8.822681857812616279e-06
8.826231025598948513e-06
8.822336531011387367e-06
8.822880339494076636e-06
8.825065317523694085e-06
8.822030129446526027e-06
8.824081634202229975e-06
8.824210988980969806e-06
8.821496517536313433e-06
8.822020689649434102e-06
8.823894129363907065e-06
8.825657817700023418e-06
8.827946295089836011e-06
8.822080912977980848e-06
8.823505458697885259e-06
8.822911958835295842e-06
8.821491702898734907e-06
8.938929994807646171e-06
8.862331093647904683e-06
8.839436547987134031e-06
8.835497890989548055e-06
8.833425519393738103e-06
8.827063459193595579e-06
8.824824636045984348e-06
8.827552690794012173e-06
8.830107423894636084e-06
8.833133387421791342e-06
8.826543135000975346e-06
8.826447886273550305e-06
8.832069607554633863e-06
8.825002781804869368e-06
8.820090873390047534e-06
8.824433653368638641e-06
8.825005999142376551e-06
8.822598151709826943e-06
8.821302659498541724e-06
8.824991925090822718e-06
8.824368674140714439e-06
8.824520641610433542e-06
8.827463040006477629e-06
9.005970646664233361e-06
8.884946637029618127e-06
8.862681762214681759e-06
8.834086700441428125e-06
8.829454099744300934e-06
8.828595711065644904e-06
8.822972035128865418e-06
9.809138614779536620e-06
9.514379935353644378e-06
9.379221227163725484e-06
9.166967297081404019e-06
9.095625938471129534e-06
9.048392246313597520e-06
9.007591703872700617e-06
8.986743662641552983e-06
8.961721156689843304e-06
8.942997865612293813e-06
8.926651526811231553e-06
8.908303483015819125e-06
8.896157346498512468e-06
8.886261356337855132e-06
8.876986502552123437e-06
8.866302185500292296e-06
8.859553624157948950e-06
8.853017488566668959e-06
8.850753833182049146e-06
8.846382622399080820e-06
8.845023478443181036e-06
8.842453371092535793e-06
1.049635106483037810e-05
8.992648836283479699e-06
8.912758906944873974e-06
8.899926591160086384e-06
8.897526278891139406e-06
8.900586282152289709e-06
8.886025244313107226e-06
8.879896356575044960e-06
8.873806231880128969e-06
8.860644321278717537e-06
8.893152844014669210e-06
8.861520630034647319e-06
8.851823461479094518e-06
8.845877040357663916e-06
8.839810725097171082e-06
8.836166732635320677e-06
8.836110385648983796e-06
8.831856331047068111e-06
8.831519415556007542e-06
8.834167964550942726e-06
8.828582092898310945e-06
8.831694746807745730e-06
8.828028048052752476e-06
8.826929967729786754e-06
8.830441797726962724e-06
8.898881963735523967e-06
8.871687807641137489e-06
8.841950388690140666e-06
8.836425607796626904e-06
8.826575673310798904e-06
8.822826451175085061e-06
8.824266339691651872e-06
8.830791542777661194e-06
8.824365449224085193e-06
8.822118670650525493e-06
8.825597122571101144e-06
8.823172183080410603e-06
8.826203071900332606e-06
8.828315045169194913e-06
8.827143728922237574e-06
8.827877022667963066e-06
8.825160076639804039e-06
8.826684845644195340e-06
1.100665265312272755e-05
9.513212201378944258e-06
9.234359008966445541e-06
9.122971029758748806e-06
9.056447301342510238e-06
9.015059928666839179e-06
8.984157875602250665e-06
8.964445832665054179e-06
8.943496392248561442e-06
8.932672723555394725e-06
8.924098172731950357e-06
8.912907462672592441e-06
8.893660383743433239e-06
8.883725444472171461e-06
8.877480158844264360e-06
8.868305884561778540e-06
8.862850786499620136e-06
8.864118961658581705e-06
8.854951004953667262e-06
8.847864157056998459e-06
8.847347639478661383e-06
8.843421024190927085e-06
8.841000120961931425e-06
8.842339348499686795e-06
8.836960298594930560e-06
8.835980578017673594e-06
8.910315776802236445e-06
8.851004423225580222e-06
8.836741629920652553e-06
8.866926557023664679e-06
8.839069928399111728e-06
8.830928468720836843e-06
8.828716544636943091e-06
8.830140824708602592e-06
8.829171473886769233e-06
8.828378546089272970e-06
