2.790170327466512585e-04
1.407942337664280772e-05
1.421717382754650316e-05
1.364218587999251566e-05
1.412269956745149156e-05
1.387511741313573946e-05
1.394961787203404380e-05
1.441954025570642694e-05
1.462045968537495375e-05
1.459874402750453202e-05
1.475696222314581946e-05
1.467926240593442398e-05
1.457678614921557452e-05
1.434796617862351325e-05
1.440012422259921184e-05
1.418638148076449126e-05
1.399154550881576061e-05
1.372897182742841968e-05
1.366594235605589381e-05
1.347224123567987875e-05
1.348564505027146288e-05
1.326513665238356598e-05
1.316440369691918022e-05
1.302265008045348283e-05
1.295983931034546289e-05
1.286964565868705280e-05
1.274744671983777729e-05
1.266061788366338702e-05
1.259062302210622902e-05
1.255337233146747119e-05
1.251010544289480638e-05
1.244277384557790390e-05
1.237981830324012330e-05
1.232647356080936652e-05
1.229438045811548323e-05
1.361561114511763065e-05
1.300315445519117950e-05
1.282615205544364743e-05
1.274724884979150334e-05
1.257659947289842645e-05
1.251860925322034745e-05
1.243264340663093567e-05
1.237450866976056768e-05
1.233384370683173332e-05
1.227596072036855472e-05
1.221239419540627975e-05
1.218359144445457760e-05
1.213661687302192088e-05
1.207981405855207481e-05
1.204006950122978515e-05
1.199587459268514033e-05
1.194233904319238094e-05
1.190654847012713977e-05
1.185476967862086827e-05
1.182480472986450592e-05
1.193085020531725543e-05
1.172658363846797621e-05
1.174616613980106147e-05
1.171037161914985898e-05
1.168626665958072462e-05
1.166637450978669242e-05
1.162539750945749422e-05
1.160625038096441070e-05
1.157111469638039064e-05
1.154649446713544041e-05
1.151549715359578800e-05
1.149473206207100410e-05
1.149396389943528176e-05
1.147818555333894200e-05
1.145391646900861863e-05
1.142839634515742817e-05
1.142374455904852393e-05
1.140554670390277704e-05
1.141053841176168671e-05
1.140649558654634626e-05
1.135663308787115993e-05
1.133591698779431030e-05
1.131507489769016264e-05
1.130590814454990262e-05
1.127480894638210850e-05
1.127302460986356884e-05
1.125401662723864605e-05
1.124486606120929774e-05
1.123483306817737006e-05
1.122946512775039754e-05
1.118155864408739361e-05
1.120049682413082262e-05
1.117491628557824317e-05
1.115901282029578024e-05
1.114957137891299912e-05
1.114394954659777157e-05
1.112089023232935335e-05
1.111500693127709342e-05
1.109573824275382030e-05
1.108074546967448740e-05
1.113213600622960529e-05
1.112165111408103318e-05
1.107353550651168984e-05
1.104093215872126084e-05
1.102887114863430351e-05
1.100068892583294587e-05
1.099133785563329510e-05
1.097483458844787126e-05
1.096026112729001988e-05
1.095091267567719773e-05
1.093446834943279100e-05
1.092637526312500921e-05
1.092557876404498475e-05
1.094120410281599704e-05
6.891739457387302320e-05
1.479893592052879563e-05
1.379486756150072290e-05
1.351536607368567940e-05
1.329764517474056189e-05
1.318897856587379105e-05
1.312554715999188619e-05
1.310297898877858269e-05
1.308692354541562909e-05
1.306495700608441737e-05
1.304476024946173644e-05
1.300854272396160699e-05
1.298318491459819305e-05
1.295044034729168390e-05
1.291996616979910482e-05
1.288655336414497754e-05
1.284090757962985690e-05
1.278014152755228434e-05
1.273235404596562128e-05
1.268727707535314711e-05
1.262313968557767410e-05
1.260258522544669842e-05
1.254834883260021675e-05
1.249587757001791033e-05
1.242304479319500442e-05
1.236283589757173762e-05
1.229472637722513592e-05
1.222182793677954320e-05
1.216213716209798213e-05
1.211265431152241863e-05
1.204769691260783814e-05
1.198680675959925189e-05
1.193130053593449709e-05
1.188114887971399415e-05
1.182665277118151967e-05
1.178747077650162655e-05
1.173979808148336184e-05
1.168691751028442610e-05
1.167743700420942400e-05
1.164408697718499678e-05
1.162630609693830335e-05
1.159863438412382140e-05
1.157761617870771037e-05
1.155669380902205898e-05
1.153128621467658302e-05
1.152102668091477664e-05
1.149880527767284772e-05
1.147968447298808253e-05
1.145874021403869887e-05
1.142983724397102663e-05
1.140890428852496099e-05
1.139338160442093876e-05
1.136912315511532814e-05
1.134318698329176811e-05
1.132460283732446781e-05
1.130720795799788855e-05
1.128466053766411875e-05
1.126954848549151698e-05
1.125284064263117582e-05
1.124748279797434671e-05
1.123514125197289023e-05
1.124653417946319597e-05
1.119492375930046086e-05
1.117532687734031534e-05
1.116623153052387352e-05
1.114961308151881304e-05
1.113380864884068873e-05
1.112389367979934241e-05
1.110154297331670674e-05
1.140762942706411867e-05
1.117453306316444095e-05
1.110524609733450499e-05
1.107216231654698820e-05
1.105637620905023765e-05
1.103170874860855564e-05
1.100950198178907185e-05
1.100081460056874981e-05
1.099226956853272054e-05
1.098538303267560042e-05
1.097721500286752491e-05
1.096795459526826338e-05
1.095266204591401593e-05
1.275364213597640560e-05
1.233494917869393316e-05
1.201740499103228415e-05
1.181279803745383112e-05
1.163308312887541813e-05
1.147993108550811810e-05
1.138297266190117354e-05
1.131853641785103983e-05
1.126862935279859765e-05
1.120606395640303719e-05
1.115636200173260741e-05
1.110956706459849936e-05
1.109355745938955799e-05
1.105966044330367904e-05
1.103555530448829874e-05
1.101390469746850844e-05
1.099458483963644478e-05
1.097706269698998468e-05
1.095852463132966212e-05
1.094141182647945229e-05
1.093466379150716706e-05
1.090927727659618588e-05
1.089505135231168675e-05
1.088627742054389606e-05
1.087188274141226450e-05
1.085061321911477182e-05
1.085042928480106557e-05
1.083463029203812726e-05
1.083289835037248890e-05
1.081864829454085861e-05
1.080702926704664992e-05
1.080163809660916680e-05
1.078098126905994486e-05
1.077744061755462764e-05
1.077057658979659589e-05
1.076009206447755264e-05
1.075423638023191056e-05
1.075103946467000567e-05
1.073258891589527240e-05
1.073232443521495362e-05
1.072182409416200176e-05
1.070844446379245086e-05
1.070523848473688548e-05
1.069360126128534233e-05
1.068570671880782723e-05
1.067321953238812729e-05
1.066626504249749536e-05
1.066926808941085866e-05
1.065182763189416884e-05
1.064395965348315536e-05
1.063727088800684832e-05
1.063476561853349335e-05
1.063229585952285581e-05
1.063618732246141048e-05
1.061736398886144649e-05
1.061460664421550376e-05
1.061971971466846346e-05
1.061137597086296185e-05
1.061169314539256461e-05
1.059490170026341180e-05
1.060342084997501001e-05
1.059018478789160618e-05
1.058310281829714530e-05
1.057738079566661286e-05
1.057880983770094882e-05
1.057163793158603434e-05
1.056700241444256484e-05
1.056151507289844875e-05
1.056518360883273918e-05
1.055871668503035224e-05
1.055164829040222753e-05
1.055385105587447415e-05
1.054386071208076265e-05
1.054685835129021211e-05
1.053201862456868768e-05
1.053666019705209061e-05
1.052702760603096895e-05
1.051687867781462684e-05
1.052168600836011993e-05
1.050695176938158178e-05
1.050959954682184555e-05
1.051441685073465667e-05
1.050441840675375749e-05
1.050164321441115977e-05
1.050248414533901499e-05
1.050128215827802122e-05
1.051481502258866351e-05
1.050679934602764281e-05
1.049534717177872676e-05
1.049975710808818511e-05
1.049601900490415587e-05
1.048938364381986856e-05
1.047596224452718229e-05
1.047437977528413047e-05
1.046801695451904386e-05
1.046174799171240072e-05
1.046553324385968126e-05
1.045037694780148740e-05
1.044554120350464174e-05
1.044461888454861839e-05
1.044141102473380059e-05
1.044085247068930272e-05
1.044276984885073034e-05
1.043183802456345191e-05
1.044458712954110511e-05
1.043643890739076630e-05
1.042724007334072734e-05
1.043270224727166324e-05
1.042240293638011959e-05
1.042980227149807141e-05
1.042829067766130374e-05
1.043504667184909848e-05
1.043037249435959309e-05
1.042181637520419223e-05
1.042127944136457985e-05
1.041596152125142263e-05
1.041410366838135808e-05
1.040311322337099003e-05
1.039384844830237880e-05
1.039343865651668917e-05
1.039456020142400385e-05
1.039108728453660083e-05
1.038578148571408204e-05
1.038907832215348588e-05
1.037162634095996889e-05
1.036723800666550239e-05
1.036673965510696391e-05
1.035140281070804705e-05
1.036828754574041049e-05
1.035450716017294407e-05
1.035566626455874892e-05
1.035117916633983821e-05
1.034642868868710682e-05
1.033391828514140750e-05
1.033793977777956204e-05
1.033583386970349320e-05
1.032700772270800290e-05
1.035368285405032342e-05
1.034291001701603764e-05
1.033739503327524208e-05
1.034602349591295913e-05
1.032736459781820737e-05
1.033002908684466045e-05
1.032302921544214769e-05
1.031475148010940709e-05
1.030912800198772633e-05
1.030302501135338348e-05
1.030492426063271299e-05
1.030938687525425204e-05
1.030128337333735510e-05
1.031301373814130865e-05
1.029243736904087723e-05
1.029248716766536202e-05
1.029032906975165520e-05
1.029426750695468779e-05
1.029099320514129954e-05
1.029368620455291658e-05
1.028584658570252887e-05
1.028979339745698509e-05
1.027469971025614792e-05
1.027124303239664546e-05
1.028231184970233420e-05
1.027103947535579169e-05
1.027442118015642370e-05
1.026688228762395806e-05
1.026461838970741698e-05
1.026481477538254748e-05
1.025802047858330060e-05
1.025552912134723223e-05
1.024665272969590070e-05
1.024402068348232877e-05
1.024619871524616042e-05
1.024507052306944429e-05
1.024334636705740765e-05
1.024337362840318143e-05
1.022890701051437625e-05
1.024231712714633187e-05
1.023312100073781087e-05
1.022991723402810681e-05
1.023467598505097449e-05
1.022247869514103466e-05
1.022439884839817065e-05
1.020497003044814188e-05
1.020499148808085031e-05
1.019658653376609396e-05
1.020039047754532136e-05
1.019605339441416842e-05
1.019683577737851024e-05
1.019805500580635840e-05
1.019273738165793434e-05
1.018718384064717075e-05
1.018003749625980407e-05
1.018697322554847565e-05
1.018402859093233338e-05
1.019333982071657327e-05
1.018018839166264434e-05
1.018144086098497230e-05
1.017275336835155051e-05
1.015971538777193873e-05
1.015480446805364965e-05
1.015725195657069007e-05
1.016387316402263681e-05
1.015859984439278643e-05
1.014360260531551192e-05
1.014243843125465521e-05
1.015573571711077739e-05
1.014914206583246861e-05
1.014594648040656541e-05
1.014539569193099512e-05
1.014580897390260314e-05
1.016974099949644980e-05
1.015655442301976957e-05
1.014397914559595019e-05
1.013450119558001461e-05
1.015990170799341238e-05
1.021634184667163983e-05
1.017475940405650736e-05
1.014092462772471995e-05
1.013349379566837600e-05
1.012704545208483449e-05
1.012173084670090906e-05
1.012565362467891279e-05
1.012028737022774348e-05
1.013311469781304646e-05
1.011644450348588478e-05
1.011866737485433926e-05
1.011560264828403942e-05
1.012454136343876605e-05
1.010578222083798596e-05
1.010250427649831805e-05
1.010987953047030450e-05
1.011053313504817123e-05
1.009969615552108681e-05
4.123949605400412327e-05
1.351878571199449673e-05
1.323099024451342628e-05
1.308100232373969169e-05
1.296296831848546071e-05
1.284828125411271156e-05
1.275126556947725408e-05
1.265751155945811993e-05
1.258384627552307752e-05
1.252063900324174083e-05
1.245921453232767878e-05
1.329117482555375325e-05
1.249756130505375115e-05
1.232297770191810993e-05
1.225778929854944541e-05
1.224370208054400194e-05
1.221440440872356710e-05
1.217015139294138292e-05
1.212147343608194165e-05
1.206793047648110044e-05
1.202545554140973173e-05
1.198208389458462324e-05
1.193619477514100003e-05
1.189700092519766916e-05
1.186061481727544268e-05
1.182759331527449844e-05
1.179605190031907141e-05
1.175685060161413350e-05
1.173075487637712849e-05
1.169053358542744956e-05
1.166129781987971686e-05
1.163398521650075705e-05
1.160017835521406033e-05
1.156995079857855040e-05
1.154114880174953757e-05
1.150399968120533889e-05
1.147744541034019954e-05
1.145263206960104655e-05
1.142018896151360735e-05
1.139707622504223153e-05
1.137073735321791840e-05
1.134772569874561139e-05
1.132761773154318934e-05
1.129794300140929341e-05
1.128727214146844392e-05
1.127331668347627199e-05
1.125114339856736451e-05
1.124019444773694010e-05
1.121729401916127312e-05
1.120424047144297301e-05
1.118396615765959804e-05
1.115890368813173378e-05
1.115284064932590497e-05
1.112767183637212540e-05
1.110715635832093614e-05
1.108218567575628796e-05
1.106255044343621825e-05
1.105553304000750372e-05
1.105157721364472974e-05
1.103531876272730411e-05
1.107284275083960316e-05
1.100032237332015993e-05
1.098832454810387165e-05
1.097645516362414718e-05
1.095815130724986375e-05
1.095557797953006182e-05
1.093008956900121161e-05
1.092213864922086968e-05
1.090206662562801875e-05
1.089224542852207439e-05
1.088183354947129102e-05
1.087290351013810696e-05
1.085571847700824342e-05
1.084850821371219422e-05
1.084098400686646881e-05
1.082953050778693686e-05
1.080479568562016851e-05
1.081206222465880314e-05
1.081305144149761513e-05
1.079807664988644910e-05
1.078568141110736178e-05
1.077573113623960390e-05
1.077274887772243054e-05
1.076506308739529598e-05
1.075534435244662705e-05
1.074817070275457727e-05
1.073331683983269606e-05
1.073280629422394295e-05
1.072517899009047461e-05
1.071950299281828325e-05
1.071579680456125061e-05
1.070877325598000181e-05
1.070154273596320655e-05
1.069122952041349666e-05
1.069342466280431863e-05
1.068635467542359683e-05
1.069071908242828226e-05
1.067101421123576651e-05
1.067440504243677349e-05
1.066263528855415636e-05
1.064613714864511479e-05
1.064382500089777669e-05
1.064443268963562664e-05
1.064658943467596390e-05
1.063559545665763543e-05
1.062349508136624801e-05
1.062141731911954886e-05
1.061583605974192263e-05
1.062098894787292533e-05
1.060080604020186076e-05
1.059881468487825836e-05
1.060085796742290164e-05
1.059228185643708810e-05
1.059251311213908274e-05
1.059670213635399691e-05
1.058524026764947305e-05
1.057550208656721218e-05
1.056192202554484484e-05
1.055881023565537606e-05
1.056052967593738353e-05
1.055885686772247353e-05
1.063602923447130381e-05
1.062318317697948619e-05
1.057331669206481162e-05
1.055472722176394526e-05
1.053458424697358447e-05
1.053237293225114084e-05
1.052287085940406514e-05
1.052548673859140118e-05
1.052311325831093872e-05
1.053596946765840877e-05
1.053296082507889294e-05
1.052774879857073186e-05
1.051247722519595558e-05
1.050809171601940748e-05
1.049164904998178827e-05
1.049316747336585283e-05
1.050479814504493863e-05
1.048872204440461491e-05
1.048953776148664433e-05
1.048794634054199093e-05
1.047068907155335162e-05
1.047014212569289768e-05
1.047003426227395979e-05
1.045919902139758064e-05
1.047007330271298984e-05
1.046670418039260190e-05
1.046080997184617377e-05
1.045648212880223521e-05
1.045715934234673772e-05
1.043980317983065744e-05
1.043266148409808696e-05
1.077311958359435605e-05
1.058259777551029435e-05
1.048636515558124926e-05
1.045550642099139371e-05
1.043042155288276202e-05
1.042668302905743456e-05
1.042303759883604206e-05
1.040719462366723808e-05
1.039982942264335471e-05
1.040183096279179153e-05
1.039187048566721713e-05
1.041776773035962908e-05
1.041117411053467922e-05
1.039351552776679414e-05
1.039658422693416116e-05
1.038952499963367462e-05
1.039086556299177322e-05
1.038292190742140492e-05
1.037713629898462359e-05
1.038058341085464602e-05
1.038520425443796990e-05
1.038838047369002537e-05
1.037182929167102036e-05
1.037279144497915729e-05
1.036636012221000186e-05
1.036446916638548448e-05
1.037010628465395725e-05
1.036819564054288413e-05
1.036639949309877350e-05
1.035017594896695843e-05
1.034593080059191027e-05
1.034229828633215295e-05
1.033921776524948594e-05
1.033445030429902470e-05
1.033277587566772140e-05
1.625536509171373361e-05
1.383811654780705183e-05
1.379821070713660467e-05
1.380079859851927383e-05
1.383528909627784688e-05
1.389048827528919670e-05
1.394188769381798947e-05
1.388250302322073014e-05
1.357711407308670453e-05
1.333669303903661764e-05
1.285881513733026385e-05
1.249992717589520833e-05
1.229775428366034825e-05
1.213706467903345325e-05
1.199757920024543040e-05
1.190321108538228132e-05
1.181872218315523628e-05
1.173921399261719915e-05
1.168557416197775909e-05
1.163804198426987575e-05
1.159492638635128949e-05
1.154963633666739083e-05
1.151970405241324185e-05
1.150375667142119045e-05
1.145973297866476134e-05
1.143455966295429545e-05
1.139612100397850188e-05
1.136966579034985124e-05
1.134843893510151261e-05
1.131076216703756153e-05
1.129664622984212975e-05
1.127053046692102054e-05
1.123840057933496969e-05
1.121489768896329590e-05
1.117817400048200717e-05
1.115523891295803498e-05
1.113715700550225460e-05
1.112402255898814399e-05
1.110783059440715730e-05
1.109742990479389846e-05
1.108620275469244550e-05
1.106139678275515874e-05
1.103430400841413526e-05
1.102313481737837719e-05
1.100276638718848184e-05
1.099180844031858737e-05
1.097901373062389470e-05
1.096529762852090508e-05
1.096098683168141423e-05
1.094271382271472282e-05
1.093317791476996134e-05
1.091650644601334785e-05
1.090963613326797095e-05
1.089102069689336830e-05
1.096315764698374598e-05
1.089652878969597385e-05
1.087371462062947069e-05
1.086752873978487840e-05
1.086079063914742850e-05
1.084729148033147862e-05
1.083384462693478157e-05
1.082835479830161243e-05
1.082205354578036431e-05
1.081636818601812979e-05
1.080372393782151217e-05
1.079088220080848205e-05
1.078188525260278203e-05
1.077999084183526622e-05
1.076467036530933347e-05
1.075877954690440708e-05
1.075159720850630689e-05
1.073546529823943342e-05
1.073110167036853977e-05
1.072843547641847832e-05
1.072185399493719153e-05
1.070476385166330201e-05
1.069656248546380091e-05
1.069586037715453110e-05
1.068392261837895237e-05
1.070394038492850066e-05
1.068694884793330830e-05
1.069167326780492034e-05
1.068214044721571520e-05
1.067569023462056012e-05
1.067450784641247700e-05
1.066022703677541996e-05
1.065785970733183332e-05
1.065206115602753382e-05
1.065379089974764346e-05
1.064790905464481756e-05
1.063839649949234952e-05
1.063793480398089674e-05
1.063133700995422334e-05
1.063185651863326114e-05
1.062897833435272292e-05
1.061934007869543525e-05
1.062287575488577740e-05
1.061824196843493535e-05
1.062063710492111649e-05
1.061648510964611589e-05
1.061119634641727323e-05
1.060720520285940458e-05
1.060569845283983639e-05
1.059818544301075758e-05
1.059331970433656026e-05
1.067923401251391638e-05
1.059447123869479827e-05
1.058713446089617176e-05
1.058089186888840577e-05
1.056901146171185233e-05
1.057129955711388855e-05
1.058501877575205716e-05
1.056807474924426087e-05
1.056957761231084763e-05
1.056065453174899977e-05
1.055317384877222811e-05
1.055375192019406938e-05
1.055114183524589611e-05
1.054291180973147336e-05
1.055064144035592644e-05
1.054619806571584703e-05
1.054175300131040168e-05
1.053594368878899962e-05
1.053808858841875917e-05
1.052811321718157425e-05
1.052332086298217047e-05
1.052102335658370751e-05
1.052308255263293808e-05
1.051132308058792422e-05
1.050071422696419183e-05
1.050369541076179262e-05
1.049583193093894867e-05
1.050058172912334409e-05
1.049071284038897551e-05
1.049371842138195237e-05
1.048641181796483498e-05
1.047443449010643181e-05
1.048406135585840587e-05
1.047221514454577145e-05
1.048300821291074166e-05
1.046777237623549266e-05
1.048114736628728434e-05
1.047094909912023834e-05
1.045383660008762171e-05
1.045907518459898711e-05
1.045273844321551875e-05
1.045166004625267876e-05
1.046146771576180323e-05
1.044539224570447276e-05
1.046171874312070309e-05
1.044797414351705736e-05
1.043961364568228188e-05
1.044875701836645055e-05
1.045319764822731153e-05
1.045913450563299838e-05
1.180646138360922734e-05
1.091238781403565920e-05
1.063916575238484602e-05
1.055105564849630680e-05
1.050562014484057693e-05
1.048248305096421925e-05
1.047686776056859072e-05
1.045525898121013516e-05
1.044410801720611472e-05
1.043711247196673269e-05
1.043375745590916905e-05
1.042410042790227880e-05
1.042352613164136175e-05
1.042900270552612052e-05
1.042906068808709652e-05
1.041993680890603438e-05
1.041927771287494857e-05
1.041634686960909058e-05
1.041922089939362195e-05
1.041639122793943361e-05
1.041104965035325873e-05
1.039535481064982907e-05
1.039968973903645109e-05
1.039572892523210571e-05
1.038930344482954087e-05
1.037794866609450126e-05
1.039739707304458235e-05
1.038219984555629022e-05
1.038736521801790087e-05
1.038780597847714231e-05
1.038673223926404364e-05
1.039083602298281499e-05
1.038623082270836092e-05
1.037191043944100519e-05
1.037743424603831880e-05
1.036816261641130651e-05
1.036390528838637631e-05
1.036690996594794871e-05
1.039070012628447615e-05
1.037175225216439339e-05
1.037999981159979672e-05
1.036011483355044525e-05
1.035302636978485741e-05
1.036183654264277714e-05
1.034639593247751039e-05
1.035250708014245976e-05
1.035976995960178671e-05
1.035106029992978973e-05
1.035790186961094144e-05
1.035462952889550557e-05
1.035172601480856754e-05
1.035043684244859168e-05
1.035254405981807653e-05
1.034854949201265686e-05
1.033867556619346264e-05
1.034626142579024160e-05
1.033638384872877667e-05
1.033866164865079025e-05
1.035080044592480909e-05
1.032640350672409093e-05
1.032473796840349610e-05
1.034599672417850044e-05
1.032946193125402097e-05
1.032065760000477860e-05
1.032118471622804117e-05
1.031280910297027704e-05
1.032131142740884821e-05
1.032421077335736001e-05
1.031027205840473464e-05
1.031610909232464714e-05
1.030973328170148354e-05
1.031110800075415119e-05
1.030503595529808074e-05
1.031050819544058501e-05
1.029969863111546208e-05
1.030493429614883397e-05
1.030862109132613080e-05
1.029715645813666843e-05
1.029933677273220301e-05
1.028797762387512166e-05
1.029404364809730966e-05
1.029173266450319091e-05
1.028376792002442695e-05
1.029309637677518693e-05
1.027853086535894078e-05
1.027961830648867695e-05
1.028730526210589816e-05
1.027470234475913390e-05
1.027308179800456910e-05
1.027478390862294608e-05
1.027078649447806488e-05
1.071752056229039776e-05
1.034671887282456818e-05
1.030391609788239232e-05
1.027908924318884051e-05
1.025969414551279082e-05
1.025969809461457690e-05
1.026678136251272646e-05
1.025425752648819390e-05
1.025475134269981984e-05
1.025720047058105871e-05
1.025331328378342814e-05
1.025316960484208945e-05
1.024710498465234833e-05
1.024921933700776751e-05
1.026001036810460724e-05
1.025448112879227393e-05
1.025131164548535348e-05
1.023286937197553871e-05
1.023296465064049624e-05
1.024932876513654882e-05
1.024308013901039254e-05
1.024685723450602402e-05
1.024370524608760485e-05
1.023267214312302957e-05
1.025273045835698823e-05
1.023814004232311475e-05
1.024087593350486754e-05
1.024037374880511698e-05
1.024404484686177294e-05
1.023489409628079292e-05
1.024420552766969256e-05
1.029264282275714078e-05
1.023362882051515071e-05
1.021996910102037201e-05
1.023061314905741452e-05
1.022152579669940047e-05
1.022439719235990163e-05
1.022794738332777336e-05
1.023036436284504287e-05
1.021641168714874393e-05
1.021912135115599146e-05
1.022960537246338702e-05
1.022540945579445810e-05
1.022723196077398228e-05
1.022464545144430364e-05
1.130222164041091063e-05
1.174441009273626510e-05
1.108480030476736483e-05
1.073740961790766308e-05
1.057661734535031442e-05
1.048075777210518393e-05
1.042434600587209008e-05
1.037201130126656316e-05
1.032456924500972260e-05
1.031908215736621087e-05
1.029847013834720859e-05
1.027836299423749273e-05
1.026468215362304621e-05
1.024770633383316887e-05
1.023939339575008455e-05
1.023208628074219911e-05
1.023452443253821375e-05
1.022345630227997967e-05
1.022501557107110099e-05
1.022704643901306472e-05
1.020997134863440175e-05
1.020903691255625677e-05
1.020230109171886031e-05
1.020697977272296523e-05
1.020633065081710729e-05
1.019968997184150869e-05
1.021082497042395130e-05
1.020707001885057307e-05
1.020771536635341662e-05
1.019368449685013478e-05
1.019549705612613883e-05
1.019303757440563201e-05
1.020154985819014268e-05
1.021195240620424183e-05
1.019188439045137804e-05
1.018737463899318232e-05
1.021235495727523893e-05
1.020545366486658120e-05
1.019664882619508757e-05
1.019810493933922235e-05
1.019894132506730499e-05
1.020647445405605527e-05
1.019285787341080614e-05
1.018699171292306903e-05
1.018446863743823379e-05
1.018371352226192052e-05
1.018044059340657767e-05
1.017778179478530798e-05
1.019025847313059819e-05
1.018623806582278779e-05
1.018693173440017982e-05
1.017953928529398968e-05
1.017274061496209409e-05
1.018061257695990207e-05
1.017335966632041720e-05
1.016367251584900497e-05
1.018333937584732918e-05
1.018485806450068289e-05
1.017467912409604956e-05
1.017704400055663414e-05
1.016949760355600988e-05
1.017319123169121056e-05
1.017470487947017929e-05
1.016455245614148877e-05
1.015715600639547778e-05
1.016802823755824695e-05
1.016472486071506885e-05
1.016638102669276048e-05
1.015288404990618197e-05
1.016054019222186383e-05
1.015899969085391339e-05
1.016445768868834353e-05
1.014953910574452826e-05
1.016105426401736683e-05
1.014555072970324593e-05
1.014420020699920613e-05
1.014878292342776448e-05
1.752924810413484662e-05
1.317704132134167580e-05
1.230901754790162722e-05
1.191587290842714273e-05
1.171130833237536196e-05
1.153576840958218503e-05
1.135165304276597507e-05
1.119669512642455344e-05
1.112291323655275168e-05
1.107690707802551881e-05
1.101449829017534821e-05
1.094409262236695213e-05
1.087634224556192524e-05
1.080413590216267059e-05
1.074881503048648829e-05
1.069014173898115885e-05
7.023148558497874683e-05
1.423486497363531597e-05
1.318946614901506069e-05
1.271765478653226990e-05
1.248134775172123451e-05
1.233077796200632231e-05
1.226440633748400845e-05
1.221581702187298330e-05
1.217021198499423904e-05
1.212722498697379176e-05
1.208739688005759252e-05
1.205031995027638961e-05
1.201345566149332918e-05
1.197631041198595458e-05
1.192708747832208789e-05
1.186415346448181142e-05
1.180580487925908549e-05
1.175347475130668839e-05
1.171411675954914217e-05
1.168432389060095985e-05
1.166275673123588366e-05
1.164078370758640332e-05
1.161232962014461654e-05
1.157883928309881093e-05
1.153467098333749197e-05
1.147662151083750366e-05
1.141914628457622406e-05
1.133348721054971927e-05
1.126693021433311454e-05
1.121127172571808272e-05
1.115151069105498494e-05
1.109743957461735957e-05
1.104887067223595852e-05
1.100195332242037626e-05
1.095515278166203616e-05
1.091316204300104230e-05
1.087135282659801244e-05
1.082888737262995463e-05
1.079272071062102081e-05
1.076158444372291892e-05
1.072726119711357223e-05
1.069845259091077165e-05
1.066998023020460163e-05
1.064986652712226043e-05
1.062170794170924630e-05
1.060050747203907488e-05
1.058078268063885199e-05
1.055730325902004565e-05
1.054201761689910132e-05
1.052224371960619492e-05
1.050185057541360296e-05
1.048427268794208980e-05
1.046741697791730958e-05
1.045438514173232225e-05
1.043956359050450068e-05
1.042305103510443634e-05
1.040934682653945225e-05
1.040233056831615023e-05
1.038900650731496409e-05
1.037456701131607927e-05
1.036700800227663422e-05
1.035885743249309578e-05
1.034899577045204459e-05
1.033546700455190182e-05
1.032773582740749894e-05
1.031974082214522519e-05
1.031034921614567189e-05
1.041360686561650567e-05
1.031745485230809894e-05
1.030376048826534933e-05
1.029235559409850441e-05
1.028479906797959560e-05
1.027599788055037267e-05
1.027453701415955418e-05
1.026412511805574448e-05
1.026095078335250417e-05
1.025601970316832465e-05
1.025131066323107550e-05
1.024509917783689168e-05
1.023948989162211926e-05
1.023469311955220000e-05
1.022819358089085056e-05
1.021989013831140805e-05
1.021067388023766351e-05
1.020863738782888205e-05
1.020196106802965602e-05
1.020401343680532598e-05
1.019203296853750863e-05
1.018624209374744739e-05
1.018301346789485177e-05
1.018381880612651077e-05
1.017696850756995697e-05
1.017355802711487354e-05
1.016977112916113807e-05
1.016372088580889449e-05
1.015893634644271508e-05
1.015911347622022691e-05
1.015452330875632524e-05
1.014991867426336604e-05
1.014469590548590756e-05
1.014348947213269055e-05
1.014310990096115904e-05
1.013764756407908862e-05
1.013048465817215931e-05
1.013211778248053986e-05
1.012596691831883312e-05
1.362893094058866426e-05
1.045577746898137144e-05
1.026238185697062906e-05
1.019887908910277447e-05
1.018016136905923080e-05
1.017783124401224432e-05
1.017838373021125668e-05
1.017468169076588935e-05
1.015913540337957458e-05
1.015657852159771875e-05
1.013647649680630563e-05
1.012588934751571972e-05
1.011975278288446175e-05
1.011036324598535362e-05
1.010305657246135545e-05
1.009671597482035137e-05
1.009182432615792339e-05
1.008749191934536286e-05
1.008048854373555487e-05
1.008103121989734118e-05
1.007638104624675240e-05
1.006942961339518688e-05
1.006867319423084507e-05
1.006908703251004539e-05
1.006959286996789140e-05
1.006235051931980679e-05
1.005800112807264742e-05
1.005057701794006165e-05
1.004741015663057678e-05
1.004774204640549819e-05
1.003931451009520997e-05
1.003843702543842197e-05
1.003563243746915115e-05
1.003493009079647857e-05
1.003545855041920813e-05
1.002737349949711561e-05
1.002963614534261700e-05
1.002003853689833161e-05
1.001801387322605730e-05
1.001634402276370857e-05
1.001669011467735413e-05
1.001286327020049381e-05
1.001321819141291219e-05
1.001131309105100274e-05
1.000234330566248289e-05
1.000598777636696529e-05
1.000611278035042599e-05
9.999426469372944069e-06
9.999969475605516211e-06
9.999081043664167492e-06
9.997603713903420802e-06
9.996007546154336753e-06
9.985052647986473396e-06
9.987851523192148713e-06
9.986147613669042327e-06
9.977999211135586902e-06
9.977724264823942957e-06
9.975391511716225271e-06
9.975762306642840105e-06
9.969703676991534033e-06
9.971813433746016533e-06
9.968790066447279479e-06
9.965152804625176602e-06
9.964411315195321046e-06
9.959774233720963889e-06
9.957775679746797771e-06
9.956413475720182082e-06
9.952690656594617556e-06
9.957640269628124512e-06
9.955708790509258384e-06
9.952682623482662859e-06
9.949235614688708285e-06
9.944522941320126290e-06
9.940419896565800124e-06
9.942093486188241581e-06
9.938089353909163241e-06
9.938303081753474612e-06
9.941745025419853262e-06
9.935963524109562507e-06
9.933597931042944859e-06
9.930722615460278589e-06
9.935433870775038566e-06
9.930099733992392904e-06
9.931439686473216632e-06
9.927623390998027551e-06
9.930081737744937676e-06
9.925813687535385915e-06
9.923603721896749122e-06
9.926483043803576093e-06
9.923409647475030994e-06
9.926044587018623269e-06
9.927409559319736801e-06
9.923016430851325074e-06
9.917504628068247747e-06
9.913640326431050198e-06
9.918269981881166499e-06
9.909351275988834636e-06
9.910483042858685921e-06
9.910469852911773934e-06
9.913410051846464549e-06
9.909151897318224588e-06
9.908619684514027160e-06
9.905890467128604732e-06
9.906980252101977807e-06
9.908638860451901632e-06
9.901977439312758682e-06
9.900272483112833389e-06
9.900146587066653017e-06
9.898373471060039361e-06
9.902204079708098271e-06
9.900283242056199666e-06
9.898254515216345790e-06
9.898601617427022997e-06
9.894739049514100703e-06
9.895137256232070056e-06
9.894774218916306665e-06
9.894154617313688572e-06
9.894189540015456476e-06
9.892472866871079558e-06
9.888253042618089646e-06
9.886222583569785266e-06
9.890843929269976323e-06
9.886135309595071310e-06
9.885469424186036909e-06
9.880614841222268906e-06
9.879590492497907200e-06
9.877913115587943506e-06
9.881634134671913032e-06
9.888651382728615101e-06
9.872397933274139394e-06
9.875884248913280452e-06
9.883592290786206980e-06
9.908034737312240015e-06
9.892454965362655199e-06
9.877816332088210918e-06
9.870712640728621451e-06
9.874766748225738479e-06
9.872221085818939663e-06
9.865055212306590726e-06
9.864860229527039811e-06
9.870274654228221097e-06
9.867938504536746903e-06
9.864424358359731931e-06
9.862935138850540754e-06
9.858271078731681067e-06
9.858777937855241823e-06
9.862528250247729823e-06
9.857837830319718611e-06
9.856776967656818357e-06
9.857896142951480444e-06
9.853543870500895346e-06
9.857416319694796842e-06
9.855015059656580318e-06
9.851702848209243615e-06
9.850442068379077192e-06
9.854179786164726491e-06
9.848003447056423296e-06
9.850019105215323276e-06
9.850923526073529230e-06
9.851085367624061237e-06
9.851335492309469861e-06
9.845233175459119755e-06
9.849386498596384069e-06
9.850541230965366649e-06
9.845027309059635817e-06
9.846836413771597205e-06
9.873821888580398842e-06
9.874864160792639568e-06
9.858044829040105511e-06
9.846511194382400893e-06
9.842545481433261924e-06
9.844556018758036106e-06
9.841322824210388487e-06
9.841708514765438591e-06
9.840853367298526614e-06
9.838020658510988564e-06
9.837957917776900523e-06
9.831746613144787397e-06
9.830641563818667985e-06
9.829205852156520150e-06
9.835150287926807419e-06
9.837108398566367295e-06
9.833693051935673955e-06
9.831377279851949831e-06
9.834428080921497759e-06
9.826346634630074583e-06
9.825746534109688473e-06
9.830805814393291041e-06
9.840142580515020499e-06
9.820518877177163727e-06
9.820958113853824948e-06
9.820380717352842018e-06
9.821313396211432328e-06
9.818886744975922887e-06
9.814856214992081013e-06
9.814169351708793235e-06
9.816243388058864958e-06
9.816798492086794414e-06
9.820678214964573814e-06
9.815509342085230665e-06
9.810536475924891149e-06
9.814064922011312339e-06
9.809914745725715278e-06
9.810450640467630813e-06
9.811069495147724194e-06
9.812034040426927535e-06
9.805778957646300536e-06
9.805152983138516957e-06
9.812559146666900069e-06
9.813000136394597466e-06
9.807209508683930048e-06
9.808706970867811807e-06
9.811529281857170890e-06
9.807492484696921729e-06
9.811210157977256295e-06
9.803357407539200206e-06
9.803097934385126953e-06
9.797851261434212752e-06
9.802170401750724061e-06
9.806682077548127462e-06
9.802178060454026144e-06
9.796967376587417133e-06
9.799616944595376710e-06
9.817452742784855979e-06
9.814066376823879072e-06
9.814415986208283466e-06
9.807122757668670628e-06
9.808561859093364437e-06
9.819705896537319140e-06
9.806055293211102998e-06
9.804859340268497824e-06
9.803817684238917753e-06
9.803228391926193023e-06
9.800138894888731788e-06
9.795440260707741120e-06
9.801012273555898194e-06
9.797531163637055460e-06
9.806229461067535056e-06
9.798977702833628985e-06
9.798082732004332452e-06
9.795684396370537756e-06
9.798240493713214326e-06
9.797825293465697635e-06
9.802156854448185796e-06
9.804799938516832515e-06
9.798719417707010262e-06
9.795659821065783035e-06
9.794465946697527312e-06
9.789154015606982081e-06
9.788372217371943678e-06
9.797029702743505965e-06
9.791691553573400597e-06
9.792155972642528684e-06
9.791317647795950003e-06
9.791348260250742829e-06
9.786869541888639838e-06
9.786741676407473482e-06
9.796115983059886249e-06
9.791330522830321977e-06
9.792864929825857994e-06
9.786513520566587267e-06
9.790177909962948665e-06
9.801257302418283490e-06
9.792588428278274897e-06
9.793367551840977340e-06
9.789560888293635663e-06
9.796568096665699959e-06
9.782562591074868904e-06
9.788316476715409108e-06
9.790534717997918473e-06
9.789297027206581104e-06
9.782449050514211236e-06
9.784447303597214172e-06
9.781298311584881510e-06
9.780303347497465574e-06
9.780085144939221548e-06
9.784869124208247631e-06
9.781395090916097303e-06
9.793375699776637051e-06
9.779219275666643774e-06
9.788399895190498873e-06
9.779035139748277778e-06
9.778886465028335806e-06
9.779171526815844931e-06
9.784077566337145575e-06
1.000217559029200307e-05
9.854067743617633349e-06
9.803507725033947594e-06
9.779315826866270901e-06
9.781034324305437147e-06
9.778792635112646005e-06
9.771654940777807903e-06
9.774800701431256549e-06
9.778319764185047216e-06
9.769450010708168616e-06
9.782319262209663649e-06
9.773854932291215140e-06
9.773529384726013509e-06
9.772304163864949789e-06
9.774518903592857667e-06
9.772329663822650408e-06
9.771782506883634135e-06
9.768001340262345269e-06
9.767136986814269886e-06
9.765001732754778811e-06
9.766745660044761512e-06
9.766846585155993112e-06
9.767874843570704133e-06
9.769346005062592896e-06
9.769694901630525250e-06
9.763804395864402597e-06
9.769156266656863844e-06
9.770794339374333097e-06
9.768024819247026828e-06
9.763054857785390759e-06
9.761420642462326214e-06
9.776063379452655804e-06
9.762216424557360140e-06
9.760265510673586857e-06
9.761705584120742847e-06
9.766168545866094064e-06
9.762830574876109143e-06
9.763171301528927125e-06
9.764367918023709236e-06
9.765547763057231975e-06
9.758158773441512820e-06
9.759575152656908126e-06
9.784202934876398851e-06
9.836479358682482027e-06
9.773627979636027581e-06
9.764105543202580343e-06
9.752135993797612595e-06
9.750166990064220506e-06
9.751883502910156643e-06
9.759103213203464076e-06
9.753478025610698996e-06
9.758652073135938993e-06
9.751453953867894394e-06
9.755580974418383503e-06
9.754361439036074850e-06
9.746598555769499724e-06
9.749146710191779907e-06
9.747440602344189037e-06
9.746403935650960871e-06
9.748712153623273819e-06
9.748800165425563978e-06
9.759802839729066621e-06
9.750695597858794527e-06
9.752342707921949426e-06
9.747365855143167590e-06
9.749524300938598110e-06
9.747047366772676266e-06
9.744929474588086136e-06
9.746614230152772710e-06
9.747983759401297686e-06
9.744613765860777444e-06
9.740894064786213282e-06
9.746151145009207336e-06
9.742501913099961699e-06
9.746926004178627925e-06
9.742213696502707493e-06
9.744147088213139050e-06
9.742603178134837477e-06
9.740794949948394178e-06
9.747082103028030238e-06
9.741521524423053541e-06
9.743194723341730965e-06
9.743055586568517056e-06
9.748176122078196915e-06
9.743710205232976464e-06
9.741365538502577421e-06
9.739242081726236244e-06
9.742656102010490628e-06
9.741322174174152923e-06
9.744387650319671213e-06
9.741350597020452314e-06
9.739249446738539750e-06
9.741648228024738518e-06
9.740773539685202033e-06
9.737221665015265070e-06
9.752198699288784059e-06
9.741641732716744260e-06
9.742789650696674077e-06
9.749632805172345050e-06
9.741458601032112601e-06
9.736795819511219824e-06
9.732157620495248066e-06
9.735803300448728125e-06
9.734686520914693478e-06
9.740168331215196278e-06
9.741948500732178692e-06
9.737551614155867381e-06
9.736262288697617031e-06
9.744961243995930322e-06
9.731468762765871835e-06
9.744221963501330816e-06
9.738105018565572561e-06
9.739083408627872081e-06
9.734763920050681308e-06
9.729443032711060233e-06
9.732800040183064519e-06
9.729103713880250161e-06
9.724496792387071222e-06
9.736736244197648430e-06
9.733931601279740951e-06
9.726270832288719248e-06
9.728796697269597154e-06
9.733839720714361295e-06
9.738569951499206675e-06
9.731988243023200207e-06
9.734283458631884085e-06
9.725786167109618370e-06
9.732506044125935904e-06
9.734631040222060578e-06
9.724778589846512646e-06
9.718831802653464717e-06
9.722968900405249538e-06
9.726279672198263632e-06
9.730352604719883625e-06
9.738382415207524833e-06
9.729572399237440618e-06
9.720803069133883908e-06
9.726356728757915241e-06
9.722024218490332782e-06
9.725322015962471474e-06
9.719270343945632609e-06
9.725723141779478567e-06
9.716941092013560647e-06
9.714125216078173388e-06
9.714062382878789064e-06
9.716555377963231131e-06
9.720232350597749830e-06
9.718167115124743189e-06
9.719771346302271881e-06
9.722659736250231901e-06
9.722029650068483492e-06
9.716172542084677843e-06
9.716578310493180436e-06
9.715042159162597598e-06
9.719427572084290076e-06
9.719048327572939126e-06
9.712780320493645051e-06
9.709449819107854543e-06
9.712225602622008761e-06
9.713540494355281171e-06
9.709869655125657892e-06
9.726585491307559531e-06
9.718162957976044287e-06
9.703659990615658138e-06
9.703277249855091484e-06
9.716688522303229479e-06
9.709329697216162797e-06
9.709188877119837724e-06
9.710820473856073641e-06
9.716479953188657609e-06
9.716930553622660973e-06
9.702920483126338953e-06
9.716970768067767020e-06
9.711985054157897668e-06
9.717852255638112141e-06
9.706833840634013379e-06
9.710181870256444619e-06
9.723649466195638389e-06
9.712299309588464378e-06
9.709241946514643294e-06
9.712430947577862915e-06
9.701310778685486510e-06
9.701321855951998069e-06
9.702708206305033284e-06
9.697818239449891722e-06
9.708825620009520953e-06
9.712650708024739830e-06
9.701939789010793360e-06
9.698767133841101489e-06
9.703625431711771282e-06
9.704415247142605339e-06
9.699838781216385406e-06
9.706321131185784214e-06
9.701066932924125725e-06
9.699057520341132442e-06
9.697279336554250818e-06
9.697400007553370251e-06
9.704177932690072000e-06
9.701259270968876555e-06
9.697835095418364467e-06
9.710129905518745803e-06
9.702448611884998553e-06
9.705231797549155064e-06
9.692874707904289649e-06
9.693459732034171494e-06
9.704347069903936570e-06
9.700990689225364504e-06
9.695432400273299589e-06
9.694625233578336152e-06
9.693197760801316174e-06
9.699090235623467353e-06
9.693253578385943749e-06
9.688536497757619525e-06
9.687919729609955117e-06
9.716687888688586725e-06
9.709831584435353748e-06
9.691233159022278836e-06
9.700159596377488992e-06
9.702210459560470663e-06
9.700211076051345281e-06
9.702193078737764560e-06
9.697054036526727019e-06
9.693031119392495697e-06
9.696422256411097574e-06
9.696051747596357560e-06
9.692993395447046265e-06
9.689554099926074660e-06
9.689881914406820189e-06
9.690529254460973369e-06
9.701115036098903038e-06
9.703088119294989494e-06
9.697667053766659837e-06
9.690203346887453416e-06
9.689298130221383410e-06
9.686650321327760710e-06
9.697190265948545435e-06
9.694013945136248570e-06
9.688647003258665452e-06
9.687722722446778179e-06
9.694135317962112713e-06
9.688275213951176319e-06
9.700249907306593512e-06
9.693739012088068235e-06
9.683709455051333820e-06
9.696327120612598726e-06
9.694630541616789104e-06
9.699405685523743362e-06
9.697890901255353183e-06
9.699342121317991675e-06
9.691055515380260984e-06
9.681808254526913651e-06
9.688795846993040949e-06
9.689419336685507766e-06
9.708650931088413181e-06
9.705662241306830723e-06
9.711430625808739771e-06
9.689705400433013254e-06
9.686253862355443444e-06
9.696035125443813334e-06
9.693357938734455397e-06
9.692629256505823929e-06
9.690007450444682239e-06
9.694045977539645623e-06
9.706129851944448608e-06
9.685551604358504424e-06
9.694314737771492083e-06
9.694353761536453251e-06
9.695867561276827473e-06
9.688198630707726684e-06
9.691291815746201643e-06
9.690293440295742530e-06
9.690096119735850329e-06
9.694339956543747902e-06
9.695946683905276451e-06
9.687962594095248726e-06
9.682040991189448179e-06
9.685754193545411121e-06
9.689471565176669283e-06
9.698248784009895563e-06
9.692136349409943998e-06
9.682883224210551423e-06
9.689799675243193904e-06
9.683322432844458977e-06
9.681978319804329387e-06
9.682891247469646082e-06
9.694053815110237880e-06
9.691578183037564051e-06
9.687745739862900011e-06
9.682593030220231712e-06
9.685846395086628103e-06
9.690583512262189233e-06
9.684461207749943255e-06
9.681430931323120874e-06
9.684771002108998378e-06
9.680203264300265623e-06
9.680680415158349545e-06
9.687867036518582676e-06
9.693482871474164638e-06
9.686582729576305190e-06
9.683245801852535602e-06
9.690225123980174417e-06
9.684484046298773218e-06
9.692764828059806956e-06
9.682367865480046224e-06
9.689299602465932244e-06
9.678266478658769601e-06
9.677437902079569785e-06
9.680257021121481612e-06
9.678188746799302198e-06
9.678873861579026359e-06
9.685133985991948175e-06
9.691793080340478864e-06
9.680587983211807616e-06
9.680719003881676512e-06
9.686317247693901569e-06
9.680852835269131208e-06
9.680782822745944086e-06
9.681904340747375784e-06
9.677328024129867607e-06
9.680205445192768007e-06
9.682924147303614409e-06
9.678056920089753450e-06
9.679078263313081832e-06
9.681813812297454164e-06
9.675183189301606441e-06
9.673224060785892854e-06
1.059129280974957523e-05
9.884356609669945685e-06
9.747914571865597268e-06
9.714030772253560907e-06
9.703659330095130704e-06
9.695389893143632257e-06
9.689964995232003750e-06
9.681239614565129023e-06
9.683694730332110897e-06
9.687634249833839822e-06
9.682422159661049346e-06
9.680182387607297887e-06
9.673997655378721672e-06
9.687084111268025400e-06
9.684989180035094005e-06
9.683512776064162202e-06
9.669757931381657917e-06
9.671572260761726174e-06
9.671254595104983580e-06
9.669919740720919461e-06
9.679295262685627202e-06
9.673615019967959149e-06
9.674868761446002633e-06
9.668699194662621702e-06
9.665010877218567712e-06
9.677158485980423203e-06
9.662571817443677737e-06
9.661406964672399959e-06
9.666291295313081557e-06
9.676835649088389026e-06
9.674710954641340757e-06
9.673947403901668202e-06
9.678238024738068735e-06
9.676104355473095229e-06
9.671940281729499923e-06
9.669949873417257237e-06
9.666705491705821369e-06
9.665148753583708340e-06
9.662335486003333909e-06
9.669597244510440992e-06
9.652450640184421100e-06
9.655181070987357985e-06
9.664350192603403310e-06
9.669716430380503744e-06
9.677303735694900929e-06
9.672589324812482647e-06
9.658905275576519996e-06
9.660260361670226003e-06
9.680480611298965333e-06
9.678225124313636835e-06
9.673353560325873577e-06
9.658204824063432441e-06
9.661924595244879074e-06
9.665065968344303872e-06
9.651141646145333381e-06
9.657568408935427866e-06
9.661553323212501235e-06
9.670742796667279245e-06
9.668956328899488070e-06
9.664637787712611078e-06
9.660791812014698829e-06
9.667031562988389064e-06
9.659128079420042245e-06
9.648203365865507200e-06
9.660261288975865640e-06
9.662317916460475901e-06
9.659731102450071363e-06
9.662291823436438274e-06
9.656805746089958188e-06
9.660845285376732042e-06
9.657275356100096238e-06
9.657818862175797573e-06
9.670942137442277285e-06
1.073470471396831319e-05
9.869633156540658499e-06
9.736739184897185066e-06
9.705122123098893153e-06
9.701113687015094504e-06
9.687013836886156093e-06
9.680295466220438370e-06
9.667282734729572359e-06
9.668806796601833167e-06
9.656259363358307070e-06
9.662124193710042503e-06
9.660664366037963394e-06
9.666176469712202209e-06
9.665604554053666787e-06
9.658150790225286753e-06
9.656220354372635958e-06
9.653045792295718511e-06
9.651043329010160538e-06
9.650708147622329294e-06
9.649745043134317547e-06
9.642164651116520791e-06
9.640924367507372179e-06
9.643376093890765536e-06
9.649579637501421952e-06
9.648622449276444290e-06
9.641485113434101453e-06
9.650741251334693651e-06
9.654899321655344372e-06
9.651500131440115347e-06
9.653901298255125753e-06
9.643647707662239825e-06
9.637677200847367896e-06
9.644609767747170639e-06
9.647656302528654504e-06
9.643151239515645808e-06
9.647906640945317502e-06
9.646487811399613870e-06
9.651560716292806861e-06
9.649058945342403875e-06
9.642403191492122363e-06
9.650339282340306225e-06
9.643977801564081333e-06
9.644982620026591792e-06
9.639007318658817175e-06
9.644348371769714462e-06
9.651629035640022782e-06
9.646826036184090447e-06
9.642154520482411486e-06
9.635363913578960535e-06
9.657593622402297902e-06
9.642417145793539469e-06
9.641004733111912338e-06
9.643207439845961283e-06
9.649312097887256248e-06
9.643977270646548970e-06
9.645060499299992131e-06
9.641090204013380097e-06
9.643099158817372991e-06
9.641280634392993822e-06
9.637070204462361764e-06
9.636651816435914613e-06
9.634949786535193359e-06
9.631941621440394611e-06
9.636239421221640483e-06
9.639072150472808442e-06
9.639930885517363420e-06
9.647660183418338623e-06
9.646760176262129667e-06
9.642958024945376890e-06
9.641741525001634050e-06
9.646720548062148398e-06
9.636034743986480062e-06
9.642665029332419887e-06
9.636909324702476137e-06
9.639315975391581860e-06
9.638673940723189586e-06
9.634265021153017649e-06
9.632876853705359403e-06
1.080729358363896690e-05
1.052061478162613592e-05
1.014216586099792032e-05
1.000377799111144342e-05
9.921978814873000916e-06
9.857163240667432208e-06
9.822280656711275684e-06
9.788994668345671110e-06
9.767962122471848108e-06
9.740126679768461361e-06
9.731669325674375382e-06
9.712374580127894431e-06
9.700122872497255407e-06
9.700264864704877661e-06
9.684875763393089860e-06
9.682941724804550244e-06
9.670455280380944998e-06
9.665823373552484690e-06
9.665035938345074794e-06
9.659647447885315105e-06
9.654831983804494904e-06
9.643840542518470347e-06
9.652024670003810802e-06
9.640716013639879435e-06
9.638108392285479797e-06
9.647449426590052140e-06
9.643377181873801719e-06
9.641481778620193823e-06
9.645874079069472731e-06
9.642520118025761587e-06
9.638692034362369423e-06
9.627280898788134598e-06
9.633520525464215546e-06
9.680584401697463621e-06
9.634911998167203004e-06
9.628883140067045704e-06
9.636259386146170166e-06
9.633450572816096787e-06
9.628060234945224122e-06
9.630184201796510295e-06
9.658597908810407010e-06
9.635302610225457128e-06
9.633240523119942491e-06
9.632247931297872889e-06
9.621215656352433821e-06
9.626915426679261077e-06
9.627318574606154525e-06
9.626885300804133836e-06
9.652561186612728538e-06
9.626214343067355519e-06
9.623213951120609797e-06
9.627156964218860688e-06
9.632116164084436740e-06
9.623533843902502071e-06
9.628979884534297296e-06
9.626165354272113304e-06
9.624834876073388244e-06
9.627996180749201583e-06
9.622440672577188287e-06
9.615293162141825130e-06
9.617333800330622390e-06
9.632397646631338150e-06
9.626841089508767974e-06
9.624914105188508645e-06
9.623070138407759246e-06
9.625568233104785673e-06
9.625568795096721205e-06
9.629271671656169861e-06
9.619987856315978232e-06
9.622910062034861428e-06
9.628768671821792634e-06
9.623417296324988021e-06
9.619128428539625359e-06
9.620703999644319179e-06
9.614597471833500814e-06
9.611981428179205503e-06
9.611469550918627647e-06
9.614944242078611670e-06
9.609926363130702386e-06
9.615289471867071737e-06
9.616326356839030226e-06
9.615641834746687308e-06
9.610960465048871282e-06
9.621850693217008903e-06
9.613453498407882817e-06
9.607132589432391945e-06
9.612258673617665502e-06
9.612727673508440209e-06
9.608661614871987273e-06
9.618058640702050735e-06
9.617177463496773068e-06
9.615781192072366126e-06
9.608997584867514575e-06
9.614942637578375722e-06
9.622957223124710741e-06
9.628069656931378183e-06
9.612762784930358324e-06
1.145980950241210007e-05
1.021236727903366643e-05
9.947827680131619076e-06
9.851940940279745683e-06
9.811308499744579231e-06
9.807009584316499275e-06
9.759675972418335597e-06
9.737340487466402539e-06
9.713663529661669110e-06
9.699368848714585279e-06
9.691472741527225061e-06
9.678803067269352019e-06
9.671118158394165559e-06
9.667142095774277128e-06
9.659090914813836301e-06
9.653540368314377008e-06
9.644827113106657499e-06
9.638585916036389886e-06
9.636731336589339852e-06
9.631441168191183025e-06
9.626877168405675709e-06
9.625245522405142994e-06
9.632342154948976226e-06
9.625541136225971168e-06
9.626481012598257905e-06
9.633912969775338520e-06
9.615647005224067361e-06
9.615214059598050297e-06
9.620480696715579265e-06
9.619880061109142302e-06
9.609743838533782873e-06
9.635279799340423372e-06
1.256709143490297733e-05
1.054734009282280269e-05
1.019147220669462201e-05
1.002166807514489222e-05
9.932511417597804089e-06
9.858791314627523506e-06
9.808768183650802834e-06
9.778586241585192430e-06
9.759294753924526103e-06
9.697453755279639425e-06
9.678194276148133280e-06
9.660207986144087316e-06
9.640394612612605141e-06
9.631061762623479766e-06
9.616692268537008813e-06
9.609435447828218864e-06
9.597521516676958607e-06
9.584649557154989859e-06
9.576263145542422684e-06
9.567346177542882871e-06
9.564904806893537983e-06
9.558246173734611257e-06
9.554727995843373964e-06
9.549869111348621934e-06
9.544969631178900707e-06
9.544243373511563568e-06
9.540127670106813543e-06
9.535097632730563664e-06
9.535638841953186919e-06
9.531312509049409202e-06
9.529492273638122662e-06
9.526349435115359564e-06
9.528184532806941925e-06
9.523734972087065026e-06
9.521745820014378825e-06
9.521688959921447446e-06
9.516471739061671135e-06
9.514492691854078548e-06
9.513795419403928708e-06
9.514733989514448939e-06
9.512210212581824757e-06
9.512159576085347108e-06
9.508635057879170555e-06
9.506943639507880949e-06
9.508870004234874356e-06
9.505566977168200470e-06
9.508489722141651314e-06
9.507030153296606583e-06
9.503756020497651852e-06
9.501565895485933761e-06
9.501826184532546904e-06
9.501700808035214106e-06
9.506931387856335929e-06
9.504481642655567415e-06
9.501295691431247897e-06
9.501444155451584998e-06
9.501812353012914334e-06
9.499378854419168446e-06
9.495183953352655259e-06
9.495482023188136695e-06
9.495233064171770482e-06
9.493215403229745070e-06
9.491913388804580913e-06
9.495171107497905939e-06
9.496474852236740083e-06
9.492758698570468939e-06
9.488756969631140101e-06
9.492136393494851384e-06
9.488823163792403512e-06
9.489507516491357142e-06
9.489906108986663897e-06
9.497462319435119468e-06
9.492130648898941176e-06
9.487492753426826338e-06
9.488101176202689774e-06
9.485134719777003955e-06
9.483439577782823201e-06
1.039709877469855818e-05
9.863888996051173511e-06
9.682396256494030918e-06
9.639314680498500143e-06
9.607158205729622331e-06
9.585973452885810159e-06
9.567479912296524488e-06
9.572094222676242109e-06
9.543641130752196917e-06
9.532478234935599801e-06
9.521654898207997740e-06
9.514845961954657917e-06
9.504232702208052289e-06
9.499923536774683758e-06
9.498244157460552091e-06
9.495226500272716810e-06
9.492599721170336328e-06
9.489540993096549362e-06
9.489371979801338315e-06
9.543081138190245431e-06
9.498587219619973384e-06
9.490639018091920974e-06
9.487696621590657403e-06
9.484125568330152228e-06
9.482098937117674139e-06
9.480191492533170331e-06
9.479117211791769423e-06
9.475320705026510202e-06
9.475282422499730505e-06
9.476443292821082760e-06
9.477833989800880311e-06
9.476294158806315647e-06
9.476903085593828461e-06
9.476020957966587509e-06
9.474708914467555452e-06
9.474060879407868096e-06
9.469546373945073736e-06
9.471904002869753559e-06
9.473152122533671371e-06
9.476232147183812760e-06
9.477801818699541374e-06
9.472715656405247662e-06
9.467250591418026001e-06
9.471335908983747115e-06
9.470895406214671066e-06
9.468142014839031211e-06
9.471185731323808905e-06
9.468006882874154944e-06
9.468602142230035307e-06
9.470140333102486599e-06
9.469356773858332498e-06
9.466142897736062268e-06
9.466048494459755535e-06
9.464285019854893556e-06
9.465435483662077486e-06
9.466158921516883704e-06
9.466027659073006768e-06
9.466911648890649058e-06
9.464788879161764229e-06
9.463396452247252455e-06
9.464324891723663381e-06
9.466420326210330931e-06
9.462320593532542819e-06
9.462952044714257111e-06
9.464752921530816278e-06
9.484770783577308663e-06
9.477702158543859003e-06
9.464881093208533293e-06
9.465802867604603213e-06
9.461216585198902460e-06
9.461846231412588345e-06
9.462334937021902594e-06
9.455895915759052555e-06
9.457229037555710407e-06
9.458125712929662930e-06
9.460440273869608876e-06
9.461099711340163607e-06
9.456788925869355849e-06
9.458528403835467517e-06
9.458676012172872202e-06
9.459116581259271385e-06
9.458496918265761871e-06
9.456598850571632122e-06
9.456737750876223773e-06
9.453218978781782180e-06
9.453381885577982486e-06
9.455530421291768610e-06
9.453194969637479788e-06
9.452977607982878121e-06
9.461340461408932758e-06
9.458352438211175045e-06
9.453109591580262383e-06
9.450303623452783241e-06
9.451368481071161100e-06
9.453081733378590568e-06
9.451031632276377735e-06
9.445977420530956358e-06
9.449085838847774485e-06
9.449196715725823522e-06
9.448888846842843367e-06
9.455748634460784202e-06
9.453389960375110224e-06
9.452268814887550624e-06
9.456028853567962828e-06
9.449678412920547321e-06
9.448135312292530867e-06
9.453497371320433503e-06
9.448491703854719256e-06
9.654510809014027066e-06
9.659074158510824444e-06
9.559015705538816279e-06
9.521438419521170625e-06
9.505468214759579319e-06
9.491964838919860479e-06
9.484299219290430450e-06
9.481084262764246100e-06
9.475139442732446180e-06
9.466905747027945877e-06
9.467578551038968184e-06
9.466766318837471365e-06
9.462782050301635374e-06
9.469282808443798269e-06
9.466812825470090556e-06
9.465779549676275659e-06
9.455474596506974736e-06
9.453299901830783617e-06
9.455570368193850925e-06
9.452243297497867904e-06
9.449879146738263214e-06
9.447515826650488470e-06
9.448387437866282714e-06
9.450646570409542061e-06
9.443988608760870099e-06
9.443038912119543205e-06
9.449973981645598881e-06
9.446425985212650604e-06
9.551112477007942805e-06
9.451352359898616750e-06
9.450670032720154742e-06
9.451632550205128487e-06
9.445384470912661921e-06
9.444660565425995276e-06
9.443540683378160154e-06
9.445970946065547773e-06
9.441951874199124841e-06
9.445303154507201019e-06
9.463077166932028092e-06
9.450295931780299167e-06
9.448581388748304778e-06
9.449363261258744142e-06
9.443085347508410938e-06
9.444904530937492788e-06
9.440630045295013439e-06
9.444165254232454314e-06
9.453899931865331492e-06
9.458706104699861689e-06
9.444840806054344555e-06
9.439219068099192119e-06
9.443211151847208249e-06
9.437933981644163695e-06
9.438913787865506412e-06
9.435809250817328168e-06
9.437168191273789380e-06
9.636900047098607202e-06
9.555620836181333898e-06
9.493732301658989529e-06
9.470293589401990107e-06
9.462481190591157199e-06
9.455940149033873078e-06
9.450361222131202352e-06
9.449198735183017832e-06
9.445744889641598377e-06
9.445780298165118641e-06
9.442580446830107141e-06
9.439824809381510754e-06
9.437825387597815905e-06
9.438283058216256904e-06
9.443608433533275939e-06
9.434815689246534359e-06
9.434729239880349649e-06
9.432551335066819339e-06
9.429993585854390539e-06
9.436303552471750705e-06
9.433625584354861314e-06
9.435518661575770171e-06
9.432678013657398459e-06
9.431302145230801515e-06
9.428561238943681128e-06
9.431369323162167660e-06
9.428506615070849630e-06
9.429931133505911904e-06
9.429068519087499252e-06
9.431650908785135226e-06
9.434906657664516810e-06
9.447603881653776422e-06
9.440753098412339243e-06
9.436611775299751870e-06
9.427916264333665442e-06
9.428054216111074324e-06
9.424070060125207067e-06
9.428586023053261899e-06
9.431490515983872641e-06
9.434309472832561478e-06
9.438080562252556326e-06
9.433366894882055795e-06
9.431776362968472558e-06
9.433577151109299861e-06
9.427245757554676979e-06
9.589462263572083781e-06
9.501638714558188195e-06
9.464866227517632205e-06
9.453827489096511882e-06
9.443623868037321400e-06
9.436573737578631411e-06
9.434638730757190646e-06
9.435391840118730676e-06
1.438107036392466479e-05
1.010683849775280958e-05
9.636882956556292715e-06
9.553374110661632027e-06
9.520073698467967712e-06
9.499394872136690876e-06
9.485062847337151774e-06
9.480829906654737613e-06
9.475018648193630683e-06
9.474439322048055988e-06
9.477197496228957979e-06
9.482674698044017952e-06
9.504163992536026405e-06
9.484408662198500121e-06
9.468382142282886631e-06
9.459871634286780013e-06
9.451308275174596455e-06
9.447232245065606006e-06
9.437177501846841999e-06
9.433246257231075812e-06
9.433280646741575072e-06
9.431424351002230190e-06
9.425825852531489245e-06
9.426967024334468256e-06
9.427884924283110520e-06
9.423421436167701194e-06
9.427575467573963295e-06
9.421666899622019737e-06
9.423953046052701578e-06
9.422865477593708310e-06
9.427928368950233291e-06
9.426490180430846522e-06
9.426667969213061029e-06
9.423909369085473346e-06
9.427882705494994433e-06
9.487706112925782406e-06
9.460016293966570235e-06
9.432330586302365436e-06
9.424609062307354789e-06
9.424316023114442535e-06
9.422054804038755910e-06
9.428805304120639529e-06
9.421612604683105087e-06
9.415892620836529571e-06
9.418902108109250481e-06
9.457287667752704299e-06
9.466121545074202207e-06
9.443735689274034717e-06
9.428844289232073771e-06
9.423013606237873793e-06
9.417225237484672446e-06
9.421219655602422900e-06
9.417622560098001648e-06
9.419167961368657212e-06
9.415339424473737219e-06
9.416305268435583309e-06
9.420159973766809182e-06
9.421243583271158033e-06
9.417938663318637098e-06
9.415372113987056438e-06
9.422183864747543094e-06
9.419022164820489774e-06
9.416282858486132776e-06
9.412762288244873310e-06
9.413145785401865560e-06
9.422387510464128735e-06
9.422251474688892242e-06
9.418552564284254303e-06
9.415885832216494195e-06
9.420792187787203840e-06
9.433086703438675071e-06
9.418925606041738890e-06
9.411437972251708865e-06
9.408370232222296181e-06
9.412745643354961201e-06
9.412441446177885045e-06
9.417229027424885032e-06
9.415417792221585352e-06
9.412943707805728610e-06
9.409054382179722766e-06
9.409815781585469661e-06
9.417836487273234796e-06
9.417280120184538320e-06
9.414800315047008240e-06
9.408643379629210725e-06
9.410975757570364268e-06
9.413159288745494505e-06
9.410482040266287689e-06
9.409579343279498645e-06
9.428245673461788575e-06
9.462254029131145284e-06
9.430515501283783111e-06
9.423323625696866386e-06
9.422276826474748398e-06
9.424099542532834905e-06
9.414447906692658598e-06
9.409705455330671367e-06
9.407686865567181566e-06
9.405856072817186806e-06
9.414531272113890533e-06
9.413043454742364024e-06
9.410487701491850122e-06
9.410443643673716200e-06
9.412388252106514423e-06
9.406415277529352068e-06
9.406508440482259665e-06
9.403597437085408844e-06
9.410795408560564744e-06
9.411504375596754091e-06
9.410250959642022187e-06
9.408476686682358864e-06
9.403833416475512177e-06
9.409144298236544763e-06
9.407734449951021138e-06
9.409785231279481479e-06
9.405569553564418903e-06
9.410923166418190690e-06
9.410138875030800239e-06
9.404110289400098384e-06
9.406667537253573239e-06
9.411362941591506337e-06
9.408343644281557685e-06
9.408730248120870593e-06
9.405798552582685451e-06
9.407570166786171856e-06
9.409121043972844910e-06
9.407609058295444214e-06
9.408363785799641262e-06
9.404423641020306563e-06
9.403583508553007431e-06
9.416963245788187217e-06
9.417312902163152129e-06
9.410186576512084494e-06
9.407922270080841521e-06
9.401878364390843455e-06
9.400212860555257066e-06
9.403113133430451040e-06
9.406472495735821254e-06
1.001320341818730738e-05
9.576859438311658343e-06
9.503779118252471956e-06
9.471185988635018530e-06
9.461255017792307136e-06
9.441048547766209839e-06
9.434203417034344043e-06
9.424781424816804369e-06
9.422871397267347662e-06
9.415488387958247750e-06
9.412859522702395754e-06
9.407030698109034389e-06
9.412740926488064741e-06
9.408872813310154015e-06
9.409336353958981804e-06
9.403475503404479851e-06
9.399562286110570367e-06
9.408207533851964467e-06
9.406609337550737599e-06
9.403740723428199592e-06
9.398530987330863516e-06
9.415750569511753871e-06
9.415630876219438167e-06
9.403083539230767691e-06
9.401737036872267125e-06
9.428537205925143560e-06
9.472949453387022166e-06
9.423668811147459674e-06
9.417676218390624041e-06
9.420658434464712831e-06
9.413024456534912433e-06
9.418575034108774894e-06
9.405237480374731374e-06
9.404258092520952287e-06
9.405269848533255809e-06
9.399808748563979265e-06
9.402442581176728505e-06
9.404010616738863932e-06
9.422733382583222607e-06
9.427019039852286926e-06
9.407627514974591877e-06
9.404247637121442930e-06
9.406626695636077513e-06
9.401184538167702687e-06
9.400051050458083993e-06
9.405048055365720973e-06
9.402540224527910305e-06
9.409142210567248498e-06
9.401568783384088636e-06
9.397332186532973754e-06
9.400173516951327560e-06
9.397996725510893360e-06
9.402638758425988720e-06
9.415879112187516538e-06
9.420411965948004927e-06
9.407475802542346118e-06
9.405718319233832408e-06
9.404066178149150869e-06
9.397614215913563181e-06
9.399032245861841731e-06
9.406479052434708627e-06
9.401715885436109357e-06
9.396705621990500976e-06
9.397276938519402080e-06
9.398810347344502766e-06
9.398629023659547322e-06
9.402671647270229716e-06
9.399778490433163215e-06
9.396681740933368902e-06
9.397397320753952954e-06
9.395231682750211790e-06
9.422521533603381451e-06
9.426437068213998924e-06
9.416631705410812567e-06
9.400880752536977931e-06
9.400275237870421517e-06
9.400164447394369758e-06
9.395825314110576793e-06
9.394906264409049466e-06
9.397389337285252513e-06
9.399340010910842507e-06
9.399113825641809569e-06
9.396579686532883843e-06
9.404217162606680461e-06
1.705312452637978551e-05
1.099597327917460102e-05
1.038411739803753715e-05
1.012614673716901351e-05
9.987872626879834434e-06
9.904635464105618979e-06
9.842183673830126104e-06
9.793526787689188563e-06
9.757002777632805762e-06
9.722579401341135760e-06
9.690319257060763680e-06
9.671441127541886851e-06
9.659489118879113610e-06
9.644037279106972355e-06
9.628572969783514909e-06
9.612751290054196359e-06
9.589102926004974668e-06
9.569396121757260191e-06
9.550207385018439545e-06
9.539265842780272198e-06
9.522689194909617546e-06
9.511757700693124952e-06
9.502603974927599856e-06
9.484907202477188819e-06
9.474594332156508896e-06
9.467182782524710840e-06
9.469127436811200594e-06
9.464799998113448829e-06
9.441574810959233734e-06
9.438209259921373991e-06
9.432496883240067481e-06
9.429963393661940164e-06
9.429957644897513159e-06
9.416491559477435997e-06
9.416510618317867480e-06
9.412981135407487421e-06
9.411452180832687787e-06
9.408659077128807358e-06
9.403670011352005734e-06
9.411529330615545514e-06
9.406655543292193609e-06
9.407086178043755760e-06
9.402631350212687421e-06
9.399509481985053944e-06
9.397904552012430044e-06
9.408060124845481559e-06
9.402099327265507498e-06
9.399092540434139935e-06
9.401629726729273721e-06
9.401572428184106262e-06
9.393043018235403674e-06
9.398498239079344920e-06
9.396409949431471732e-06
9.397284896976998357e-06
9.399755263833261263e-06
9.398294447085693638e-06
9.399014538378955061e-06
9.395177850516725853e-06
9.393317002377443782e-06
9.398360939864383950e-06
9.397485616773337418e-06
9.390509087552344845e-06
9.389761887632630058e-06
9.408889135329444894e-06
9.400352347104975190e-06
9.392046354150807697e-06
9.393562946418872398e-06
9.388969680230729593e-06
9.388337388145372942e-06
9.389602017790822010e-06
9.396233441520962108e-06
9.396083975919586104e-06
9.392708881629610821e-06
9.387816508024116182e-06
9.386771201131219479e-06
9.385493595270114493e-06
9.389896765317947897e-06
9.388756723941089639e-06
9.388455315881098694e-06
9.389067541102728493e-06
9.389657484841033841e-06
9.388938942720414258e-06
9.392628840032557491e-06
9.390734089720353272e-06
9.389508846500879127e-06
9.385326016323840270e-06
9.384780145561914664e-06
9.384521298064404644e-06
9.386456800939413573e-06
9.382456889094707765e-06
9.387324010958764594e-06
9.385567277225467640e-06
9.381514807576726009e-06
9.385301910545724798e-06
9.384809836774365163e-06
9.378993071701795034e-06
9.381661646633195558e-06
9.400769559230562434e-06
9.390620001568094363e-06
9.390312175507157930e-06
9.381874893582182892e-06
9.383291542614339905e-06
9.384217255501426028e-06
9.382852626913517705e-06
9.380488289707500778e-06
9.382289229809733576e-06
9.387651805354835978e-06
9.400586629529546291e-06
9.394507937561987621e-06
9.383671394213403001e-06
9.382312471567881348e-06
9.387206526601706634e-06
9.383615695242043166e-06
9.383803524845764433e-06
9.386057474406091645e-06
9.381241256581536198e-06
9.378898134476306434e-06
9.383513304707473266e-06
9.384458423937758808e-06
9.379833112082755340e-06
9.378756739124582219e-06
9.379910613536897798e-06
9.379535607649813010e-06
9.383436020016232992e-06
9.390891900693531944e-06
9.388507684586026847e-06
9.381105016927903674e-06
9.375258936188401258e-06
9.381642132666457424e-06
9.376653176407975031e-06
9.406824851036314761e-06
9.380141100715870528e-06
9.380401110850773456e-06
9.376360738239479306e-06
9.377310392058764172e-06
9.374963990467222581e-06
9.383107059951119197e-06
9.396433269633537260e-06
9.382761884732341711e-06
9.380805082628284621e-06
9.378603594996093374e-06
9.379451324775799781e-06
9.377672717315968745e-06
9.373939191164026784e-06
9.376721215327657680e-06
9.373136347221588813e-06
9.372995829153295909e-06
9.375447038261577971e-06
9.377476208859055403e-06
9.380440416938048412e-06
9.386519045240977686e-06
9.393458916899059808e-06
9.377719449048527099e-06
9.375447979588594441e-06
9.372659830357103411e-06
9.372455992888718056e-06
9.374778162130800301e-06
9.372291239439316303e-06
9.375902925133535389e-06
9.380706051160814986e-06
9.385197038985400861e-06
9.380831310560703101e-06
9.378107887035487680e-06
9.378033931094857724e-06
9.379740693778634481e-06
9.371889398532099195e-06
9.373908830715057801e-06
9.375037168789882114e-06
9.375216993324405739e-06
9.376267270984801566e-06
9.426482833229480880e-06
9.485899344099380095e-06
9.423370417304491409e-06
9.406738316783957524e-06
9.390407143428092240e-06
9.381978292140048161e-06
9.380609059235212112e-06
9.376594776616306085e-06
9.378936339317078209e-06
9.378867641392692878e-06
9.425228474052951990e-06
9.409899416823463302e-06
9.386044250732084444e-06
9.387019738748374255e-06
9.383612315332357228e-06
9.374086621771008588e-06
9.370578558597723252e-06
9.368859751551402774e-06
9.382927288849410860e-06
9.386872858385685736e-06
9.377495114980168169e-06
9.377743683292768655e-06
9.373339863335179383e-06
9.372704115548912776e-06
9.372174844960075041e-06
9.376962907481356524e-06
9.376536235474001516e-06
9.377910855240164037e-06
9.616164829822082470e-06
9.434881420702367362e-06
9.405531244889667750e-06
9.391876633723464463e-06
9.382422067574225502e-06
9.380145208221316868e-06
9.376803074019335733e-06
9.380090653318498854e-06
9.387058941380625596e-06
9.378477420038204481e-06
9.371740674547860426e-06
9.370794823932253450e-06
9.375529788637019932e-06
9.372582724533155005e-06
9.375016330750441304e-06
9.369371012629319976e-06
9.377011814801031479e-06
9.390023526899919027e-06
9.382761996903354681e-06
9.374406788538181058e-06
9.374699016764983440e-06
9.366258064270975084e-06
9.367330690110975953e-06
9.366166382657563135e-06
9.369931967360875299e-06
9.370542816971767650e-06
9.367754164486542158e-06
9.366210397653655030e-06
9.368521441501797905e-06
9.364637611876483694e-06
9.363595435540142826e-06
9.366288806328762980e-06
9.368158412144112342e-06
9.379889104366156293e-06
9.380742527961653053e-06
9.368533963728017854e-06
9.366231345211418460e-06
9.364815155853042352e-06
9.363851617081309629e-06
9.366763151016737048e-06
9.371427438130316414e-06
9.370532220979535892e-06
9.370896711592042959e-06
9.366934378173634164e-06
9.367359403995578488e-06
9.368500506449588250e-06
9.373784223877615904e-06
9.371267648248249180e-06
9.367542169229637055e-06
9.367008672522085240e-06
9.367764439502934896e-06
9.361957788769359264e-06
9.366021026835369751e-06
9.367675221104339119e-06
9.371229590063497118e-06
9.363095614010793480e-06
9.366269860417257689e-06
9.369675440590678536e-06
9.374443932301801329e-06
9.366700429230452471e-06
9.368520262569290190e-06
9.369246729420410838e-06
9.366765799541099859e-06
9.370591539739810884e-06
9.369089952239543226e-06
9.362879486995249402e-06
9.360998826271800600e-06
9.365490712980318377e-06
9.374561764919538752e-06
9.360915524136240602e-06
9.362549340418505829e-06
9.362135835999652384e-06
9.366261517319192996e-06
9.364713851785685578e-06
9.370846220614717728e-06
9.360242888381738597e-06
9.364096732724647967e-06
9.367861350331926275e-06
9.368492706774608002e-06
9.364686890194207691e-06
9.363905473189030742e-06
9.365921508788232838e-06
9.360586293875409336e-06
9.358211567208248727e-06
9.363195341999623736e-06
9.360770530217147749e-06
9.360584842473447870e-06
9.364514558001246362e-06
9.360628196191100802e-06
1.029724606193364415e-05
9.975322158955654054e-06
9.691003840165042255e-06
9.587100369875164646e-06
9.537616527192464822e-06
9.502604704039186703e-06
9.473386488328590247e-06
9.454174263510139534e-06
9.444829659817817818e-06
9.423311692368466647e-06
9.417444052057058636e-06
9.405698792003628969e-06
9.393948881779578351e-06
9.389367309040607759e-06
9.381697193096746179e-06
9.378847832219131415e-06
9.373761861297679959e-06
9.370197821378193560e-06
9.368278039877016441e-06
9.366556634707497243e-06
9.370143573808793497e-06
9.370482459113797509e-06
9.378789245981048538e-06
9.374240218752069497e-06
9.363974917278029256e-06
9.361846891806636082e-06
9.376243110258049442e-06
9.372182397934617230e-06
9.362667046085940226e-06
9.365960457898837280e-06
9.360573404819660530e-06
9.359836154014071136e-06
9.359658158321811094e-06
9.357913383685929570e-06
9.369740220487680961e-06
9.367461300750316505e-06
9.365435595327653302e-06
9.364142273777058053e-06
9.359476865711258820e-06
9.360670982232476654e-06
9.362693638574152977e-06
9.366002889616234663e-06
9.358952701177258521e-06
9.357371953152929876e-06
9.363017295148286381e-06
9.363744111396953785e-06
9.358017734181582874e-06
9.360137942167057935e-06
9.357113605877506510e-06
9.362964301165750759e-06
9.365161489919653410e-06
9.363468375340744794e-06
9.359363875015938673e-06
9.357808810364076770e-06
9.354797686379849451e-06
9.358620728789900867e-06
9.358203220699578767e-06
9.356235703611068109e-06
9.356217428830860124e-06
9.355550312572329165e-06
9.354391319978579833e-06
9.355684491083592644e-06
9.354757835732622757e-06
9.362833699242401256e-06
9.355134684483346267e-06
9.359971085511158332e-06
9.363147160001972902e-06
9.362027576571562988e-06
9.358967850327340690e-06
9.360390001423486649e-06
9.356274595499296232e-06
9.354016131813599604e-06
9.360178821301208212e-06
9.358324124377759425e-06
9.369509706402823551e-06
9.359559939336274388e-06
9.354805980213617346e-06
9.359685265432441401e-06
9.357400679543086187e-06
9.360139063877189332e-06
9.355267016341409992e-06
9.353963940460138568e-06
9.356367365853657586e-06
9.354635592444537838e-06
9.357168849343603929e-06
9.352159051635075459e-06
9.352961271815729018e-06
9.358327429633088638e-06
9.353887381090922416e-06
9.353764655770646167e-06
9.354431464316803409e-06
9.352070636244510032e-06
9.356966195355198850e-06
9.367657149444615636e-06
9.370023101003728549e-06
9.350723580989020749e-06
9.352672891130471306e-06
9.352756595338481820e-06
9.354867395359177959e-06
9.362020255518170496e-06
9.366422377373358549e-06
9.351845249057077426e-06
9.349231285114000553e-06
9.352699285045673808e-06
9.357033830686607926e-06
9.351531560165918808e-06
9.364338307022990600e-06
9.360283994131654483e-06
9.358790038807758300e-06
9.350066370643617391e-06
9.348981432898047374e-06
9.345705622081368957e-06
9.350270800799383988e-06
9.348588869594702590e-06
9.353683906283549122e-06
9.351251394870511234e-06
9.356699161268503887e-06
9.361941594079325481e-06
9.352035126918659892e-06
9.348188124249645422e-06
9.347306893611554161e-06
9.344428942010078856e-06
9.350110172287410675e-06
9.354272396346156724e-06
9.350124133788995773e-06
9.350067498796003557e-06
9.346488189976298261e-06
9.349012062405866535e-06
9.351798080767063508e-06
9.348067512367682825e-06
9.352833347596363286e-06
9.348442821040711309e-06
9.346333631583548431e-06
9.349001943140440325e-06
9.384380942189333037e-06
9.397742150743700480e-06
9.370174421974297052e-06
9.355944722528875397e-06
9.359916571535601830e-06
9.350440553437995990e-06
9.349204883619677682e-06
9.348641568370414883e-06
9.349369887180122762e-06
9.350573014141143257e-06
9.350757860602243319e-06
9.354353509252177359e-06
9.349826508090093658e-06
9.353503849448921729e-06
9.349791970407749935e-06
9.349085389279327991e-06
9.352183289289920588e-06
9.355791298351809045e-06
9.351051719477254800e-06
9.347816512672579170e-06
9.348938909094309471e-06
9.348200184528346492e-06
9.346546663285456639e-06
9.356665581587245511e-06
9.357679767087271686e-06
9.355195221966519805e-06
9.355630993089411032e-06
9.357688216672007802e-06
9.350948119314731475e-06
9.342195293129407015e-06
9.347508023817379023e-06
9.348432713522925651e-06
9.346148650971979044e-06
9.346301625328124529e-06
9.345751072563264968e-06
9.347005876634284708e-06
1.048080974063244208e-05
9.688572678593724430e-06
9.540614282741444050e-06
9.487099048328672624e-06
9.462579119296302290e-06
9.435563072959969339e-06
9.412255237369511146e-06
9.401619108378629844e-06
9.392570575149269399e-06
9.378231286518712431e-06
9.372433926273515274e-06
9.365846201111102304e-06
9.363512581709680638e-06
9.363804106214956101e-06
9.354073636889855139e-06
9.356580665856502750e-06
9.357595747966721158e-06
9.351987021470146299e-06
9.352346953240461407e-06
9.351462501475301932e-06
9.351172864929443499e-06
9.351145472464849901e-06
9.365267182298945561e-06
9.358116109675999330e-06
9.353278791953319193e-06
9.397528024237545555e-06
9.369208666688186215e-06
9.356397350378150898e-06
9.347436940364180360e-06
9.343212642913082544e-06
9.343094939140428662e-06
9.349235029200523303e-06
9.345250131597518812e-06
9.344160983270436300e-06
9.348442673247820916e-06
9.349030600181625693e-06
