3.011321558657679542e-03
1.460014161314878330e-05
1.369949077343335409e-05
1.355264233779962558e-05
1.351409345109762731e-05
1.351783041324476085e-05
1.351719924059580101e-05
1.351818392170874468e-05
1.354761418194054135e-05
1.360311640686025751e-05
1.366287807210634684e-05
1.374690504386914328e-05
1.383601447590384287e-05
1.365875695986081399e-05
1.351023021925357231e-05
1.351390643321792575e-05
1.375377701833713245e-05
1.387536705124148250e-05
1.390703613348402310e-05
1.383570955264682768e-05
1.436773458408424651e-05
1.437433501223495181e-05
1.428301193148703003e-05
1.397573219264813836e-05
1.376464985924030750e-05
1.392580036736035227e-05
1.384282834275533522e-05
1.377389867836124349e-05
1.368843746301232956e-05
1.361462496788590296e-05
1.353359120003006010e-05
1.345207484822215784e-05
1.336877032827033031e-05
1.331547624355759262e-05
1.322677662756177529e-05
1.318702317045487458e-05
1.312040308372767589e-05
1.306568323570900254e-05
1.301274624059563692e-05
1.295293093789950917e-05
1.288842187894563953e-05
1.282742261688933216e-05
1.277748109866176132e-05
1.273140243938541930e-05
1.268143187947619807e-05
1.264109050225670142e-05
1.259461752548910776e-05
1.255848400660397676e-05
1.251856208682511405e-05
1.250658015199708942e-05
1.721981516690599748e-05
1.243169245943439215e-05
1.244930825729776867e-05
1.259177594192806282e-05
1.264171315331926385e-05
1.263089159503275959e-05
1.260571348135878574e-05
1.258691736059821195e-05
1.255151551125284872e-05
1.250346100581130818e-05
1.256023589803589898e-05
1.243344286460038870e-05
1.238557297104610649e-05
1.235820240215919871e-05
1.231316097346279922e-05
1.227517363721138532e-05
1.224532981344358007e-05
1.221065461853262041e-05
1.218485306443047485e-05
1.215396474700961905e-05
1.212757187469530137e-05
1.209442195280037900e-05
1.207779051166350356e-05
1.204113198089847513e-05
1.202447727602399557e-05
1.199292156419081351e-05
1.198257916144029911e-05
1.197102277387784859e-05
1.194085101853185482e-05
1.193431554459796956e-05
1.192969071704889370e-05
1.190830427731270861e-05
1.189536785849062069e-05
1.188413182376280081e-05
1.187040862002201462e-05
1.185990298646781140e-05
1.185635786062751560e-05
1.183812932216218019e-05
1.182739103645265751e-05
1.181222133254777880e-05
1.180810090469700855e-05
1.180760181758463014e-05
1.179377442970993214e-05
1.180593894256768819e-05
1.180208138597057246e-05
1.180412109457999211e-05
1.180534210069102653e-05
1.181484958730531338e-05
1.181220068853387229e-05
1.182279680392639407e-05
1.183407826715665531e-05
1.182855502406710029e-05
1.183385119361446373e-05
1.183529780822330720e-05
1.184587344406888175e-05
1.184855814585716817e-05
1.185390612969664968e-05
1.187027367374563907e-05
1.188189907945040072e-05
1.187956804528766993e-05
1.186559586130897440e-05
1.186309002264351929e-05
1.184068395900794678e-05
1.182188462773107634e-05
1.181433466437435222e-05
1.179994402112545978e-05
1.179336366665969186e-05
1.178557603983184340e-05
1.176900482770785626e-05
1.175857411605344786e-05
1.174649249909028450e-05
1.173696929223903314e-05
1.172584507420045401e-05
1.171738491166252020e-05
1.171396624764990133e-05
1.170274567736366109e-05
1.169220142476963926e-05
1.168259179773182584e-05
1.167144570331402058e-05
1.165961598114032836e-05
1.165085232742057990e-05
1.164134176823002507e-05
1.163521642790025582e-05
1.163425885276107346e-05
1.161405736108160074e-05
2.022331920632799190e-05
1.401790275091722582e-05
1.293905106990678157e-05
1.279544797398557428e-05
1.265143033341094770e-05
1.247214866035998593e-05
1.233201666877903288e-05
1.228323408933344201e-05
1.228265573634720018e-05
1.221797669738104308e-05
1.215450994057694834e-05
1.209584811325233516e-05
1.203140046527551103e-05
1.200872165251591177e-05
1.195889440812910223e-05
1.192443145252279200e-05
1.190035426816393744e-05
1.186956455626386728e-05
1.184545504618957625e-05
1.182213789851023899e-05
1.180387593043027019e-05
1.179014924559851413e-05
1.177152221960871694e-05
1.176276451057371200e-05
1.174857177943522402e-05
1.174898686523799146e-05
1.174120656742161332e-05
1.172312266362496228e-05
1.171641725325874482e-05
1.170726412624389997e-05
1.169550260973058595e-05
1.168622008359913449e-05
1.167013356128639662e-05
1.165701704697615608e-05
1.165391766524711207e-05
1.164075408079649375e-05
1.162929633513461612e-05
1.162915287674574403e-05
1.161565242455253549e-05
1.161408227441521912e-05
1.158946190874606498e-05
1.159363537756992967e-05
1.158854811592391329e-05
1.156963390144483142e-05
1.158208910396751957e-05
1.796733373718476816e-05
1.319746247266569557e-05
1.313378480214548052e-05
1.291926656487400286e-05
1.262852304421358066e-05
1.243096647196277078e-05
1.240642932240613513e-05
1.236763757522870356e-05
1.231051467925681161e-05
1.226440503160119941e-05
1.222391742468668503e-05
1.217526286078888549e-05
1.213391886494719101e-05
1.210301042154545322e-05
1.207733368346453137e-05
1.205191732234804130e-05
1.202867993242762222e-05
1.269920326156655765e-05
1.218706109701391461e-05
1.204781888077377557e-05
1.199537544835038730e-05
1.195856229098050538e-05
1.193603694787270824e-05
1.191572912489391483e-05
1.189540599284555423e-05
1.188027200403970052e-05
1.186045022488239493e-05
1.184316891036966428e-05
1.182838454269585721e-05
1.181353399526111932e-05
1.179711635548604468e-05
1.177847675648990769e-05
1.177187627793803830e-05
1.175670041182759897e-05
1.174673440459628196e-05
1.172748552903612963e-05
1.171428315122587509e-05
1.169128957333972158e-05
1.167532527650413076e-05
1.166427777131199634e-05
1.165691238573648125e-05
1.165137086407715552e-05
1.163408243996855217e-05
1.162946351125052999e-05
1.279796756155822909e-05
1.190272005184548751e-05
1.173163666787028629e-05
1.166794441398148226e-05
1.163027489762195443e-05
1.160956485364295144e-05
1.159381997846746066e-05
1.157745792776646917e-05
1.156324200564995327e-05
1.153825183564549587e-05
1.152869505858689040e-05
1.151703637863950781e-05
1.150809650539486083e-05
1.150203738916388748e-05
1.149445709415886126e-05
1.148489873268469399e-05
1.147629317908164684e-05
1.146788234791529316e-05
1.146289001553668586e-05
1.146132498547558546e-05
1.144973225336798398e-05
1.144258785719406015e-05
1.144041165124084090e-05
1.143295993832301411e-05
1.142389586448189254e-05
1.142223790073633880e-05
1.142229821349853064e-05
1.142634619175926904e-05
1.141273654108469261e-05
1.140738893620133797e-05
1.139840041370613718e-05
1.139802708507886625e-05
1.139124536318073968e-05
1.138837548334474092e-05
1.138327306193787081e-05
1.139263835966630736e-05
1.138137417607746658e-05
1.138415597059368575e-05
1.137273209906197661e-05
1.137172817758861753e-05
1.136637476217098701e-05
1.136118464652706049e-05
1.135846056361818493e-05
1.135510121002880576e-05
1.135265711961134660e-05
1.135141463009858806e-05
1.134900169593796194e-05
1.134658589952171863e-05
1.134450486157826699e-05
1.134034542739451937e-05
1.133648278369037137e-05
1.133410184631126487e-05
1.133147925618989799e-05
1.132966806191385982e-05
1.132552076228421424e-05
1.132421446072839865e-05
1.132144964496243676e-05
1.131885776430863155e-05
1.131387692794305689e-05
1.130875101542490721e-05
1.130819469949528805e-05
1.130236821078748745e-05
1.129481046821941469e-05
1.129561331291976419e-05
1.129379672723492529e-05
1.129216636286400899e-05
1.128863816309907009e-05
1.127883775211557770e-05
1.127732607869802498e-05
1.127256288327771458e-05
1.127256465262386557e-05
1.127192323603291446e-05
1.126911458830666934e-05
1.126978792929852132e-05
1.126617427379036049e-05
1.126285187031802137e-05
1.125965080708131847e-05
1.125482576033694766e-05
1.125293329854078623e-05
1.124677685311326126e-05
1.124644049506666028e-05
1.124361798815698469e-05
1.123942258762629807e-05
1.123535229188140203e-05
1.123418866654901723e-05
1.123071843608158734e-05
1.122760158788575317e-05
1.122697881025184517e-05
1.122526297270572652e-05
1.121961158105477814e-05
1.121729520680977019e-05
1.121747218273109601e-05
1.121136870741186979e-05
1.120929513035662321e-05
1.120760314696175026e-05
1.120391746250485750e-05
1.119671669471245009e-05
1.119968792295367240e-05
1.119373554881046131e-05
1.118933366683450078e-05
1.118837021787536891e-05
1.118549820868490084e-05
1.117962471880673595e-05
1.117939665618905585e-05
1.117443392066282564e-05
1.117276098663448160e-05
1.116736181946483442e-05
1.116608610042627917e-05
1.116545550606436628e-05
1.116423161458139102e-05
1.116008551321101577e-05
1.115933720105507216e-05
1.115907031551917743e-05
1.115598380996137438e-05
1.115226302507229252e-05
1.114806712810908198e-05
1.114544332722289268e-05
1.114316652092384188e-05
1.114693015665579797e-05
1.113880429935913139e-05
1.113388178358339470e-05
1.113288928801618242e-05
1.112799323019923339e-05
1.112558880398258530e-05
1.112261901122716710e-05
1.522741969741521881e-05
1.349332760582910817e-05
1.270243418161953762e-05
1.215405508219191620e-05
1.197683504756241719e-05
1.187040877274133334e-05
1.181972108573366673e-05
1.177352014375780303e-05
1.171873256187912701e-05
1.166455448848561602e-05
1.160881273259898671e-05
1.154627843599579788e-05
1.147752327900282831e-05
1.141703663961379708e-05
1.138162971756173586e-05
1.135152718575227400e-05
1.132110788451730772e-05
1.129298927480704110e-05
1.127472262586100734e-05
1.125725712540770406e-05
1.124563897064945242e-05
1.123142961394781494e-05
1.121898540456337904e-05
1.121105685191044732e-05
1.120978553937372107e-05
1.119898304561199153e-05
1.118741768323161577e-05
1.118781886437621697e-05
1.117686939854441586e-05
1.117335528003119709e-05
1.116961058755805425e-05
1.117059582005216189e-05
1.116363462756453441e-05
1.115742679909696284e-05
1.115574528209132658e-05
1.115542109194696708e-05
1.114446300675808818e-05
1.115256040786031592e-05
1.114455493355611343e-05
1.114306485457442881e-05
1.113062449197362436e-05
1.113237356131927937e-05
1.112781112738048277e-05
1.112387932721503582e-05
1.112118359287706039e-05
1.111724993999511468e-05
1.111204490484851771e-05
1.111168511139718873e-05
1.111021358383368433e-05
1.110614300084004448e-05
1.110684206461579996e-05
1.110499810351939211e-05
1.110335440671406091e-05
1.110325261189852175e-05
1.109955523702410628e-05
1.109882823016050645e-05
1.109322325836122591e-05
1.108868156696492772e-05
1.108664233925082872e-05
1.108477654535515000e-05
1.108283026610479269e-05
1.107982593377225025e-05
1.108046173309655163e-05
1.107724804379965110e-05
1.107774932696277940e-05
1.107334318438309636e-05
1.107021249329894314e-05
1.106872328098991826e-05
1.106824740342441716e-05
1.106579959089988991e-05
1.106802643865497260e-05
1.106125813938281925e-05
1.106354254678384006e-05
1.106231837335750846e-05
1.106168798022129787e-05
1.106114112379448901e-05
1.105760854594943054e-05
1.105513635555628984e-05
1.105440869006694479e-05
1.105597981260568080e-05
1.105044566202195758e-05
1.105037831772885165e-05
1.104683719404420144e-05
1.104560124796686666e-05
1.104598988263205697e-05
1.104454524427941001e-05
1.104199587378692163e-05
1.104049812283847132e-05
1.103736390594652567e-05
1.104138940945631516e-05
1.103430451318369447e-05
1.103446412306160085e-05
1.103356202444653460e-05
1.103202847881827085e-05
1.102868485835036405e-05
1.102610968473527390e-05
1.102591248013595739e-05
1.102347813154362233e-05
1.102181759620179878e-05
1.102002256137287443e-05
1.101857549542728534e-05
1.101477607752106790e-05
1.105284478664240579e-05
1.101963239117746166e-05
1.100909066470497556e-05
1.100892914034072154e-05
1.100722974380611728e-05
1.100389222680557171e-05
1.100432590874334023e-05
1.100398479479736179e-05
1.099922836071224633e-05
1.100083697679110682e-05
1.099943821031956732e-05
1.099322862122183582e-05
1.099522293429799949e-05
1.099431788664636132e-05
1.098792544325988193e-05
1.098757585585493219e-05
1.098548081131411884e-05
1.098280369130103811e-05
1.098141761152267782e-05
1.097761275711187966e-05
1.415859067340837385e-05
1.236847800214491110e-05
1.189331415957894906e-05
1.169132793468937310e-05
1.152614151237685373e-05
1.139336604751406453e-05
1.132951961949402162e-05
1.122892084329881425e-05
1.117165336002775253e-05
1.113812612023442316e-05
1.112060060601531072e-05
1.109909331906540807e-05
1.108247720329321293e-05
1.106348270279037594e-05
1.104545058979056187e-05
1.102679254775769828e-05
1.101684753848530879e-05
1.101169769034034615e-05
1.100852449440026187e-05
1.100489377070819867e-05
1.100161467813147045e-05
1.099910780946326362e-05
1.099092182509290592e-05
1.098923709037080671e-05
1.098490627706875479e-05
1.098053458425359514e-05
1.097808583040205142e-05
1.097678349765374198e-05
1.097092604140925687e-05
1.096922111514686576e-05
1.096796281899514711e-05
1.096580966001662641e-05
1.096383608076697179e-05
1.096432327396238722e-05
1.096048769909430175e-05
1.097176200763290859e-05
1.094961151579809700e-05
1.094835023726166868e-05
1.094800384104625297e-05
1.094376322726020583e-05
1.093987949010018621e-05
1.093950426858706653e-05
1.093862780408017022e-05
1.093748660802399857e-05
1.093388090491013501e-05
1.093085707225327551e-05
1.092794163431184032e-05
1.092808493619183265e-05
1.092572153349161997e-05
1.092268359874045296e-05
1.091976578171246091e-05
1.091877227130074441e-05
1.091816497591935392e-05
1.091563457331782719e-05
1.091397331151711053e-05
1.091098875084147331e-05
1.091103952452006809e-05
1.090750861597674226e-05
1.090850732831919774e-05
1.090501900838110819e-05
1.090562863282684723e-05
1.090572333888909935e-05
1.090365259036237474e-05
1.090108829998826015e-05
1.089829319160647547e-05
1.090088692346095469e-05
1.089592190245032949e-05
1.089800258493293537e-05
1.089929621305903535e-05
1.089750828327851114e-05
1.089662951168672095e-05
1.089412691726465770e-05
1.100607954564717826e-05
1.090516785401026251e-05
1.090108571474956928e-05
1.089446033158007255e-05
1.089199326391584155e-05
1.088954860923270888e-05
1.088573328881163149e-05
1.088730640541750019e-05
1.088592580155515570e-05
1.088414434586108431e-05
1.088107584071925328e-05
1.088075435025833390e-05
1.087997348652909974e-05
1.088012789371835730e-05
1.087787638425652430e-05
1.087439598866997836e-05
1.087416795106340412e-05
1.087260310593289120e-05
1.087432329503220220e-05
1.087207411084515672e-05
1.087161175291839768e-05
1.086792002903772884e-05
1.086521726582153304e-05
1.086318603029212722e-05
1.087560491176494384e-05
1.086298980870500023e-05
1.086308638908425001e-05
1.085977557825875322e-05
1.085941812296672129e-05
1.085701193195139477e-05
1.085480335480800328e-05
1.085251417824413971e-05
1.085194573761327856e-05
1.085206823063344934e-05
1.085072165324163459e-05
1.084864409297855096e-05
1.085090035379228885e-05
1.084883138863309205e-05
1.084918705904177312e-05
1.084734040773582772e-05
1.084782718711115547e-05
1.084595511353351568e-05
1.084302277642260996e-05
1.084476832109733815e-05
1.084705979034576300e-05
1.084631182948214667e-05
1.084338723671862708e-05
1.084351559825336160e-05
1.084114545089202455e-05
1.083950104392291335e-05
1.084158441244653659e-05
1.083780420496320036e-05
1.083870366111720281e-05
1.083951364724574310e-05
1.083929366662535704e-05
1.083714213450548441e-05
1.083618442748957070e-05
1.083444001627261446e-05
1.083194126105505890e-05
1.083611541237890738e-05
1.083330084156841595e-05
1.083293753595171391e-05
1.085722726694863583e-05
1.082808486141099454e-05
1.082993921272645760e-05
1.082889956895390554e-05
1.082829081459143152e-05
1.082936773514120419e-05
1.082756094244056500e-05
1.082702542210730208e-05
1.082601336899339641e-05
1.082784033011800216e-05
1.082417445521362662e-05
1.082490694329862972e-05
1.082314085200171962e-05
1.082366440944800439e-05
1.082251801070318223e-05
1.082276489758745207e-05
1.082248668997938992e-05
1.082233285160327843e-05
1.081999682469358877e-05
1.082085222833484308e-05
1.082208789550046935e-05
1.081965181204699004e-05
1.081750865713123308e-05
1.082032326091090650e-05
1.081580632633934695e-05
1.081692144490868255e-05
1.081771048726902044e-05
1.081614368445116209e-05
1.081705119797031017e-05
1.081810648353590899e-05
1.081628060319417313e-05
1.081523852197581890e-05
1.081496337557534165e-05
1.081487865728073845e-05
1.081317351690813720e-05
1.081396748456124184e-05
1.081359992023559780e-05
1.081035103614643307e-05
1.080985983397416320e-05
1.081263075586017837e-05
1.080933229104630341e-05
1.080964893617419855e-05
1.081342551591054348e-05
1.081128409888757857e-05
1.081062862605600981e-05
1.080899709336335905e-05
1.080876233838049920e-05
1.080895820147513092e-05
1.080794950970206010e-05
1.080804269539233558e-05
1.080709665454075195e-05
1.080918096514930488e-05
1.080505741659483884e-05
1.080620188114759668e-05
1.080681211381791685e-05
1.080723867403321465e-05
1.080590505694090016e-05
1.080345920627223684e-05
1.080277160137181183e-05
1.080227320168584553e-05
1.079965483351467424e-05
1.080172586815327367e-05
1.080168347243670778e-05
1.080177601844904150e-05
1.080016490239662181e-05
1.080112201179872425e-05
1.079944210611453617e-05
1.080007200850256269e-05
1.080206343052244229e-05
1.079973448630274405e-05
1.079937192419796145e-05
1.080000715508807253e-05
1.079979333667324708e-05
1.079788826814365234e-05
1.079897840175666064e-05
1.079989848335571851e-05
1.079329328907381995e-05
1.079577051806760766e-05
1.079345735926532808e-05
1.079451539794717892e-05
1.079305378311801097e-05
1.079489104048055427e-05
1.079141227516326336e-05
1.079043078410298473e-05
1.078673883284864214e-05
1.078660039562843496e-05
1.078717141353990917e-05
1.078480468549969312e-05
1.078591508000196597e-05
1.078746007920017271e-05
1.078742997833614963e-05
1.078715140655125068e-05
1.078690755321076783e-05
1.078548263459803556e-05
1.078452413139530034e-05
1.078554779079846942e-05
1.078395589123222995e-05
1.078220886408113712e-05
1.078229175694408031e-05
1.078303951961364215e-05
1.082219437535059196e-05
1.078944107765285765e-05
1.077994938858258409e-05
1.078129380592448213e-05
1.078233544755372961e-05
1.078258441377026042e-05
1.078152884019800627e-05
1.078051809372482287e-05
1.077894643837377398e-05
1.078167594073420393e-05
1.078091733840362008e-05
1.078024546814049218e-05
1.078035863580832198e-05
1.077873874351098561e-05
1.077887669794108654e-05
1.078069816837038812e-05
1.077866757896117715e-05
1.077944341659531299e-05
1.077897814032742943e-05
1.077878257736604936e-05
1.077871843904176751e-05
1.077812247217480089e-05
1.077748517256319871e-05
1.077701605292228727e-05
1.077892059621869290e-05
1.173208819674679659e-05
1.231555777091367940e-05
1.120666820346135233e-05
1.085857923271760181e-05
1.082481171920335307e-05
1.080612522931308763e-05
1.079605442479684594e-05
1.079172463770798133e-05
1.078665515175695527e-05
1.078356313958768902e-05
1.078072747835297717e-05
1.077653001554305421e-05
1.077588923711421843e-05
1.077464131678122239e-05
1.077266107851452577e-05
1.077301385028780070e-05
1.076908168708238592e-05
1.077075812493906943e-05
1.077211444605078879e-05
1.077160896746439380e-05
1.077135012868287314e-05
1.076951083897862767e-05
1.077358495535918371e-05
1.077000035290135806e-05
1.076997206117387849e-05
1.076722495023811122e-05
1.076717779293782464e-05
1.076717042034639907e-05
1.076688830153216286e-05
1.076543800309082076e-05
1.076402835034665788e-05
1.076383946193952139e-05
1.076382633262558930e-05
1.076454272833871154e-05
1.076336289391595868e-05
1.076390614495418667e-05
1.076306977627912867e-05
1.076281417870935375e-05
1.076100521345324577e-05
1.076227136650231760e-05
1.076259350535716979e-05
1.076225423616961059e-05
1.076417295735154773e-05
1.076082555982793619e-05
1.076113273218955572e-05
1.075983149159280096e-05
1.075907073565455516e-05
1.076272684182792193e-05
1.075764696035245488e-05
1.075613156179618625e-05
1.075596035775561109e-05
1.075777007258693582e-05
1.075403643767458616e-05
1.075478327644911363e-05
1.075399337499523806e-05
1.075158841937688236e-05
1.075337678647277536e-05
1.075065485641365190e-05
1.074987296495540568e-05
1.074798169876582255e-05
1.074924254605017940e-05
1.074879799527176791e-05
1.075289655053287137e-05
1.074811384569329709e-05
1.074806137504917008e-05
1.074694972544420973e-05
1.074623028785026690e-05
1.074856375225863357e-05
1.074644542730614722e-05
1.074845048606221017e-05
1.074585981731009636e-05
1.074832263877093914e-05
1.074364220964222636e-05
1.074511025838849715e-05
1.074472072749207037e-05
1.074291567647378597e-05
1.074444482583203312e-05
1.074326021845687816e-05
1.074307334571737325e-05
1.074422134896243136e-05
1.074152660559472326e-05
1.074295880660732449e-05
1.074252654878667530e-05
1.074163945797105729e-05
1.074181676888959726e-05
1.074105378772098061e-05
1.073887160866130841e-05
1.074127854508333318e-05
1.073855864054470135e-05
1.073961726433481137e-05
1.073768073789930549e-05
1.073906915924756809e-05
1.073702159677244138e-05
1.073606218293813710e-05
1.073603893322190980e-05
1.073594578391142328e-05
1.073592426223512969e-05
1.073425191634669264e-05
1.073543360727550530e-05
1.073364601893445002e-05
1.073199363872845418e-05
1.073289373569726568e-05
1.073128001470043504e-05
1.073079139284042602e-05
1.073193804927541357e-05
1.073226895982770650e-05
1.072989586608249127e-05
1.073267653813066582e-05
1.072838467924460243e-05
1.073067962427861308e-05
1.072996521126394042e-05
1.072861293361408224e-05
1.072879807945052243e-05
1.073006065250107671e-05
1.072842779118824733e-05
1.074584851949111989e-05
1.072952829493563839e-05
1.072916212971601121e-05
1.072719186367976363e-05
1.072775074703713411e-05
1.072815959976954524e-05
1.072939480233496058e-05
1.072851399082234447e-05
1.072564598378752031e-05
1.072716010450373355e-05
1.072721793434538914e-05
1.072701615536667909e-05
1.072695355674113651e-05
1.072875193926847633e-05
1.072778737314668732e-05
1.072711905749201873e-05
1.072759099770337262e-05
1.072786346564195457e-05
1.369263009905807767e-05
1.262024925760367038e-05
1.139522053904329423e-05
1.090522378187112424e-05
1.078748393524620062e-05
1.074909822364133961e-05
1.073664581554112415e-05
1.072931547279646776e-05
1.072388237465323324e-05
1.072070629978346290e-05
1.072076252967235680e-05
1.260689265488205541e-05
1.091913791204509231e-05
1.074400335179840642e-05
1.076740257417441239e-05
1.072916417228952917e-05
1.072493930867797902e-05
1.072885789578019034e-05
1.072320361762043213e-05
1.072325522803415248e-05
1.072109873007320905e-05
1.072046232934553707e-05
1.071949732590837757e-05
1.071865386241673523e-05
1.072061957643199969e-05
1.072026455934367976e-05
1.071893551397806678e-05
1.071807100440006910e-05
1.071865030060810792e-05
1.071925006309963206e-05
1.071951756254444948e-05
1.137124093626577259e-05
1.100215269578560222e-05
1.081448869816388970e-05
1.077530734505671717e-05
1.075430097444041227e-05
1.073950329252208223e-05
1.072843642911417789e-05
1.072506586524468683e-05
1.072363310981927552e-05
1.071753023590341990e-05
1.071696802985873811e-05
1.071704291689457043e-05
1.071544156350986051e-05
1.071238678188516757e-05
1.071401308877284417e-05
1.071236828996309994e-05
1.071326114962782080e-05
1.071151809734753144e-05
1.071134165007000170e-05
1.071164561077845730e-05
1.071270062501146966e-05
1.071153503289679092e-05
1.071159081978597279e-05
1.071055290064274917e-05
1.070957441508350386e-05
1.071028373720158321e-05
1.070938312333661617e-05
1.071036825881795497e-05
1.071097290340124638e-05
1.335307738296857414e-05
1.082625349643725183e-05
1.075534039462884992e-05
1.067883195560170861e-05
1.062941281967747924e-05
1.065323850904557350e-05
1.069308962352503454e-05
1.071456202794252096e-05
1.073142094393612527e-05
1.071695355335577969e-05
1.070969369986111428e-05
1.070721911977064683e-05
1.070540208350697215e-05
1.070405243543367163e-05
1.070458149077543024e-05
1.070477308189765636e-05
1.070238750457974641e-05
1.070395226785573631e-05
1.070363283133701798e-05
1.070469173365988076e-05
1.070266916978350072e-05
1.070344518325327893e-05
1.070170587847011758e-05
1.069983763689682088e-05
1.070054357569461071e-05
1.070148926752760166e-05
1.070162579253519578e-05
1.069958720033052174e-05
1.070131432243215325e-05
1.070014152711943654e-05
1.070145012969684700e-05
1.069969580536659686e-05
1.070182653506890272e-05
1.069826544456494401e-05
1.070047340400985010e-05
1.069935340903308879e-05
1.070079087980957350e-05
1.069946868256010849e-05
1.070160136919184825e-05
1.093205842001528498e-05
1.069624212088153141e-05
1.297704972709349558e-05
1.282362540223402923e-05
1.172346799042619119e-05
1.148045529703267723e-05
1.131813880495731902e-05
1.117620307278836317e-05
1.109191212246211511e-05
1.102581758497459929e-05
1.095871463348885218e-05
1.091879755525345268e-05
1.106369606986845577e-05
1.078779803530475487e-05
1.076477088455855352e-05
1.075531655184628732e-05
1.074667958960162583e-05
1.073978521086852767e-05
1.073361087719604196e-05
1.072874205192419982e-05
1.072414747833742321e-05
1.072152444900590703e-05
1.071765292522286466e-05
1.071365424650139169e-05
1.070810095863331923e-05
1.070616174880948803e-05
1.070643332279056810e-05
1.070131780958642214e-05
1.070155097371146711e-05
1.070183060771038656e-05
1.070378967218251329e-05
1.069962397423296365e-05
1.069806645356645018e-05
1.069644172654686114e-05
1.069298938621917251e-05
1.069567574783529068e-05
1.069292238526031772e-05
1.069080787109063131e-05
1.055774864009132793e-05
1.053499677823310844e-05
1.054990334599400095e-05
1.055878081047012454e-05
1.056346098986674976e-05
1.056554091443710359e-05
1.056483817668170783e-05
1.056451773517134533e-05
1.056221269929361960e-05
1.056031979866626633e-05
1.055842236610260409e-05
1.055708427391740118e-05
1.055509620679610336e-05
1.055255899397404066e-05
1.055244353779016806e-05
1.055064023413857828e-05
1.054975925436944357e-05
1.054946585706299351e-05
1.054845678936544532e-05
1.059588560148464877e-05
1.055047608853480359e-05
1.054736691988485548e-05
1.054510183507773056e-05
1.054299626048305113e-05
1.054187736637383384e-05
1.054037879915388956e-05
1.053934833673035082e-05
1.053801715935757478e-05
1.053652723953746365e-05
1.053601443497124446e-05
1.053603937217909971e-05
1.053588814177904529e-05
1.053446721395327213e-05
1.053415165112407162e-05
1.053302682369879561e-05
1.053241071379792066e-05
1.053116583799843894e-05
1.053246528537480755e-05
1.053097761238556447e-05
1.053013020017109182e-05
1.053039127289897270e-05
1.052936382772410613e-05
1.052802822490169424e-05
1.052699797848314785e-05
1.052572477609222236e-05
1.052596400957857759e-05
1.052444230557133222e-05
1.052399386632411455e-05
1.052347259512013461e-05
1.052332790701863495e-05
1.052325529447747029e-05
1.052707468185568997e-05
1.052818940176318033e-05
1.052468656060530812e-05
1.052257062421328291e-05
1.052222026297992378e-05
1.052204708003046175e-05
1.052110738479920316e-05
1.052029880573475926e-05
1.051856206875830499e-05
1.051934628359655651e-05
1.051806819001891864e-05
1.051737797070018180e-05
1.051685059754466536e-05
1.051550567164364708e-05
1.051532792568347460e-05
1.051574587184707871e-05
1.051498007730818591e-05
1.051484302176201349e-05
1.051493968437474375e-05
1.051419188456748143e-05
1.051305969288781174e-05
1.051395907969284325e-05
1.051278324856260327e-05
1.051247079014198545e-05
1.051103466124914128e-05
1.051082327686951104e-05
1.051159397169006643e-05
1.051034787603081549e-05
1.051036590145789337e-05
1.051031127872192917e-05
1.051027201090922368e-05
1.050929421580803999e-05
1.050946790163228241e-05
1.050801958361565363e-05
1.050890868782516864e-05
1.050863142305994772e-05
1.050713672725578329e-05
1.050748738748552508e-05
1.050665375676847667e-05
1.050679714808211409e-05
1.050720440199863082e-05
1.050611927856456009e-05
1.050678106632100650e-05
1.050642404152313281e-05
1.050526558212065212e-05
1.050611688431975740e-05
1.050537524103371414e-05
1.050506110194267720e-05
1.050439380189042435e-05
1.050497347288607325e-05
1.050405762801650102e-05
1.050433545060514068e-05
1.050468561440235685e-05
1.050345061685220653e-05
1.050395065817610925e-05
1.050549436020749800e-05
1.050432774112171874e-05
1.050353713556736048e-05
1.050340704030835071e-05
1.050310591911814611e-05
1.050321611008560779e-05
1.050232675311235571e-05
1.050187984787953576e-05
1.050273994716614340e-05
1.050183387178549317e-05
1.050130823424903251e-05
1.050165607618206813e-05
1.050089383246207361e-05
1.050220465534342491e-05
1.050192441008827313e-05
1.050165627475507838e-05
1.050114037942269757e-05
1.050100985291161802e-05
1.050907894409647256e-05
1.050290735785589901e-05
1.050380830558121122e-05
1.050251189364341012e-05
1.050138641327672873e-05
1.050163583840912893e-05
1.050105927788536003e-05
1.050136976080769626e-05
1.050165627437612261e-05
1.049919443858016139e-05
1.049911896605711582e-05
1.066382544953133505e-05
1.056437585475578028e-05
1.051607589943159878e-05
1.051166018404122347e-05
1.051047457470607045e-05
1.050829054861424104e-05
1.055552005974883897e-05
1.051202904704950857e-05
1.050683127611288523e-05
1.050399885760574219e-05
1.050178274075127211e-05
1.050040529321449914e-05
1.049725101855377346e-05
1.049603615683736347e-05
1.049549911234256118e-05
1.049472266913653625e-05
1.049422678875089346e-05
1.049330405786956124e-05
1.049337581510674926e-05
1.049297697515309291e-05
1.049305639867270677e-05
1.049135993298477910e-05
1.049193935690103248e-05
1.049065416320142279e-05
1.048960606870726563e-05
1.048969942644362245e-05
1.048959016808718619e-05
1.048880943585572761e-05
1.048875530727855275e-05
1.048912883447883394e-05
1.048912415929711052e-05
1.048830123788017413e-05
1.048651336986949880e-05
1.048855045003923147e-05
1.048894860142960841e-05
1.048856110325383955e-05
1.048835417880885192e-05
1.048762124279771016e-05
1.048803642599220052e-05
1.095753767003770924e-05
1.079466484611657452e-05
1.062501911519575515e-05
1.057727143916054047e-05
1.054569156622164883e-05
1.052847209355907940e-05
1.051879470613433439e-05
1.051249558789398559e-05
1.050681524551085496e-05
1.050408546537558547e-05
1.050221154855535119e-05
1.049922786288940731e-05
1.049656527053836400e-05
1.049467345334657435e-05
1.049163469474478963e-05
1.049035268503454599e-05
1.048856337926433026e-05
1.048724830639002971e-05
1.048621312899437502e-05
1.048439923276115875e-05
1.048336717076381238e-05
1.048291035128083123e-05
1.048263515258440768e-05
1.048199115681806302e-05
1.048173882585009208e-05
1.084945891989264123e-05
1.046200793856163171e-05
1.046054426031635843e-05
1.047128326301086994e-05
1.047665123868076412e-05
1.047898458940229307e-05
1.048046386169213937e-05
1.048008944015540054e-05
1.048096824357950712e-05
1.047978937549487489e-05
1.047920921450895514e-05
1.047872520947142594e-05
1.047784793020885703e-05
1.047692048625018939e-05
1.047737907621619051e-05
1.047538735671575299e-05
1.047515167670098809e-05
1.047480507963882755e-05
1.204234618512600719e-05
1.061181446251187718e-05
1.052191919560148854e-05
1.049788133476188936e-05
1.049855792378669592e-05
1.050193788917871114e-05
1.050123754945767909e-05
1.049868178673326261e-05
1.049460699202124128e-05
1.049215348454405639e-05
1.048907852729522890e-05
1.048638882745459952e-05
1.048260146111109210e-05
1.048160744782459691e-05
1.047957134157210693e-05
1.047803673979312169e-05
1.047716464540826544e-05
1.047489564522644965e-05
1.047438686100576969e-05
1.047190402346131991e-05
1.047152756996183639e-05
1.047011199678612093e-05
1.047475154526485699e-05
1.046970897808326679e-05
1.046891716744842936e-05
1.046810294155875393e-05
1.046760060224490413e-05
1.046769807733956733e-05
1.046592250001291801e-05
1.046658092642852957e-05
1.046605036018869859e-05
1.046661289819894673e-05
1.046579755211496295e-05
1.046501515664507075e-05
1.046517829460450753e-05
1.046637758690849289e-05
1.047922586470425134e-05
1.046980661840279909e-05
1.046658573992923911e-05
1.046620735337455685e-05
1.046591644050446779e-05
1.046467107206202318e-05
1.046499988547111557e-05
1.046462635675500963e-05
1.046412527216489327e-05
1.046419002591392254e-05
1.046308086226114626e-05
1.046367161544973672e-05
1.046305314048368005e-05
1.046299576804206739e-05
1.046398766069008433e-05
1.046327875769748014e-05
1.046367473236386980e-05
1.046230294302100976e-05
1.046297741860750268e-05
1.046289309707996591e-05
1.046241256479637130e-05
1.046245618757287272e-05
1.046219729005315437e-05
1.046167563079810244e-05
1.046107151069009032e-05
1.046209312183539990e-05
1.046145046226835422e-05
1.046137577228970910e-05
1.046163132135310044e-05
1.046082254674729409e-05
1.046079072807515311e-05
1.046130472635316668e-05
1.046097430086471458e-05
1.046462288134838130e-05
1.046082080809659051e-05
1.046005835216116467e-05
1.045991809291990615e-05
1.046026738777072798e-05
1.045979652796328653e-05
1.045992320011161257e-05
1.046038282728053001e-05
1.046011208624501447e-05
1.045999236074142831e-05
1.045987367850405747e-05
1.045956283936296396e-05
1.045978065424909176e-05
1.046007609337114825e-05
1.046079443729771166e-05
1.046123381343022629e-05
1.230617745325919999e-05
1.069544347577296708e-05
1.057346643544102885e-05
1.054637729945776823e-05
1.053259344454697079e-05
1.051896493891035721e-05
1.050865870600622039e-05
1.050246987612505787e-05
1.049700312667785775e-05
1.048961966527410069e-05
1.048460029286009945e-05
1.048099714353156782e-05
1.047640976404788238e-05
1.047430236705319413e-05
1.047241160790690649e-05
1.046885559389920679e-05
1.046718555547461938e-05
1.046366614370223603e-05
1.046286879841318343e-05
1.046211092216253692e-05
1.045958498252730398e-05
1.045958196300489383e-05
1.045740236956286657e-05
1.045773458751379330e-05
1.045798083661490358e-05
1.045567992529565053e-05
1.045578144688382440e-05
1.046371440073320105e-05
1.045499669203309202e-05
1.045405021651883164e-05
1.045481837536499295e-05
1.045472423697901791e-05
1.045459774066633423e-05
1.045408893598202436e-05
1.045459489281104964e-05
1.045473361690104316e-05
1.045412989280218087e-05
1.045369213443336748e-05
1.045379278707514533e-05
1.045423599900156409e-05
1.045440164148203601e-05
1.045378776969603976e-05
1.045321158737048451e-05
1.045437507855240337e-05
1.045346960002764948e-05
1.045368670512895475e-05
1.045384711612011096e-05
1.045296607799173264e-05
1.045396008521493052e-05
1.045462073951360497e-05
1.045444833077150810e-05
1.045413477868351085e-05
1.045353684844485556e-05
1.045310884819627938e-05
1.045302465892442973e-05
1.045412535897109307e-05
1.045379835924601675e-05
1.045302039074158515e-05
1.045323479578049283e-05
1.045245009170988200e-05
1.045394274986695849e-05
1.045300174685811203e-05
1.045380818557835761e-05
1.045265229132989365e-05
1.045287239776371205e-05
1.045338863264078127e-05
1.045279987276141196e-05
1.045352992794808714e-05
1.045371282505887705e-05
1.045235246389590178e-05
1.045204278057099064e-05
1.045176611228271199e-05
1.045195334199888741e-05
1.045190680504977828e-05
1.045078385194149992e-05
1.045133348876940294e-05
1.045169672124757131e-05
1.045091094511008164e-05
1.045005176213938631e-05
1.044977924076799076e-05
1.045016987253196326e-05
1.045011383704756282e-05
1.045000866042755722e-05
1.044980697012457903e-05
1.044996395307862319e-05
1.044914033438241635e-05
1.044848184695486744e-05
1.044934116028646937e-05
1.044974460531496666e-05
1.044921983710385948e-05
1.044894112548414966e-05
1.044850397496096164e-05
1.044908128392307831e-05
1.044822441485848739e-05
1.044903164218643072e-05
1.044852695940789979e-05
1.044822444820662515e-05
1.044816716140909824e-05
1.044752073577607685e-05
1.044761736845127124e-05
1.044765335715662067e-05
1.044812066538725062e-05
1.044698859573145394e-05
1.044747736652122234e-05
1.044795461249729289e-05
1.044700769133063014e-05
1.044660314012920304e-05
1.044778943006955764e-05
1.044671110056090807e-05
1.045012327494987423e-05
1.044760729807118606e-05
1.044723138988956580e-05
1.044720915653366916e-05
1.045097970404640432e-05
1.044660400680186278e-05
1.044664753711306961e-05
1.044531185243613470e-05
1.044596591820360708e-05
1.044941134978216785e-05
1.044742114724310001e-05
1.044680128832927399e-05
1.044634845432786618e-05
1.044571893051700737e-05
1.044502670803619102e-05
1.044758858938621456e-05
1.044381833025909220e-05
1.044462456358511869e-05
1.044436957461888067e-05
1.044352455210173475e-05
1.044345636273646967e-05
1.044375710800219690e-05
1.044820501382067376e-05
1.044309484996119802e-05
1.044288113651721925e-05
1.044269524110556400e-05
1.044283996937641194e-05
1.044292136877326486e-05
1.044339878831124150e-05
1.044389025461593153e-05
1.044308189989351356e-05
1.044266883203211737e-05
1.044309072995019960e-05
1.044269043897353756e-05
1.044242068663455308e-05
1.044177134152353818e-05
1.044215494668302830e-05
1.044338176749685541e-05
1.044218751303560553e-05
1.044236591496883118e-05
1.044251393333676421e-05
1.044084907296867892e-05
1.044201194076777083e-05
1.044089660619344287e-05
1.044238652411877349e-05
1.044185144375357310e-05
1.044124408281277270e-05
1.044128464438169091e-05
1.044180198997916420e-05
1.044135863632315406e-05
1.044107603358194600e-05
1.044097228827922602e-05
1.044143406640311336e-05
1.044122151104905494e-05
1.044137641201814438e-05
1.044075341458968300e-05
1.044066847498470506e-05
1.044102495522262531e-05
1.044046871318945135e-05
1.044086088578903040e-05
1.044262430127673724e-05
1.044119252734769069e-05
1.044105923294106737e-05
1.044129514980340860e-05
1.044033659923115879e-05
1.043910580278861669e-05
1.044068211816314318e-05
1.043981711025783937e-05
1.044214572743840128e-05
1.043942629545805820e-05
1.044073701715812217e-05
1.044057466780638314e-05
1.044037928712289851e-05
1.044069241174838701e-05
1.044407003329676362e-05
1.044094676975267601e-05
1.044114059178961453e-05
1.044009786141941765e-05
1.044020652178308688e-05
1.044126163189199910e-05
1.044050325579822509e-05
1.043600644569172278e-05
1.044115365213353145e-05
1.043920359544851364e-05
1.043974854421018539e-05
1.043929880855406126e-05
1.044065079478665883e-05
1.043902931580002268e-05
1.043890482113359545e-05
1.043865308247404830e-05
1.043909441364121462e-05
1.043882363887860218e-05
1.043850843871041373e-05
1.043864386322942128e-05
1.043850644691701732e-05
1.043837536637208006e-05
1.043878469469442945e-05
1.043875640183008089e-05
1.043891657559470332e-05
1.043891701366798533e-05
1.044056643157394564e-05
1.043974090218095388e-05
1.044009650096692602e-05
1.043805780568618583e-05
1.043937022814134306e-05
1.043949441774808863e-05
1.043840796379906045e-05
1.043810739815853662e-05
1.043883842764141026e-05
1.044262085846033513e-05
1.044003598773694343e-05
1.043944811309908495e-05
1.043954554347692390e-05
1.043869962472854322e-05
1.043931064979612217e-05
1.043898166130929894e-05
1.043790514700049189e-05
1.043876999612317967e-05
1.043772595835434900e-05
1.043788887235071729e-05
1.043853577698428051e-05
1.043777093248839523e-05
1.043823087381194115e-05
1.043874855668036657e-05
1.043890950957878248e-05
1.043770058193634444e-05
1.043777090671937953e-05
1.043791427377982432e-05
1.043753481818991273e-05
1.043760194647802632e-05
1.043550683865153933e-05
1.044094649235679224e-05
1.043909335180614990e-05
1.043784200684664707e-05
1.043913000633741254e-05
1.043856809474164085e-05
1.043771570076993836e-05
1.043769369137711020e-05
1.043743953156687568e-05
1.043800613918695815e-05
1.043797834578678472e-05
1.043694582222087693e-05
1.043777644667898049e-05
1.043746820679795468e-05
1.043779383242811830e-05
1.043795666570683087e-05
1.043715451904366336e-05
1.043799874120547096e-05
1.043805874132885906e-05
1.049007363879657777e-05
1.046449280617404567e-05
1.044646179404177562e-05
1.044401704537752531e-05
1.044280335387763199e-05
1.044179569779165275e-05
1.044078655278705579e-05
1.043900162130739691e-05
1.043903844788474089e-05
1.043825380823667098e-05
1.043789973778075330e-05
1.043788311790194705e-05
1.043701900925952921e-05
1.043888399749448554e-05
1.043749859036324731e-05
1.043727802766625327e-05
1.043780219257920764e-05
1.043755417792150740e-05
1.043667303709601868e-05
1.043681062507554652e-05
1.043621170841409645e-05
1.043677021243638599e-05
1.043594806371099000e-05
1.043607224725443825e-05
1.043660923490582168e-05
1.043659219628049604e-05
1.043595919251553464e-05
1.043613283930729606e-05
1.043612631065116066e-05
1.043638353394271635e-05
1.043565857685280248e-05
1.043598922213580795e-05
1.043651071692390061e-05
1.043621154659983091e-05
1.043606086720198299e-05
1.043548011352868370e-05
1.043570514752900683e-05
1.043599180472180339e-05
1.043582777507860270e-05
1.043565040466395013e-05
1.043554025841331100e-05
1.043513623168716318e-05
1.043542476433382639e-05
1.043567976504770496e-05
1.043544828500368268e-05
1.043574015928546405e-05
1.043540745475487174e-05
1.043399536797551196e-05
1.043718155680532272e-05
1.043613247361463450e-05
1.043558731680604992e-05
1.043586096632983163e-05
1.043593307713308659e-05
1.043566917890833155e-05
1.043590685185336015e-05
1.043563563750164264e-05
1.043497516775460160e-05
1.043545177253690734e-05
1.043537247142012395e-05
1.043620576145561496e-05
1.043612395240719116e-05
1.043498342066110798e-05
1.043542317347600982e-05
1.043502449344184018e-05
1.045956100976278885e-05
1.044012238101762081e-05
1.043754961756349069e-05
1.043626811717028051e-05
1.043647339694568221e-05
1.043620762364601799e-05
1.043498977386055509e-05
1.043489322682944476e-05
1.043615295922487905e-05
1.043526304404925586e-05
1.043580197612451772e-05
1.043550203235099609e-05
1.043571049801054604e-05
1.043497547622488684e-05
1.043447821643894726e-05
1.043518495938163474e-05
1.043553941788862440e-05
1.043515443029718800e-05
1.043458278218167800e-05
1.043523705448024016e-05
1.043429514197669023e-05
1.043423390569841979e-05
1.043474847051584145e-05
1.043429865982640653e-05
1.043380067547635266e-05
1.043392782662522222e-05
1.043361386602252138e-05
1.043339214978307955e-05
1.043413905942240103e-05
1.043440870527471578e-05
1.043292553617902801e-05
1.043319431270598759e-05
1.043403693415712028e-05
1.043342486203376496e-05
1.043296601134594895e-05
1.043386238734456135e-05
1.043416327092927470e-05
1.043454314412883839e-05
1.043443110309757000e-05
1.043351990460905600e-05
1.043390686277234568e-05
1.043321887626310175e-05
1.043377761334340828e-05
1.043342476085247932e-05
1.043382864319634540e-05
1.043432399039071786e-05
1.043381840872825672e-05
1.043363036387745463e-05
1.043324738551139842e-05
1.043277426030423782e-05
1.043306624258851367e-05
1.043260437427306972e-05
1.043265692146633228e-05
1.043417337731019307e-05
1.043358281170488552e-05
1.043375597949610342e-05
1.043857018657945392e-05
1.043679314724007157e-05
1.043439009132877515e-05
1.043489648471525769e-05
1.043398241032870543e-05
1.043366166716926653e-05
1.043413896733606390e-05
1.043421880202307339e-05
1.043386800006374021e-05
1.043449502162729846e-05
1.043441008770666207e-05
1.043451379094525155e-05
1.043412462687835363e-05
1.043427771302655632e-05
1.043452001302587884e-05
1.043430870671121060e-05
1.043368952158137562e-05
1.043364513596619214e-05
1.043317831204149149e-05
1.043405379770471509e-05
1.043317633768007549e-05
1.043288370055961375e-05
1.043276870025996103e-05
1.043218269728640816e-05
1.043207464855792364e-05
1.043208048258748063e-05
1.043267005987521119e-05
1.043214632735119559e-05
1.043234061626208131e-05
1.043262852438905027e-05
1.043375952842022119e-05
1.043221355757850634e-05
1.043251836904346433e-05
1.043189065929558074e-05
1.043289380807739941e-05
1.043994756438830017e-05
1.043158920879250184e-05
1.043398098962218968e-05
1.043259179217178140e-05
1.043190719769881973e-05
1.043261112272375680e-05
1.043239657785003825e-05
1.043244630636763718e-05
1.043271539250175268e-05
1.043245643738070225e-05
1.043284790171128352e-05
1.043184408407190214e-05
1.043232522382216635e-05
1.043268741909742009e-05
1.043351328348762770e-05
1.043191506482799041e-05
1.043184793957152633e-05
1.043223968925606920e-05
1.043194230457326359e-05
1.043116622781781175e-05
1.043440711555376820e-05
1.043325266474918618e-05
1.043253678214265843e-05
1.043149881941947956e-05
1.043154449007488472e-05
1.043112693120444107e-05
1.043180171905078196e-05
1.043106928743024195e-05
1.043243484825021993e-05
1.043193878520772424e-05
1.043316346454048403e-05
1.043099635163950199e-05
1.043087301468403934e-05
1.043104984243351900e-05
1.043038509502972911e-05
1.043327737268858378e-05
1.043055045139832790e-05
1.043053195454983026e-05
1.043049749606931751e-05
1.043000515020745820e-05
1.043580264232938671e-05
1.043068291361729823e-05
1.046389990392526751e-05
1.042445874494054215e-05
1.042579159426774456e-05
1.042695712991796189e-05
1.042853308452625514e-05
1.042874574485116024e-05
1.042903160055175290e-05
1.042837057942354789e-05
1.042910760399233083e-05
1.042823832335670818e-05
1.043046490356876714e-05
1.042877167416615181e-05
1.042900778202238123e-05
1.124433952062039008e-05
1.045000857288869095e-05
1.044081207661899159e-05
1.044343161008024783e-05
1.044235522158487651e-05
1.044233296890221556e-05
1.044020363413740977e-05
1.043872644648521023e-05
1.043561401540197664e-05
1.044222147394672536e-05
1.043358504186168470e-05
1.043176661634485489e-05
1.043071175672594176e-05
1.043078718301634004e-05
1.043074017047729265e-05
1.042775589742935500e-05
1.042861309125934596e-05
1.042904390412028676e-05
1.042827910206748774e-05
1.042847072009559853e-05
1.042838649103335466e-05
1.042753457644115145e-05
1.042792751301628156e-05
1.042740181029936675e-05
1.042843754059201016e-05
1.042689254025693443e-05
1.042762958528934727e-05
1.042925707300431210e-05
1.042687444244923779e-05
1.042693787326243169e-05
1.042727583921987389e-05
1.042687844195218796e-05
1.042655015529210944e-05
1.042632326592259552e-05
1.042651781214469087e-05
1.042678591905617619e-05
1.042696240460827539e-05
1.042692438507704856e-05
1.042732261870090429e-05
1.042662773519017135e-05
1.042695517677808902e-05
1.042696337132535179e-05
1.042568225746739055e-05
1.298556015967733395e-05
1.066566033046001353e-05
1.050272774477889518e-05
1.046896177247920876e-05
1.045822720622406213e-05
1.045134380054454039e-05
1.044588466811546762e-05
1.044176138975672075e-05
1.043911419136141715e-05
1.043620831145138587e-05
1.043293428892866359e-05
1.043124144075591141e-05
1.042882908526128970e-05
1.042702738042559433e-05
1.042569071387333720e-05
1.042492421561291917e-05
1.042298205675251605e-05
1.042273988900888064e-05
1.042029257102209681e-05
1.041948927422709016e-05
1.041979992426907600e-05
1.041875597782867093e-05
1.048453847071565830e-05
1.041905555515161947e-05
1.041716527349005059e-05
1.041847272328292649e-05
1.041919396167637924e-05
1.041853601160861747e-05
1.041946025490384849e-05
1.041958825074592145e-05
1.041962965018683422e-05
1.041886079709305026e-05
1.041877655742003652e-05
1.046888040226197850e-05
1.042276265100857336e-05
1.041754731204491677e-05
1.041792995238210931e-05
1.041602794884966049e-05
1.041769141314337842e-05
1.041758866904274328e-05
1.041783151890740501e-05
1.049978369678683514e-05
1.042993199462216655e-05
1.042500668442395717e-05
1.042215761344777995e-05
1.042005714945541221e-05
1.041959338711725052e-05
1.042025525483343944e-05
1.041846852141740505e-05
1.041858480220980689e-05
1.041831828918778595e-05
1.041802535307093985e-05
1.041791828659673500e-05
1.041718764516493505e-05
1.041616704848517392e-05
1.041709974060722784e-05
1.041674396409083112e-05
1.041704152839884012e-05
1.041746974730510068e-05
1.041652707234182616e-05
1.041613444764758826e-05
1.041589815789241916e-05
1.041595231413339193e-05
1.041547632022835937e-05
1.041735740765640539e-05
1.041568910674565427e-05
1.041728457835233685e-05
1.041579441903195395e-05
1.041606038370446213e-05
1.041697673448046086e-05
1.041594367469163831e-05
1.041575610997824704e-05
1.041630367581092267e-05
1.041560080201027876e-05
1.041562296791198666e-05
1.041647159884935956e-05
1.043209120022462793e-05
1.041929868165425514e-05
1.041673329230737534e-05
1.041841568470166070e-05
1.041529939887671614e-05
1.054828383492652772e-05
1.039663277386656203e-05
1.039883330615035997e-05
1.040553192675967307e-05
1.040951679025662658e-05
1.041245934478259465e-05
1.041411379029947634e-05
1.041454084581043077e-05
1.041538039354842649e-05
1.041557204719841471e-05
1.042305618625505378e-05
1.041525330644314378e-05
1.041520502364316307e-05
1.041493238782701827e-05
1.041531540939407396e-05
1.041532842843177360e-05
1.041480692758038193e-05
1.041613308795300985e-05
1.041507658063286129e-05
1.041516460342487878e-05
1.041497345189175942e-05
1.041451219559045594e-05
1.041482957210367590e-05
1.041432814645304468e-05
1.041471399465384182e-05
1.041431513537342286e-05
1.041514028505237792e-05
1.041416337064523081e-05
1.041492137081453084e-05
1.041498298036458491e-05
1.041376593661880186e-05
1.041527685477679628e-05
1.041497342650169780e-05
1.041489476998928450e-05
1.041435659393149077e-05
1.041446857811934030e-05
1.041454035013581837e-05
1.041337327402895195e-05
1.041523569862571630e-05
1.041418944472146327e-05
1.041392059050849578e-05
1.041502531317443462e-05
1.041401601886112422e-05
1.041376235396758887e-05
1.041409458556093667e-05
1.041373672819645422e-05
1.041392442289179632e-05
1.041476734068661794e-05
1.041435926746695944e-05
1.041433075063954071e-05
1.041471942888468458e-05
1.041506996405890555e-05
1.041344529388273537e-05
1.041609204586772336e-05
1.041509484972872773e-05
1.041442168987790220e-05
1.041458564638257261e-05
1.041576440419097070e-05
1.041409613700731479e-05
1.041437300576338589e-05
1.041488914097499253e-05
1.041457021112061393e-05
1.041444688742861489e-05
1.041498709014376753e-05
1.041403115512669854e-05
1.041380196814619331e-05
1.041510346870685144e-05
1.041450496776027126e-05
1.041392976541525602e-05
1.041509914140685172e-05
1.041399095318714288e-05
1.041483992442711741e-05
1.041419124665784048e-05
1.043630869617118083e-05
1.041615578590911741e-05
1.041410818629628853e-05
1.041406909469818286e-05
1.041295792712541385e-05
1.041787822638677073e-05
1.041385298246192715e-05
1.041383497484578882e-05
1.041273849788619006e-05
1.041387283673126692e-05
1.041256594135120449e-05
1.041270321403923485e-05
1.041392096870670942e-05
1.041331967977991302e-05
1.041470573530508237e-05
1.041248505468199031e-05
1.041336385014801568e-05
1.041230372493373586e-05
1.041304298231201172e-05
1.041259123515677280e-05
1.041340993272873139e-05
1.041272962841806726e-05
1.041316684298484043e-05
1.041244420965388932e-05
1.041305165055443223e-05
1.041281670647246471e-05
1.041279499493915192e-05
1.041237388562876745e-05
1.041322045428690570e-05
1.041264339013044488e-05
1.041277751217724696e-05
1.041326908989503843e-05
1.041344334187973148e-05
1.043547038193537372e-05
1.039001665503747063e-05
1.038345831640678394e-05
1.037854649098335412e-05
1.037426115241639085e-05
1.037165946324118264e-05
1.036922762637004733e-05
1.036782578201685575e-05
1.036575662169525397e-05
1.036508146095608691e-05
1.036310715714231801e-05
1.036167273734160239e-05
1.036093143284233601e-05
1.035994289054542660e-05
1.035931871418445919e-05
1.035833088697775810e-05
1.035763782207747295e-05
1.035701513804573022e-05
1.035663218203808274e-05
1.035581581390943015e-05
1.035531234075885265e-05
1.035491577833151177e-05
1.035450214165696951e-05
1.035388955491119664e-05
1.035301497912162889e-05
1.035317413728383389e-05
1.035287963645714606e-05
1.035296610704487390e-05
1.035212271858654235e-05
1.035210290865506936e-05
1.035224887762827390e-05
1.035164068828938322e-05
1.035080524540414180e-05
1.035085882108432964e-05
1.035068914575276640e-05
1.035050588635992188e-05
1.035038798439321352e-05
1.034961176325547655e-05
1.034931002967217233e-05
1.034898015556488420e-05
1.034880961242379224e-05
1.034828496661551383e-05
1.034784139847033610e-05
1.034755632758788185e-05
1.034755511454932316e-05
1.034738807409970167e-05
1.034695450888042038e-05
1.034604569251011275e-05
1.034659898588567225e-05
1.034631620655091030e-05
1.034566519289607261e-05
1.034513805052483858e-05
1.034546876439890177e-05
1.034482737168218584e-05
1.034496211711181487e-05
1.034425199198570518e-05
1.034387762691342945e-05
1.034413859467046365e-05
1.034350743452705420e-05
1.034361993864270876e-05
1.034298837074250894e-05
1.034297686184497014e-05
1.034278960749664632e-05
1.034323270043084157e-05
1.034245662935973128e-05
1.034239532600622617e-05
1.034219920218977955e-05
1.034177414718821258e-05
1.034326221732347446e-05
1.034221638974486288e-05
1.034207372716385485e-05
1.034127628940950597e-05
1.034126391156557115e-05
1.034139070194820917e-05
1.034074297649567604e-05
1.034088083504987711e-05
1.034102990312627855e-05
1.034070328538897860e-05
1.034046555181097011e-05
1.033993135668727885e-05
1.034051943671935641e-05
1.033979923893942526e-05
1.034003038360727592e-05
1.033982113388750247e-05
1.033943310517315701e-05
1.033968451906730411e-05
1.033903578028609153e-05
1.033949419744809978e-05
1.033921449637394568e-05
1.033873626511194764e-05
1.033892116538481706e-05
1.033891264000885692e-05
1.033892465216013018e-05
1.033868360726349516e-05
1.033869707877480941e-05
1.033848151867762919e-05
1.033864488097909360e-05
1.033835093835477858e-05
1.033875803386763504e-05
1.033872054222229107e-05
1.033824093118103879e-05
1.033859693393424027e-05
1.033802432819660069e-05
1.033779431206009196e-05
1.033772460308076345e-05
1.033760953494796284e-05
1.033783649783496620e-05
1.033728603071419070e-05
1.033713605655369445e-05
1.033708600933399108e-05
1.033658617795178170e-05
1.033666471471406166e-05
1.033655207114255368e-05
1.033655607102446131e-05
1.033635120393228169e-05
1.033622149937703764e-05
1.033599133772137649e-05
1.033598045334353364e-05
1.033595096942008274e-05
1.033584172205337381e-05
1.033563947430593605e-05
1.033562926522790729e-05
1.033569709799545932e-05
1.033542150707944529e-05
1.033497781804726353e-05
1.033507965492693319e-05
1.033498342735583713e-05
1.033480209874445166e-05
1.033469557076690124e-05
1.033541615091356453e-05
1.033490889274920276e-05
1.033450647431285023e-05
4.423389990392934367e-05
1.687610479772653618e-05
1.318453928888629964e-05
1.212321318917020081e-05
1.150964619910155361e-05
1.110390847846550405e-05
1.088802686429820199e-05
1.076590234295811956e-05
1.068842363262471410e-05
1.063684049919781270e-05
1.059880445609451292e-05
1.056901891388406464e-05
1.054410825986451568e-05
1.052247204976689874e-05
1.050400650304557896e-05
1.048658070127809519e-05
1.047111009711443256e-05
1.045602323188177191e-05
1.044265186275576267e-05
1.043199318284374928e-05
1.042171671201686035e-05
1.041267796343466603e-05
1.040347147371297449e-05
1.039388705180499582e-05
1.039959857659293095e-05
1.039291849262250803e-05
1.040082163778303542e-05
1.039684004846700795e-05
1.039095293966359587e-05
1.038365710163210122e-05
1.037639604229904511e-05
1.036952235267563008e-05
1.036372747004558508e-05
1.035870332430022258e-05
1.035478302090571811e-05
1.035120773394737680e-05
1.034836690905649373e-05
1.034625843923701343e-05
1.055968645535661652e-05
1.040825471401755369e-05
1.035993847570656061e-05
1.035096583564154564e-05
1.034749510305725027e-05
1.034352115084402599e-05
1.034060778730842346e-05
1.033856940315066225e-05
1.033678628762875911e-05
1.033485264391250371e-05
1.033342852868675755e-05
1.033265141889690618e-05
1.033161510235913799e-05
1.033105670217082614e-05
1.033017944412980206e-05
1.032992965254682877e-05
1.032919812397873747e-05
1.032880983340570982e-05
1.032761546525762221e-05
1.032772605223423540e-05
1.032701979397643299e-05
1.032698130832917218e-05
1.032686006055882886e-05
1.032602945883809318e-05
1.032644618211027856e-05
1.032570141622575899e-05
1.032528416620455804e-05
1.032518925209539478e-05
1.032498777021828519e-05
1.032523151972479035e-05
1.032469818937897832e-05
1.032468627613525273e-05
1.032441305180024518e-05
1.032419849707366659e-05
1.032434745032636132e-05
1.032389584452175802e-05
1.032425136221111867e-05
1.032390906819576522e-05
1.032386957907268329e-05
1.032356504803525858e-05
1.032389332635830181e-05
1.032336303713539883e-05
1.032340203437342939e-05
1.032266370619557538e-05
1.032266968726010785e-05
1.032294175691580032e-05
1.032222126923443331e-05
1.032256739146456882e-05
1.032239103248381688e-05
1.032197582276239761e-05
1.032144942693472914e-05
1.032187072837587079e-05
1.032137753933663284e-05
1.032137531524313097e-05
1.032080909756890269e-05
1.032097153749115580e-05
1.032037973800470388e-05
1.032070563762014600e-05
1.039535140951860170e-05
1.033331972583558371e-05
1.033064675614999304e-05
1.032789181560171304e-05
1.032562043974394396e-05
1.032466701910076676e-05
1.032255816843038077e-05
1.032200350929694386e-05
1.032093478822086228e-05
1.032099573042918008e-05
1.032014556130889098e-05
1.032007892339000401e-05
1.031946142044641121e-05
1.031921702785136071e-05
1.031906551853959776e-05
1.031862811032624436e-05
1.031880068353530051e-05
1.031857394157971951e-05
1.031841329866741360e-05
1.031785882673830215e-05
1.031837151003855986e-05
1.031771219724457018e-05
1.031799262023014314e-05
1.031770423689219339e-05
1.031795223752851679e-05
1.031782545927247509e-05
1.031845750768904149e-05
1.031736236503396290e-05
1.031768872735483374e-05
1.031753016908017629e-05
1.031751086316035098e-05
1.031746957589045118e-05
1.031754094621343619e-05
1.031735670418735623e-05
1.031739130288163561e-05
1.031715990772378586e-05
1.031735792328921224e-05
1.031739792400306560e-05
1.031700693223077308e-05
1.031730530674697873e-05
1.031814216427543860e-05
1.031661900052919647e-05
1.031732939926162890e-05
1.031735540171515245e-05
1.031673097448523020e-05
1.031707686593108499e-05
1.031695462150613278e-05
1.031652302269018627e-05
1.031669743535227757e-05
1.031676254342528362e-05
1.031657459672411936e-05
1.031633151986473795e-05
1.031646923176291761e-05
1.031625746691133746e-05
1.031633304781583666e-05
1.031637615975948155e-05
1.031671529707030771e-05
1.031629567061524194e-05
1.031632269890299872e-05
1.031626399480955964e-05
1.031612377119017684e-05
1.031641608392419598e-05
1.031612175628045678e-05
1.031589638841978679e-05
1.031633047735643584e-05
1.031561062632135940e-05
1.031588807488030051e-05
1.031578466381688486e-05
1.031550517268442409e-05
1.031600502945669510e-05
1.031574070604316759e-05
1.034744398945501131e-05
1.031806321407202672e-05
1.031690522002766848e-05
1.031535036607541145e-05
1.031493384478683989e-05
1.031498945432455634e-05
1.031525743997008188e-05
1.031483048791415106e-05
1.031513915753142359e-05
1.031479897127004055e-05
1.031428041983417656e-05
1.031395239730651821e-05
1.038785768059824402e-05
1.032978786308073356e-05
1.032435151311498512e-05
1.032302891985637029e-05
1.032054422315316868e-05
1.031944801449450687e-05
1.031815644675286102e-05
1.031763961615676275e-05
1.031722103978912285e-05
1.031599467978594394e-05
1.031571112548590531e-05
1.031552618163307894e-05
1.031561316760113757e-05
1.031515539731723568e-05
1.031517628992636076e-05
1.031445647981854583e-05
1.031480262061753243e-05
1.031428969213266141e-05
1.031427896236891609e-05
1.031419413720868740e-05
1.031417579004786067e-05
1.031426326486932115e-05
1.031378196557852768e-05
1.031444035068792196e-05
1.031446772913113873e-05
1.031357955791160490e-05
1.031345438377684338e-05
1.031355801577168141e-05
1.031637197456802898e-05
1.031489882166169957e-05
1.031510832225042957e-05
1.031424715620232719e-05
1.031370169206032466e-05
1.031369678723118952e-05
1.031319103579638332e-05
1.031307978716237541e-05
1.031314861431080005e-05
1.031296579109645533e-05
1.031301094978213497e-05
1.031290494893255588e-05
1.031297903296035616e-05
1.031269564767474935e-05
1.031289636064987788e-05
1.031291090347015943e-05
1.031300164906194069e-05
1.031266013380142496e-05
1.031260720575725501e-05
1.031244605769643413e-05
1.031259221652665786e-05
1.031238668247169773e-05
1.031199705948893043e-05
1.031240472116223753e-05
1.031224088061814282e-05
1.031242822970549920e-05
1.031221598850606757e-05
1.031273772431025843e-05
1.031240444717695903e-05
1.031192766883274720e-05
1.031241305706013592e-05
1.031205282894613189e-05
1.031214075283060002e-05
1.031264056185439898e-05
1.031234716568481790e-05
1.031225704006525663e-05
1.031212915449941613e-05
1.031273421025010317e-05
1.031245008145257693e-05
1.031222000923056256e-05
1.031196644854996236e-05
1.031277590717157555e-05
1.031229134393167184e-05
1.031255376005901801e-05
1.031214008359408323e-05
1.031166537662405286e-05
1.031184614362246025e-05
1.031182905497492628e-05
1.031170989184223141e-05
1.031165921858701074e-05
1.031202480855123878e-05
1.031122267174093130e-05
1.031183909882808254e-05
1.031153536397747934e-05
1.031159973839142598e-05
1.031125007254255849e-05
1.031164016050449078e-05
1.031187915790117952e-05
1.031147210028393676e-05
1.031148552556260202e-05
1.031110878178272518e-05
1.031128530712521690e-05
1.031134824870605317e-05
1.031183230641848614e-05
1.031276982985218577e-05
1.031199410666279917e-05
1.031085207235567721e-05
1.031132294239493278e-05
1.031114996597655882e-05
1.031058452250969571e-05
1.031108784862529604e-05
1.031148472407039642e-05
1.031114561707606021e-05
1.031114147963307969e-05
1.031084304069433142e-05
1.031081481793686703e-05
1.031067252521703905e-05
1.031026167311210945e-05
1.031125470793388938e-05
1.031065092054935345e-05
1.031083316585560699e-05
1.031050117603626893e-05
1.031050739963272096e-05
1.031033640136532404e-05
1.031052971711687860e-05
1.031057496144664230e-05
1.031113789432917296e-05
1.031068534075529842e-05
1.031018825528917646e-05
1.030995699200805806e-05
1.031077908237421043e-05
1.031000050337145973e-05
1.031018571855687086e-05
1.031046310420909580e-05
1.031053574782466363e-05
1.032297917201200705e-05
1.031955295995127601e-05
1.031498521721611493e-05
1.031302146240401895e-05
1.032792446873524331e-05
1.031510831921878007e-05
1.031223442244784904e-05
1.031109040203167222e-05
1.031079518270416911e-05
1.031000730677078516e-05
1.030975893210476660e-05
1.030952292391399807e-05
1.030949196168270103e-05
1.030880198603275274e-05
1.030888122007430316e-05
1.030862355188825493e-05
1.030913612680706070e-05
1.030848688477211365e-05
1.030867593840412094e-05
1.030961392833281371e-05
1.030853578451266654e-05
1.030834832325429719e-05
1.030844607612379992e-05
1.030850968239368210e-05
1.030802703098743229e-05
1.030810818633653919e-05
1.030830583924095351e-05
1.030805598437230659e-05
1.030778074853818256e-05
1.030779460090040249e-05
1.030805999410707425e-05
1.030810263349242870e-05
1.032754620875190662e-05
1.031140345124489077e-05
1.031055527657069182e-05
1.031003725718922749e-05
1.030937720429392364e-05
1.030883305323489645e-05
1.030947490107791903e-05
1.030825037446447796e-05
1.030831517709884826e-05
1.030784090403358311e-05
1.030805982698742124e-05
1.030745479662679583e-05
1.030748247823491205e-05
1.030750293921300990e-05
1.030732647942992639e-05
1.030716615067224897e-05
1.030737450150809390e-05
1.030698039016897457e-05
1.030711456072216022e-05
1.030711652939923298e-05
1.030659708286899983e-05
1.030662741489625938e-05
1.030646202517952283e-05
1.030647669873966674e-05
1.030652248952416439e-05
1.030643503327155499e-05
1.030618990891222560e-05
1.030675456566617318e-05
1.030677851152480194e-05
1.030626866471114573e-05
1.030639943223832179e-05
1.030595173915571731e-05
1.030622846618219533e-05
1.030608734974217964e-05
1.030571897899790167e-05
1.030598869988352892e-05
1.030569609345851289e-05
1.030576322629409903e-05
1.030541304885446179e-05
1.030547915623477216e-05
1.030733437043333394e-05
1.030656873543497038e-05
1.030639578061709532e-05
1.030557755370864497e-05
1.030553206949965375e-05
1.030539886528458703e-05
1.030524210629361475e-05
1.030551161913232747e-05
1.030510902637615732e-05
1.030465641065347814e-05
1.030510229080997977e-05
1.030474436182279010e-05
1.030458330925891161e-05
1.030428802626677911e-05
1.030443155893105215e-05
1.030447390462541141e-05
1.030446482142603254e-05
1.030405747883378394e-05
1.030395252920849632e-05
1.030418242370008781e-05
1.030423669362789999e-05
1.030444309625030038e-05
1.030384033280521716e-05
1.030390646595454492e-05
1.030407611816978450e-05
1.030393363521397987e-05
1.030394593650877745e-05
1.030331905364315939e-05
1.030380418645412070e-05
1.030374511136263595e-05
1.030321555466192340e-05
1.030345236775550279e-05
1.030303010528162629e-05
1.030326500350990228e-05
1.030343857223670002e-05
1.030306134794045661e-05
1.030302386955857625e-05
1.030294999206186405e-05
1.030293941804908695e-05
1.030279368023911889e-05
1.030274884783466405e-05
1.030341844815059855e-05
1.030271451516758365e-05
1.030221855520115581e-05
1.030280210632857559e-05
1.030273691071670328e-05
1.030273542331391032e-05
1.030222295791342378e-05
1.030233196350612466e-05
1.030239163772724542e-05
1.030235267876378263e-05
1.030233942060476700e-05
1.030191768374303708e-05
1.030184967362401962e-05
1.030201254896686269e-05
1.030185322330604892e-05
1.030201732760360803e-05
1.030199492637014685e-05
1.030205192175041316e-05
1.030161563335241233e-05
1.030157626587424595e-05
1.030156188107866890e-05
1.030158678797003251e-05
1.030588854897966247e-05
1.030318137319833697e-05
1.030180182056028564e-05
1.030143639885257790e-05
1.030191387106545661e-05
1.030161762704058925e-05
1.030187926668683399e-05
1.030195048277467553e-05
1.030155182926743312e-05
1.030162174780950090e-05
1.030184544826321707e-05
1.030136353923201941e-05
1.030154307689675330e-05
1.030149313199520626e-05
1.030195410142672170e-05
1.030115466884732690e-05
1.030149448373170683e-05
1.062709563143471362e-05
1.033163494488083721e-05
1.032201904195062545e-05
1.031723411225963609e-05
1.031314515595719635e-05
1.031036627182402217e-05
1.030818029638188262e-05
1.030794471982214133e-05
1.030511366100957499e-05
1.030392558656482528e-05
1.030301639389108452e-05
1.030211863204992057e-05
1.030128047318612591e-05
1.030121689003256737e-05
1.030077268562005653e-05
1.030048273378270062e-05
1.030040612249649732e-05
1.030048505488897134e-05
1.030007812156933786e-05
1.030001175422512413e-05
1.029982576180070004e-05
1.029991030463861494e-05
1.030006177378102960e-05
1.029972155417150711e-05
1.029946763082989485e-05
1.029944548577077431e-05
1.029940053096349070e-05
1.029950158529876160e-05
1.030103709695140437e-05
1.033733579068515026e-05
1.030464141119106518e-05
1.030209868379946146e-05
1.030097256981813732e-05
1.030034982894297403e-05
1.030027119857853219e-05
1.029998742637872069e-05
1.030002096816436536e-05
1.029910129015358276e-05
1.029908657377139512e-05
1.029917059895524296e-05
1.029880895316637098e-05
1.029890960088171881e-05
1.029854242384923692e-05
1.029817512896139883e-05
1.029844970465395288e-05
1.029827348437114114e-05
1.029817214847146967e-05
1.029844351743728641e-05
1.029839965932903172e-05
1.029848422035684025e-05
1.029841834413976636e-05
1.029784198143109618e-05
1.029841462620121676e-05
1.063553400361646112e-05
1.031976818959871463e-05
1.031676219326982364e-05
1.031271465118758673e-05
1.030913602221517148e-05
1.030686913054523764e-05
1.030403642554726231e-05
1.030241816124544130e-05
1.030119871529677773e-05
1.030072082699007337e-05
1.029950598497938177e-05
1.030049500286622774e-05
1.029920199243861148e-05
1.029860508348671516e-05
1.029929729270406790e-05
1.029820046824170290e-05
1.029816485887143611e-05
1.029790882398629071e-05
1.029771000389700923e-05
1.029744450079306248e-05
1.029692330424344095e-05
1.029706570307098459e-05
1.029709164375465926e-05
1.029727865140254502e-05
1.029694473345443826e-05
1.029717666028773190e-05
1.029723961664785822e-05
1.029791793788111360e-05
1.029714844435147804e-05
1.029754498366249528e-05
1.029730644404480693e-05
1.029725838861850166e-05
1.029707126349421715e-05
1.029689676367221705e-05
1.029708296528042465e-05
1.029738542304888400e-05
1.029709572283839787e-05
1.029713838988755022e-05
1.030343142436625616e-05
1.029851756660112418e-05
1.029780803833091422e-05
1.031164369351245120e-05
1.029730132965293421e-05
1.029730216449327925e-05
1.029761039224771044e-05
1.029736416057858225e-05
1.029722088484656137e-05
1.029728806088314700e-05
1.029734071191038894e-05
1.029709587517875913e-05
1.029729210623979039e-05
1.029738664063491695e-05
1.029751684541224595e-05
1.029816545496942092e-05
1.029718426101074614e-05
1.029716328351545022e-05
1.029713688277903887e-05
1.029743985100139899e-05
1.029654695874645191e-05
1.029683097802565723e-05
1.029716291289635864e-05
1.029687590365331988e-05
1.029871007024970157e-05
1.029750522927012420e-05
1.029708237069826289e-05
1.029709881815203204e-05
1.029715848517298650e-05
1.029710819352658304e-05
1.029711462251725586e-05
1.029701287014480297e-05
1.029689726237847895e-05
1.029700411171082415e-05
1.029668313094589400e-05
1.029719436473897076e-05
1.029697048996543697e-05
1.029719906190014884e-05
1.029718025354971645e-05
1.029692240308577277e-05
1.029713005171591554e-05
1.029703414739439478e-05
1.029677668536047886e-05
1.029671780846304860e-05
1.029716134856547267e-05
1.029688276389606417e-05
1.029672060591716740e-05
1.030033578066043759e-05
1.029949040950365645e-05
1.029703842277740396e-05
1.029692685998876756e-05
1.029697103073582768e-05
1.029687393762894086e-05
1.029662124286308718e-05
1.029666844563810953e-05
1.029687523593262615e-05
1.029702159485168488e-05
1.029678021003140568e-05
1.029714238370615883e-05
1.029674695549450313e-05
1.029675674355227451e-05
1.029667499437891739e-05
1.029641712875672959e-05
1.029763193325076494e-05
1.029689741661362242e-05
1.029686129754736639e-05
1.029700877552386448e-05
1.029641471063769172e-05
1.029680126748644411e-05
1.029693829953733542e-05
1.056145563628282094e-05
1.042838891635256052e-05
1.036040369323624649e-05
1.033924755347470697e-05
1.032864346295051834e-05
1.032195250862362939e-05
1.031781572805812256e-05
1.031373630250224459e-05
1.031094411018784815e-05
1.030866355904436137e-05
1.030631937586198010e-05
1.030401325806451550e-05
1.030271736302286993e-05
1.030136043937091098e-05
1.029947226432644353e-05
1.029892889656973001e-05
1.029865765379630307e-05
1.029793918519317292e-05
1.029784852145591299e-05
1.029683460349891224e-05
1.029706592854987952e-05
1.029611308884644471e-05
1.029651723267003721e-05
1.029587709202435927e-05
1.029615519314574999e-05
1.029616797760960789e-05
1.029559256911246203e-05
1.029518079917579537e-05
1.029578811691559798e-05
1.029563063639216091e-05
1.029568690076606155e-05
1.029568465393519179e-05
1.029556136700193747e-05
1.029563653181260932e-05
1.029583921763332910e-05
1.029448268961156590e-05
1.029496748060410082e-05
1.029585371914739338e-05
1.029512682256002600e-05
1.029539071168983423e-05
1.029545985867722890e-05
1.029543733238824691e-05
1.029506826322782781e-05
1.029485578290708187e-05
1.029573362984592616e-05
1.029553427694433350e-05
1.029514849885041882e-05
1.029541002026235158e-05
1.029529135886756812e-05
1.029535529407136546e-05
1.029543733352511420e-05
1.029475739301233282e-05
1.029530460338416268e-05
1.029480938010844206e-05
1.029546312073155863e-05
1.029496447586097902e-05
1.029514165603965663e-05
1.029535840871176394e-05
1.029510446755921212e-05
1.029520794266621463e-05
1.029555470457429020e-05
1.029495680048360806e-05
1.030162721387265835e-05
1.029452453622070580e-05
1.029537764679844306e-05
1.029534439756692628e-05
1.029475044636759125e-05
1.029533264916911572e-05
1.029441664779066375e-05
1.031213591697148005e-05
1.029530740614366896e-05
1.029470591258056331e-05
1.029450474220539015e-05
1.029551126066508065e-05
1.029534314322215031e-05
1.029521160868777539e-05
1.029459570418111953e-05
1.029530216063297642e-05
1.029456303437352038e-05
1.029468261663169041e-05
1.029499531038406151e-05
1.029484357445653634e-05
1.029492387071210555e-05
1.029500697048509596e-05
1.029467781563653295e-05
1.029464917337463764e-05
1.029475127438672576e-05
1.029478959101955643e-05
1.029491081226296915e-05
1.029486617502091929e-05
1.029503946748870225e-05
1.029417283386161766e-05
1.029508126369667805e-05
1.029431082618733229e-05
1.029499564234962786e-05
1.029470689672962180e-05
1.029469453025437007e-05
1.029483967575591435e-05
1.029450595751768513e-05
1.029487372761650402e-05
1.029452532861796458e-05
1.029511167151516332e-05
1.029498268242908505e-05
1.029473392501737859e-05
1.029470952403244148e-05
1.029487708744151581e-05
1.029467280962611217e-05
1.029427960096048408e-05
1.029500126037419250e-05
1.029517450660932816e-05
1.029447925210054788e-05
1.029421292552494087e-05
1.029455001760955702e-05
1.029501767220608592e-05
1.029478381610715628e-05
1.029443272348847403e-05
1.029461352194024035e-05
1.029508393003197873e-05
1.029463195663993166e-05
1.029455702564519002e-05
1.029491829475167310e-05
1.029484374309201240e-05
1.029452646321260552e-05
1.029443896906438242e-05
1.029514334428919612e-05
1.029457224528111212e-05
1.029412833797020173e-05
1.029456210100458174e-05
1.029433692679049198e-05
1.029418195874616957e-05
1.029436467509488710e-05
1.029406919201392129e-05
1.029425742558487359e-05
1.029450663319645838e-05
1.029424885321835294e-05
1.029438380858967701e-05
1.029483349498150265e-05
1.029459090545970004e-05
1.029449216199888405e-05
1.029461737668195132e-05
1.029446257992579702e-05
1.029412489363797487e-05
1.029545482917152870e-05
1.029488539605457207e-05
1.029447550460342155e-05
1.029478283915826408e-05
1.029521835107516347e-05
1.029414426928572858e-05
1.029474454412593399e-05
1.029467204413473807e-05
1.029463557301823985e-05
1.029480570233924244e-05
1.029476950407115544e-05
1.029602546282149026e-05
1.029482450652115634e-05
1.029439437578124188e-05
1.029421340528339592e-05
1.029414628192171235e-05
1.029467348492592797e-05
1.029488037715964344e-05
1.029409670043908889e-05
1.029433745316055178e-05
1.029444777676265634e-05
1.029399760189638460e-05
1.029434281197912628e-05
1.029444350137964715e-05
1.029475616784717781e-05
1.029448066712272209e-05
1.029440464473433730e-05
1.029397844263257900e-05
1.029372715720455799e-05
1.029417198992632580e-05
1.029456916929423886e-05
1.029381736808924585e-05
1.029417895892947779e-05
1.029390475612975329e-05
1.029415781279870581e-05
1.029364680258974346e-05
1.029388565749892759e-05
1.029390945442780036e-05
1.029394919366192561e-05
1.029397014159864481e-05
1.029395649538855718e-05
1.029376644396506863e-05
1.029401985647382437e-05
1.029392361904986827e-05
1.029337203249269765e-05
1.029399315636207290e-05
1.029351647389376093e-05
1.029400939766370974e-05
1.029347297352008660e-05
1.029342765643074669e-05
1.029372691580950571e-05
1.029413239545344144e-05
1.029343880873057073e-05
1.029444776463606172e-05
1.029350940029871634e-05
1.029364225246354255e-05
1.029325777267331486e-05
1.029332943820312151e-05
1.029378624290681429e-05
1.029353315554241437e-05
1.029355922999760261e-05
1.029371772801823763e-05
1.029290018588350565e-05
1.029343790681499103e-05
1.029409345581673957e-05
1.029337789835456764e-05
1.029329294093865184e-05
1.029298632829522817e-05
1.029401784080619109e-05
1.029280977907850127e-05
1.029299950194702704e-05
1.029328429922316024e-05
1.029332625307688479e-05
1.029344664289055772e-05
1.029338422047961327e-05
1.029328032738400629e-05
1.029348319207201793e-05
1.029281855494446049e-05
1.029320110243740268e-05
1.029342439361850374e-05
1.029272791091292064e-05
1.029335128275003294e-05
1.029337385299792594e-05
1.029345245228796632e-05
1.029316198052280538e-05
1.029280277028495505e-05
1.029342718728306320e-05
1.029274456527673532e-05
1.029306005193575436e-05
1.029312291431475964e-05
1.032472093925207473e-05
1.029779043998739102e-05
1.029697874817732914e-05
1.029779186940989613e-05
1.029604444738652078e-05
1.029544210875125597e-05
1.029505064138902519e-05
1.029507065519889421e-05
1.029474334548770790e-05
1.029484698354584323e-05
1.029429836573096122e-05
1.029394738187268837e-05
1.029376197152487226e-05
1.029406551765532694e-05
1.029382703374418847e-05
1.029374666548695457e-05
1.029406422162537624e-05
1.029367693263338919e-05
1.029308498611195841e-05
1.029385545583257464e-05
1.029276964345626705e-05
