5.421585452131693662e-04
1.940213035368287670e-05
1.858852803176584285e-05
1.908768013360410479e-05
1.957728656407198395e-05
2.001254571344664762e-05
2.030370395990151555e-05
2.054091507109963676e-05
2.010367231908579381e-05
1.972008653865486781e-05
2.082098059342267157e-05
1.932365854069454850e-05
2.140344315345525149e-05
2.024626857822416702e-05
1.985389019409922184e-05
1.979383299233935311e-05
1.963336471362708998e-05
1.915280574621647125e-05
1.908600889616233722e-05
1.916593895430196494e-05
1.866313397158592124e-05
1.853553758110138019e-05
1.833971745478871974e-05
1.827556104747903422e-05
1.834124561582939499e-05
1.807597216308446883e-05
1.792072187072335442e-05
1.717785753877857852e-05
1.726347692283525316e-05
1.711646808871592051e-05
1.695810262238713629e-05
1.676441369302968635e-05
1.669881505904413698e-05
1.650582233575429960e-05
1.649073669265514446e-05
1.631312329360904743e-05
1.630733227633148497e-05
1.636602287741576736e-05
1.675589725361229814e-05
1.622655273877171485e-05
1.618889966114996513e-05
1.569938875566852579e-05
1.563427500021437929e-05
1.565406542340497091e-05
1.560942801082395274e-05
1.552397396305120106e-05
1.537187109685570860e-05
1.561239682663047705e-05
1.532312577182892791e-05
1.525446054453520141e-05
1.524777135273325291e-05
1.518937719159415269e-05
1.532547497011667678e-05
1.501553335894338183e-05
1.498733531965020405e-05
1.495813888065337452e-05
1.494688762325798303e-05
1.491642382461577606e-05
1.499189204954139619e-05
1.472439001039068376e-05
1.479398719993696411e-05
1.491796789878208114e-05
1.477616925816012920e-05
1.460951582582007842e-05
1.460213168343216232e-05
1.448949888602631596e-05
1.444474437865513488e-05
1.434346571159039700e-05
1.453627452671450298e-05
1.433500648242140183e-05
1.433282272652528820e-05
1.439709543774370091e-05
1.416913876369108032e-05
1.412936344915275864e-05
1.414254096213577838e-05
1.397525078118633192e-05
1.400594269815277055e-05
1.390288405142806945e-05
1.392313931016057397e-05
1.387456483409247675e-05
1.389986701118080805e-05
1.381642117545804135e-05
1.382440438343716520e-05
1.367486796160240673e-05
1.362689735628919152e-05
1.369236381189390742e-05
1.367800150849992236e-05
1.353114738397683521e-05
1.377164532565681601e-05
1.370156059541235059e-05
1.341623672980555640e-05
1.372417783765437509e-05
1.353001261122699314e-05
1.334989157991609908e-05
1.336762348197832356e-05
1.335769609340786769e-05
1.337923045412026120e-05
1.346011841368029607e-05
1.335264555298939116e-05
1.327805783489566292e-05
1.329153201140798094e-05
1.314327346941960595e-05
1.319037888644440242e-05
1.325174784445456110e-05
1.311141268653652000e-05
1.315136433277075486e-05
1.485438007345389071e-05
1.369114211987228733e-05
1.342355232016719366e-05
1.328375416619564910e-05
1.326630640808919839e-05
1.323337536632607212e-05
1.331490473224524399e-05
1.317165881573600961e-05
1.315781467269516704e-05
1.312965492995014410e-05
1.305281791398253266e-05
1.306555880622302776e-05
1.312964092335278069e-05
1.302558043031846640e-05
1.310933676829032856e-05
1.413731620535448452e-05
1.372798660213447834e-05
1.325243771437574950e-05
1.303324170824756411e-05
1.300648790826623228e-05
1.294716813466341836e-05
1.310224537367806411e-05
1.300599955963358854e-05
1.299903417968077221e-05
1.295128602275023349e-05
1.290882165259669506e-05
1.293901870970633666e-05
1.302629228651615761e-05
1.296319295458185181e-05
1.302647480808142593e-05
1.297538549427675573e-05
1.317571993771101271e-05
1.327431457639249775e-05
1.297771286923913630e-05
1.345393327407388526e-05
1.318039310187183863e-05
1.337810330824140651e-05
1.324804577469270383e-05
1.326055312536785353e-05
1.338242014943110346e-05
1.334272377334855311e-05
1.322112794506817130e-05
1.316143180095726417e-05
1.319911142862414038e-05
1.306271919171801304e-05
1.318380575071387237e-05
1.302139547343964859e-05
1.826251401932192100e-05
1.707419236709029105e-05
1.649192308756634404e-05
1.600146882841121081e-05
1.565068879547955706e-05
1.527876302020558701e-05
1.507823629405417332e-05
1.490335036010037577e-05
1.480643431098845565e-05
1.463283741562312041e-05
1.447710236031222475e-05
1.439572754861728761e-05
1.432718654503635934e-05
1.422908021898668653e-05
1.410237898198829491e-05
1.395067484433335905e-05
1.392630861535811408e-05
1.397490507012359205e-05
1.403233780100284317e-05
1.405822616713218551e-05
1.400136468191703979e-05
1.389334065644713146e-05
1.393908536139557945e-05
1.380857419727969167e-05
1.364111548051975294e-05
1.356045920829274164e-05
1.354311314154680646e-05
1.355510303710616366e-05
1.348840975992970912e-05
1.338568637114197651e-05
1.337550614759190202e-05
1.330027086889155400e-05
1.331530272106344217e-05
1.329104364837500460e-05
1.334465718552261628e-05
1.328380428655388275e-05
1.323137172903443645e-05
1.326327847209540764e-05
1.320853017167185818e-05
1.316182838687988446e-05
1.313080740070897026e-05
1.303875448381101346e-05
1.314341627259333638e-05
1.303554521124775942e-05
1.299269934558348350e-05
1.304147868495419930e-05
1.296070127712785764e-05
1.293726960019133335e-05
1.288788809650517035e-05
1.282659350484512573e-05
1.289031271274628390e-05
1.282791309411853368e-05
1.291684377103289643e-05
1.293021670107918976e-05
1.290979118834911760e-05
1.286078992279726663e-05
1.282295871798548127e-05
1.294668071523119647e-05
1.291425758002636308e-05
1.285015625588433420e-05
1.292682360409950617e-05
1.285703908100307102e-05
1.282305025938512659e-05
1.290396755697050417e-05
1.280042244426719398e-05
1.274255377514540031e-05
1.277438352114283250e-05
1.279447272888016149e-05
1.266522576277869385e-05
1.268535862133527793e-05
1.277846085865045674e-05
1.269368060775377692e-05
1.270150686082161028e-05
1.262912439718396223e-05
1.261787503381128847e-05
1.257825432579314443e-05
1.255476449311269552e-05
1.261080799054070687e-05
1.258147332161267147e-05
1.254328871975000542e-05
1.265538154029854984e-05
1.258546570776767723e-05
1.254109658778664510e-05
1.255006934911762154e-05
1.306937182638042351e-05
1.378392236574654857e-05
1.276863573783278624e-05
1.269144170009894892e-05
1.259690021697679118e-05
1.250998224804789088e-05
1.252136597334659424e-05
1.249416839982586727e-05
1.523307372660080267e-05
1.732026998145860000e-05
1.681513333627056685e-05
1.648423113617051615e-05
1.616627865738943747e-05
1.585161762932330007e-05
1.578412612010045735e-05
1.564729210410102333e-05
1.548412219411450991e-05
1.543438831580109247e-05
1.537652840700805645e-05
1.531922677941111046e-05
1.532994145994355840e-05
1.537454205617905177e-05
1.539261712423467692e-05
1.536161561944027293e-05
1.517918117163693221e-05
1.527139544123201577e-05
1.512790032772196986e-05
1.519690823291360501e-05
1.511275618819733269e-05
1.516791563365889712e-05
1.509928886434863691e-05
1.511953612786480043e-05
1.509634487623164524e-05
1.508090862747242919e-05
1.508300558725750341e-05
1.508331926061146044e-05
1.503339942246384514e-05
1.506028985735004779e-05
1.505582737991062418e-05
1.504111931808438466e-05
1.499969127811103380e-05
1.504304443111929414e-05
1.497792871911466781e-05
1.499959379846889804e-05
1.498149220196864870e-05
1.498283504057932648e-05
1.496758173364772459e-05
1.498145181509850386e-05
1.495970678358086538e-05
1.493583347989139567e-05
1.498671654947732574e-05
1.492318647403105008e-05
1.490519139603444857e-05
1.491825483905510472e-05
1.491793985981833695e-05
1.491053976678813308e-05
1.485700173589066219e-05
1.486511297192312946e-05
1.485694006911823350e-05
1.487989884253693108e-05
1.484143276987500417e-05
1.482272689751577449e-05
1.485635278944149255e-05
1.480724229547073950e-05
1.483444613616787375e-05
1.482132978101920670e-05
1.478657454451119201e-05
1.482558959044884670e-05
1.478011124011876108e-05
1.476206087014967688e-05
1.481125120866029946e-05
1.476058878931022800e-05
1.475692742966809087e-05
1.474805498295002861e-05
1.475326690524525454e-05
1.477828521880534705e-05
1.474093738124793135e-05
1.470069150173003409e-05
1.475767074149795693e-05
1.475916940535171259e-05
1.467959674982921644e-05
1.473576004400456373e-05
1.472155324108825819e-05
1.467989560220909493e-05
1.579193775076722411e-05
1.606288867227097724e-05
1.534987546695750545e-05
1.514044665706630073e-05
1.484320437005711374e-05
1.490329252950080696e-05
1.486571657020855772e-05
1.479901140100992072e-05
1.475834010989274173e-05
1.478486775037405632e-05
1.471971146126331018e-05
1.473768256043210094e-05
1.468455908100925986e-05
1.470816926712359445e-05
1.466765393236831486e-05
1.463017443029457340e-05
1.474112479172617916e-05
1.467358494285993687e-05
1.462039215615125864e-05
1.468557135694936672e-05
1.464851559148883111e-05
1.456899538652578445e-05
1.467440814925187909e-05
1.456417651752417414e-05
1.462654989002961225e-05
1.457855638818728093e-05
1.462430837667246348e-05
1.457572595503127783e-05
1.457030368252768849e-05
1.461350318398520704e-05
1.456535052739127429e-05
1.537108237774494432e-05
1.501252585209537423e-05
1.458723833214511072e-05
1.462652486452498090e-05
1.454795432361303659e-05
1.460520106168890617e-05
1.455317853242377175e-05
1.458495508889730757e-05
1.453863324059057117e-05
1.460227439793015920e-05
1.455859427399748942e-05
1.452425823269247072e-05
1.458785038948917598e-05
1.460109834548954109e-05
1.453217663235288102e-05
1.451112248408511209e-05
1.459985481384743789e-05
1.459852988470326399e-05
1.459355501462293174e-05
1.450273037107763250e-05
1.452159182993758153e-05
1.456168701300460623e-05
1.459546460106745694e-05
1.458080638334043459e-05
1.459598773332497093e-05
2.061324724157505660e-05
1.591303741482382459e-05
1.558706850119051402e-05
1.566630116788777008e-05
1.567394396261079291e-05
1.565328632220068058e-05
1.559099709235548737e-05
1.564467971547856145e-05
1.562785964476158220e-05
1.552519126865566630e-05
1.527505467189863936e-05
1.532286050557255918e-05
1.533020662085012639e-05
1.531736760246834154e-05
1.527809587514639256e-05
1.520378560750638595e-05
1.517470578392021667e-05
1.516048452306980210e-05
1.514605340920146128e-05
1.515378376401107119e-05
1.514408249325545784e-05
1.516759541497473581e-05
1.516081570192303198e-05
1.512139332741450384e-05
1.511339229561296355e-05
1.510590816603022706e-05
1.509759739140766472e-05
1.508467452822515036e-05
1.510021424261746464e-05
1.507386468650414196e-05
1.506474917581120613e-05
1.505365984257878120e-05
1.504123134661009928e-05
1.504829929672268891e-05
1.502684813961726180e-05
1.501945431906885101e-05
1.501093056882988779e-05
1.500055573842473637e-05
1.499648408980647246e-05
1.499658752133351971e-05
1.499334178864349649e-05
1.498839978618586042e-05
1.497686353559402091e-05
1.497303370115332716e-05
1.495536189774308438e-05
1.495008979418344050e-05
1.494226450631686048e-05
1.492894419849714390e-05
1.491119757398943617e-05
1.490673896114458357e-05
1.488938265841473666e-05
1.488142708164256494e-05
1.487669981618940629e-05
1.486999041996265634e-05
1.486132572078228452e-05
1.485413187841307555e-05
1.484399952081124289e-05
1.483536643718252924e-05
1.483041553759297416e-05
1.493339677684465044e-05
1.482963367834599840e-05
1.482452259324418203e-05
1.479997445054929582e-05
1.504267174065413852e-05
1.486915765553931191e-05
1.487995780583636031e-05
1.483303930702580452e-05
1.812773210000765894e-05
1.626180154289613860e-05
1.612223690320509730e-05
1.607392746867238541e-05
1.605600568988544915e-05
1.605025041423384060e-05
1.604005875606162658e-05
1.603370646838205555e-05
1.603616442025668315e-05
1.603392121296565165e-05
1.603500454014768502e-05
1.603652808626066098e-05
1.604108677308128532e-05
1.603836962810116198e-05
1.603980820088205970e-05
1.604368025785637072e-05
1.603465273471253242e-05
1.603737925809885627e-05
1.603064488563177346e-05
1.602995934490536361e-05
1.602712536850958768e-05
1.603055811528974973e-05
1.603055109020109210e-05
1.603081947981384867e-05
1.602638489506110362e-05
1.603002364997034270e-05
1.603655834969686111e-05
1.604280175115491052e-05
1.604081834784665302e-05
1.603625498470743457e-05
3.698492721620519986e-05
1.878643438279444303e-05
1.791902843630547746e-05
1.760911532907509001e-05
1.746767040458507727e-05
1.736977128833435370e-05
1.727439574248516285e-05
1.718742595888518872e-05
1.710237428293718650e-05
1.704001113542593111e-05
1.698116276353781834e-05
1.691504629434348398e-05
1.685453929136808120e-05
1.679020294507912111e-05
1.672365751043495554e-05
1.666848421412699593e-05
1.662098176514821934e-05
1.658042916536335969e-05
1.653118479680415584e-05
1.648225183013588918e-05
1.646122794606223361e-05
1.642809800083947809e-05
1.640176699614433563e-05
1.630344198247257628e-05
1.636255702351263567e-05
1.632635169016794034e-05
1.627605724252134583e-05
1.623735528331356594e-05
1.620601995152052503e-05
1.618838306891726963e-05
1.617636878108896808e-05
1.616611297625543693e-05
1.615274064837043082e-05
1.613775995944403586e-05
1.611335963843885124e-05
1.634171422892904957e-05
1.614382339918544451e-05
1.612044267631063162e-05
1.610345663721091141e-05
1.609414694409375959e-05
1.608316232856547428e-05
1.607701388517549914e-05
1.607678912629732350e-05
1.606797633788422126e-05
1.606462604058833798e-05
1.608942629976202923e-05
1.606813259286354756e-05
1.603570284639014592e-05
1.607050009397426146e-05
1.605823895336773766e-05
1.605801472805978982e-05
1.604692613076016058e-05
1.604411422552705829e-05
1.603457453408433899e-05
1.604117698510284048e-05
1.603586977807935801e-05
1.603742249471906621e-05
1.603426851185455859e-05
1.602993617476992306e-05
1.603212495562426603e-05
1.602958922603647780e-05
1.602099179308424991e-05
1.602246990159983262e-05
1.602808949504226993e-05
1.603053840502373763e-05
1.603762284958065693e-05
1.603723522293876199e-05
1.603785127296457027e-05
1.604078483448271778e-05
1.603930360033700586e-05
1.619380701261737552e-05
1.623332349102687196e-05
1.613744329157877283e-05
1.611660334522942539e-05
1.606438291143301027e-05
1.605455372252132849e-05
1.604582817587167144e-05
1.603834288668319323e-05
1.603204244020161988e-05
1.604114631618358625e-05
1.602458341949386590e-05
1.602540401942557412e-05
1.602326571249553343e-05
1.602252619250066386e-05
1.602561055051410059e-05
1.602095322596142014e-05
1.601608219516492722e-05
1.601572604461883365e-05
1.606721943896142441e-05
1.600648041555056440e-05
1.600606093916212531e-05
1.601349670636409265e-05
1.601344451349480687e-05
1.601019200127969677e-05
1.600711045663653451e-05
1.601046976550908943e-05
1.600508590627214384e-05
1.599976615428507523e-05
1.600266551880243472e-05
1.617363746466556629e-05
1.623744180506037110e-05
1.605572357145016701e-05
1.601772935146072942e-05
1.600592662195291825e-05
1.600258721055069919e-05
1.599861861677709534e-05
1.599810876693178962e-05
1.599646585721833142e-05
1.598849386179305404e-05
1.599846175395214367e-05
1.598644117545215373e-05
1.598281540964308011e-05
1.599109688716756294e-05
1.598885812654771211e-05
1.598782670195457122e-05
1.598769678594180569e-05
1.598670016164760563e-05
1.598521578747143530e-05
1.684817780036003881e-05
1.634425902921066289e-05
1.608926755579887107e-05
1.603721971984365711e-05
1.601617469911313044e-05
1.600631856187343608e-05
1.601345259966062109e-05
1.599491468520379249e-05
1.599383494143088194e-05
1.598424506255469263e-05
1.598271635809093633e-05
1.598199934278454816e-05
1.598088743321568445e-05
1.597985582748151541e-05
1.598273489662460701e-05
1.597244599982635375e-05
1.597685928345527013e-05
1.597241256755902662e-05
1.597136787116445241e-05
1.596993759297523241e-05
1.597268628074743942e-05
1.596747255765270187e-05
1.596537175297877673e-05
1.596036625566436330e-05
1.596832313301395828e-05
1.596567549465059216e-05
1.596095833065191847e-05
1.595889761650444924e-05
1.595772912575436437e-05
1.595974318964484589e-05
1.595764441465992916e-05
1.596027388131915345e-05
1.595382560253710862e-05
1.595177721355867215e-05
1.598391777254922470e-05
1.594803738650322599e-05
1.595199940235640104e-05
1.595416855025177897e-05
1.628300355226504928e-05
1.612619720769240751e-05
1.601287888737109254e-05
1.598596162239118590e-05
1.597722991543074875e-05
1.597053544552788317e-05
1.596439161100230832e-05
1.596932849679433370e-05
1.596341841301788606e-05
1.595845487675736347e-05
1.770041003283040563e-05
1.614281085418648747e-05
1.589925579158565108e-05
1.591417522831761825e-05
1.595545317741198395e-05
1.596155367148336778e-05
1.595544504956099838e-05
1.595550527251058767e-05
1.595211223654283974e-05
1.594904262143851618e-05
1.594585286208409044e-05
1.594133390957116133e-05
1.593706652708230500e-05
1.593602077643178474e-05
1.593311198879140050e-05
1.593278161787263099e-05
1.654107587152490647e-05
1.599804865236365058e-05
1.596264433525599862e-05
1.594820465167382919e-05
1.593208556414538139e-05
1.592812762510220528e-05
1.592173094953371450e-05
1.592115727135023863e-05
1.592111569531577366e-05
1.591939294333618221e-05
1.591488002532059746e-05
1.591755129084049299e-05
1.591556067144968628e-05
1.591617475999858810e-05
1.591658557572372875e-05
1.591798095281167974e-05
1.591212197505834899e-05
1.591471995880056138e-05
1.591167380259624523e-05
1.591263049097809369e-05
1.590871798119527047e-05
1.590789219638584791e-05
1.590680980674126998e-05
1.590559769662528726e-05
1.590894396864920638e-05
1.590193081407657551e-05
1.589917807829503138e-05
1.589855058303631539e-05
1.589255458914825238e-05
1.589779235094586904e-05
1.589841590051340253e-05
1.589017805144976605e-05
1.589534593676944374e-05
1.589450118444801869e-05
1.588800286147791830e-05
1.588476089485387418e-05
1.588547320125144202e-05
1.588770775545829715e-05
1.588392357386207238e-05
1.588386764372747437e-05
1.588301904575928347e-05
1.587888348694832638e-05
1.587863919970307832e-05
1.587753511709403531e-05
1.587787080552516205e-05
1.587656047983424789e-05
1.587291363042216439e-05
1.587704632356690072e-05
1.587563068066325856e-05
1.587159317978148587e-05
1.587142974130983998e-05
1.587281537619370772e-05
1.586460378196837440e-05
1.586377692016564299e-05
1.586480017522262696e-05
1.586363990554673378e-05
1.586170867994951455e-05
1.585961428721323758e-05
1.585663820075448318e-05
1.585974668084115188e-05
1.585762656683679616e-05
1.585976909988554923e-05
1.586040252126015934e-05
1.585486236081124015e-05
1.585467095537751475e-05
1.585838577208657367e-05
1.585593772385133739e-05
1.585172118439004340e-05
1.585076338566674832e-05
1.585166929089609604e-05
1.585378385016156244e-05
1.585600116641217014e-05
1.585315659364520499e-05
1.585014706658208986e-05
1.584804205852681852e-05
1.585174479108294120e-05
1.584893855730721546e-05
1.584751845636370952e-05
1.585087961984754711e-05
1.590513770148997198e-05
1.583574088423726444e-05
1.584334850425269214e-05
1.584035078773619390e-05
1.584044449297531865e-05
1.584096799964148356e-05
1.584126310111362877e-05
1.584181644905887254e-05
1.583743928449621389e-05
1.583430826561501111e-05
1.583772410640449380e-05
1.583285686971673195e-05
1.583283044510608374e-05
1.584748333698371358e-05
1.584988294401531227e-05
1.584141152079610078e-05
1.583931501348464287e-05
1.583632156552994329e-05
1.583316679443669367e-05
1.583174757267139787e-05
1.582623264994254136e-05
1.582537825925101074e-05
1.582677873860423813e-05
1.582406123058414357e-05
1.581976985941461645e-05
1.581689850278659629e-05
1.581915676752032691e-05
1.581956183144939105e-05
1.581816800504990834e-05
1.581949613258378258e-05
1.581698075748742247e-05
1.581611151550532505e-05
1.581344847409127410e-05
1.581214942765048702e-05
1.581281430844683132e-05
1.581146477064976325e-05
1.580876298400350389e-05
1.581623784659314132e-05
1.581231622973670574e-05
1.581275496240171758e-05
1.581623435640722123e-05
1.581186464439573235e-05
1.581125495704327545e-05
1.581472943598782985e-05
1.581300327491893320e-05
1.580920277092445839e-05
1.581041223062129439e-05
1.899462455185130117e-05
1.562999811919022996e-05
1.562279631343699131e-05
1.563267394658396356e-05
1.568913271285055102e-05
1.576572393484335883e-05
1.580165123565772624e-05
1.581558536751496532e-05
1.582651259089592130e-05
1.582927119898158681e-05
1.582199633351895636e-05
1.580900561521047954e-05
1.580157255527107438e-05
1.580313860813476021e-05
1.580436414087671275e-05
1.580168961784996344e-05
1.580263435698725652e-05
1.580578510205062366e-05
1.580708743858849752e-05
1.580590678183094999e-05
1.580791270119637538e-05
1.580430694123909465e-05
1.580247922826553587e-05
1.579987907158890062e-05
1.579970098267343277e-05
1.580337987358386014e-05
1.580251466521076387e-05
1.580795727553171076e-05
1.580341188097615133e-05
1.580470755091785943e-05
1.580083515515676984e-05
1.579939357346423352e-05
1.580216234136363099e-05
1.580126888863257143e-05
1.579710395390066132e-05
1.580230821900840992e-05
1.579939631028537243e-05
1.579756241350575244e-05
1.579999407946767711e-05
1.579749350336593749e-05
1.579719192780733777e-05
1.579586999544820445e-05
1.579396781001681256e-05
1.580056081669075295e-05
1.579678515933361933e-05
1.579877277966564410e-05
1.579764836606045746e-05
1.579173024007711170e-05
1.579126175935622711e-05
1.579769387869115981e-05
1.580056106149641050e-05
1.579345985798378730e-05
1.579761917582800515e-05
1.579466629436865211e-05
1.579855672919923726e-05
1.579393156437921097e-05
1.578824035126065854e-05
1.579304484645641912e-05
1.579921942569247561e-05
1.579755852768964169e-05
1.580018714548714410e-05
1.580015383675951473e-05
1.579879922625574697e-05
1.580096204179426517e-05
1.580477554701550005e-05
1.580413726514962158e-05
1.580448258740337454e-05
1.580813932226495574e-05
1.580767690559999563e-05
1.580732113704167843e-05
1.580670231836241654e-05
1.581595869841597254e-05
1.581297059601638385e-05
1.581006688563017185e-05
1.581011531470721820e-05
1.581187773050866496e-05
1.580858970555709607e-05
1.580753675701392701e-05
1.580388543819329664e-05
1.580259407546691242e-05
1.579985570212253830e-05
1.580769076250968812e-05
1.580568362745301200e-05
1.580438712911321362e-05
1.580454964065817564e-05
1.580560628932895813e-05
1.580295261343659814e-05
1.580490153780071130e-05
1.580223318114804110e-05
1.580326641033025293e-05
1.580614287225519900e-05
1.580736377263747353e-05
1.580438997431580616e-05
1.580519807400075248e-05
1.580612867276916689e-05
1.580730496319423032e-05
1.581203219605716443e-05
1.580856825360873089e-05
1.582460017895452194e-05
1.582006592798279720e-05
1.581238072352183165e-05
1.581142149310229349e-05
1.580792951851132458e-05
1.580490712437191870e-05
1.580516613027308729e-05
1.580515571352710316e-05
1.581036172713841877e-05
1.580566702386931716e-05
1.580397068058421827e-05
1.580477659293440574e-05
1.580313996176604130e-05
1.580695561794224439e-05
1.581664550409792993e-05
1.580783771335821488e-05
1.581237625790284581e-05
1.581477281282180473e-05
1.580614042192488898e-05
1.580302224435096466e-05
1.580549689227458168e-05
1.580734909263507485e-05
1.580689768312974213e-05
1.580621531502402030e-05
1.581157925860073640e-05
1.580965868924977136e-05
1.581543696071700285e-05
1.581318109098598645e-05
1.581128331054060390e-05
1.581234032679882677e-05
1.581858003874003771e-05
1.581189552477250637e-05
1.581615144762811901e-05
1.581857156224941691e-05
1.581518403630373745e-05
1.581452078198708545e-05
1.581822568747763100e-05
1.581638016432407177e-05
1.581659278372171535e-05
1.582027392714735402e-05
1.582025559249207767e-05
1.582317788612878459e-05
1.582361131568177519e-05
1.582183929789001352e-05
1.582319666946811282e-05
1.582394141375213350e-05
1.581932378333779661e-05
1.581759315816574056e-05
1.582057892771141798e-05
1.582134730218361419e-05
1.581676773109090173e-05
1.581775887871117448e-05
1.581755034597638986e-05
1.581738204170809152e-05
1.581889277076697827e-05
1.582203613149128437e-05
1.582301952339548788e-05
1.581935637735417343e-05
1.582239659380017439e-05
1.581869722864818556e-05
1.582216772021638611e-05
1.581363592852843292e-05
1.581642185101372834e-05
1.581585023889905153e-05
1.581667288974131130e-05
1.582072925202737760e-05
1.581935725577447203e-05
1.582082790719141580e-05
1.581942061951243126e-05
1.582191416976759833e-05
1.581685538061113560e-05
1.583453010501519663e-05
1.582153044410006165e-05
1.581745927448234126e-05
1.581507696149249732e-05
1.581951883660318915e-05
1.582122551477974914e-05
1.581602133152652356e-05
1.581999197317903285e-05
1.581908848872141504e-05
1.581892110228485206e-05
1.581689474657347553e-05
1.581453724763074654e-05
1.581538285942466843e-05
1.581279604427739490e-05
1.581296176785447832e-05
1.581334271349987830e-05
1.581301799660650323e-05
1.581675605772640367e-05
1.581623624664037624e-05
1.581153020273025952e-05
1.581540193152856352e-05
1.581621701310116968e-05
1.581458464594713133e-05
1.581699474930549920e-05
1.581590296306482375e-05
1.581760773660789615e-05
1.581916437771724372e-05
1.582016923218058398e-05
1.582532610730898477e-05
1.580921345824511576e-05
1.581519435452113137e-05
1.581658201075697393e-05
1.581666054183491235e-05
1.581861548250647963e-05
1.581753696427767985e-05
1.581810138683673806e-05
1.581351790264306934e-05
1.582031647785697660e-05
1.581420209731732016e-05
1.581392635368198741e-05
1.581726779856277592e-05
1.582400156848962083e-05
1.582136314406549764e-05
1.582123682586219091e-05
1.582045157798953817e-05
1.581994680615631961e-05
1.581897791008183714e-05
1.581974836047568905e-05
1.582192604246301817e-05
1.550948885930362387e-05
1.548633451496546839e-05
1.545957855872378257e-05
1.543731647340488718e-05
1.541528499804674905e-05
1.541454997398735357e-05
1.542688826854525020e-05
1.543824217302850800e-05
1.544131277569249532e-05
1.543729390580968791e-05
1.543937908915419790e-05
1.543433632302063999e-05
1.543117255020357877e-05
1.543798494367365330e-05
1.542595220598741462e-05
1.542363062678001818e-05
1.542148902899498258e-05
1.541861017813062130e-05
1.541911542441691082e-05
1.541665324111818336e-05
1.541602010471857908e-05
1.541307263096314327e-05
1.541028487736184629e-05
1.540816591614202344e-05
1.540838612603086716e-05
1.540862018297654333e-05
1.540714175234825261e-05
1.540553767578482485e-05
1.540555166153959919e-05
1.540413755947156528e-05
1.540166405826918551e-05
1.540055756246753465e-05
1.539847834237662095e-05
1.539801169883503354e-05
1.539536131910305595e-05
1.539411378947382395e-05
1.539093670392806620e-05
1.539138021447191185e-05
1.539232269124113359e-05
1.539068596836538609e-05
1.538809348479238214e-05
1.538740256592063856e-05
1.538640025501081105e-05
1.538406510235290490e-05
1.538400499233224180e-05
1.538569300843543335e-05
1.538396033538447187e-05
1.538284764137643059e-05
1.538167359588745302e-05
1.538160606969540741e-05
1.538027347275298630e-05
1.538238933411169903e-05
1.538212815451818927e-05
1.538067750288973939e-05
1.538189091282523045e-05
1.538136083278610929e-05
1.538132008363390815e-05
1.538034450049963171e-05
1.537965343914038521e-05
1.537752490473091264e-05
1.537748504991516915e-05
1.537632417542530010e-05
1.537876879259177652e-05
1.537860303945611299e-05
1.537541876966012412e-05
1.537662380011776492e-05
1.537275047591416839e-05
1.537058825003138532e-05
1.537064931350566290e-05
1.536931269811248139e-05
1.536911821100754287e-05
1.536879324021356175e-05
1.536750321823395247e-05
1.536602226299995416e-05
1.536544388197095697e-05
1.536458939426665920e-05
1.536369096735749356e-05
1.536136368486040588e-05
1.536239073554194738e-05
1.536096292511501951e-05
1.535931034216749493e-05
1.535916760682690899e-05
1.535832014117962275e-05
1.535946439920129081e-05
1.535643650261893852e-05
1.535796378448140025e-05
1.535872491710203155e-05
1.535763237825449323e-05
1.536123337018580019e-05
1.535839700485060565e-05
1.535951463665696914e-05
1.535961531468880523e-05
1.535690764891721057e-05
1.535719250720527773e-05
1.535602887164107713e-05
1.535606202575460558e-05
1.535520181202324700e-05
1.535701735065231292e-05
1.535696641894901363e-05
1.535540725778143103e-05
1.535697036842975717e-05
1.535452618099952747e-05
1.535264406508455787e-05
1.535295850014032628e-05
1.535077096756746706e-05
1.535004751985979911e-05
1.534962177477912967e-05
1.534765527594572510e-05
1.534894186079327550e-05
1.534789898945140046e-05
1.534903706215118426e-05
1.534704328075046448e-05
1.534598553538065306e-05
1.534578714957509426e-05
1.534583724454326628e-05
1.534442275290833394e-05
1.534462659416628032e-05
1.534428622032161775e-05
1.534506889432426271e-05
1.534349456126922836e-05
1.534310171109609723e-05
1.534306733143845801e-05
1.534425667387040475e-05
1.534371089898437901e-05
1.534354674201191953e-05
1.534263826367047556e-05
1.534257443609021693e-05
1.534005352747650725e-05
1.533898730561607842e-05
1.533813801491608963e-05
1.533876702145183375e-05
1.533815634881345106e-05
1.533904089607555463e-05
1.533850200303277207e-05
1.533788972816788970e-05
1.533642259573753122e-05
1.533674793866642529e-05
1.533656393651957285e-05
1.533691466950888916e-05
1.539944755071095140e-05
1.532569737567731293e-05
1.540749926713639545e-05
1.533694398782851518e-05
1.533369429732071314e-05
1.533366474480620453e-05
1.533225524326553731e-05
1.533124694636474732e-05
1.532991729239559743e-05
1.532923807493110220e-05
1.533081319242531412e-05
1.532842639638450563e-05
1.532870715285146969e-05
1.532874362207318570e-05
1.532840631398357719e-05
1.532894177671551141e-05
1.533928072907049994e-05
1.533023303030252708e-05
1.532996683408782837e-05
1.533070913183110005e-05
1.533019268284381900e-05
1.533041855282135616e-05
1.532963436905750612e-05
1.532896232068499788e-05
1.532924461344009764e-05
1.532717199855445150e-05
1.532626270773107630e-05
1.532664457651359573e-05
1.532653789657463812e-05
1.532537356448907860e-05
1.532458796949261707e-05
1.532604641170110039e-05
1.532398635542146485e-05
1.532500918756340925e-05
1.532449702987529982e-05
1.532495913200667399e-05
1.532480149838496243e-05
1.532447867020891931e-05
1.532396941305099483e-05
1.532493912312323498e-05
1.532538186135449769e-05
1.532339625479532230e-05
1.532305609619773716e-05
1.532265813921185367e-05
1.531964763747358432e-05
1.532236583898338830e-05
1.532201432155488765e-05
1.532148349345637279e-05
1.532171050181811362e-05
1.532302052358621339e-05
1.532074557720382934e-05
1.532185547603148639e-05
1.532072983233471642e-05
1.532109849980163908e-05
1.531993833699137647e-05
1.531762723288920946e-05
1.531864253972040958e-05
1.531781470854790803e-05
1.531687582049319997e-05
1.531696833656800120e-05
1.531825565810625883e-05
1.531679020899900812e-05
1.531628077145796702e-05
1.531662760347292845e-05
1.531438540496310384e-05
1.531415712861416937e-05
1.531327222058583595e-05
1.531330083404706607e-05
1.531244873982965608e-05
1.531355976036744961e-05
1.531328038254287080e-05
1.531208494498059641e-05
1.531124445439975947e-05
1.530995210032415384e-05
1.531148992626185510e-05
1.531067861530270230e-05
1.531003661360349032e-05
1.530879171999307244e-05
1.531058896868368286e-05
1.531845250989741992e-05
1.531232250196505270e-05
1.593823696263522576e-05
1.534212521619338104e-05
1.532534758098336020e-05
1.532213078007771238e-05
1.531890209359213856e-05
1.531386687853834402e-05
1.531362768446342725e-05
1.530994568080738360e-05
1.530900120618146814e-05
1.530820639118246469e-05
1.530595819758673247e-05
1.530476281686787694e-05
1.530354855428110296e-05
1.530440006642189989e-05
1.530305571274463125e-05
1.530257066254610789e-05
1.530200083000939448e-05
1.530141711782562238e-05
1.530013195557936994e-05
1.530028210633342347e-05
1.530080998084789215e-05
1.530066043945529043e-05
1.530086462556331102e-05
1.530015546450158568e-05
1.529960472453240235e-05
1.529851087525457734e-05
1.530063770284565764e-05
1.530004678291637331e-05
1.530014552675614507e-05
1.530954663545950817e-05
1.530110671637885511e-05
1.529887214019254194e-05
1.531977711768680073e-05
1.530053931901420420e-05
1.530022292475526391e-05
1.529762368439454098e-05
1.529790786510905776e-05
1.529647856690037947e-05
1.529711608858027301e-05
1.529739608182959925e-05
1.529858644441143599e-05
1.529671157186385095e-05
1.529787487167292586e-05
1.529748236938151842e-05
1.529706319388424081e-05
1.529816562197083786e-05
1.529817385896118859e-05
1.529755108549579908e-05
1.529850224793942004e-05
1.529692262768852010e-05
1.529632058615485913e-05
1.529704420742442978e-05
1.529909770169979216e-05
1.529692115506501720e-05
1.529716364833196587e-05
1.529782824566912740e-05
1.529650285040891951e-05
1.529589003591051374e-05
1.529719049055226280e-05
1.529581909608168698e-05
1.545561671794833667e-05
1.529248420335231159e-05
1.529397669249495456e-05
1.529670351828826973e-05
1.529596393235503279e-05
1.529616537557861546e-05
1.529682255068109885e-05
1.529531526557548150e-05
1.529483322504650826e-05
1.602062635962889993e-05
1.528904336282721325e-05
1.527193648295603194e-05
1.527971943384424545e-05
1.528994763778731102e-05
1.529581324727284332e-05
1.529566682772080300e-05
1.529823290335722592e-05
1.530053024225708349e-05
1.529787156565968681e-05
1.529727018275176768e-05
1.529574183602259511e-05
1.529330119107423180e-05
1.529366185347195512e-05
1.529350786616608424e-05
1.529261993709951761e-05
1.529332214507424830e-05
1.529149800944651334e-05
1.529307837093559305e-05
1.529197811881507176e-05
1.529284147864018437e-05
1.529302066577050421e-05
1.529460289702910732e-05
1.529341250792033997e-05
1.529298425187638062e-05
1.529243545898377116e-05
1.529303971816868262e-05
1.529108032324681259e-05
1.529305499919549614e-05
1.529240124606682749e-05
1.529161088531812677e-05
1.529300592968259819e-05
1.529135322016372974e-05
1.529041091771432561e-05
1.529237315480713868e-05
1.529216911573409357e-05
1.529126648620149326e-05
1.529092880900861793e-05
1.529164061215245300e-05
1.529152585741637104e-05
1.529222416290091703e-05
1.529240647187180165e-05
1.529301432962408005e-05
1.529266221950820154e-05
1.529313435715569838e-05
1.529335796324934115e-05
1.529284755633852992e-05
1.529379820567555807e-05
1.529335145884639838e-05
1.529381867840129308e-05
1.529384518410855279e-05
1.529156417745980529e-05
1.529195717542582682e-05
1.529250442141953241e-05
1.529218469613624552e-05
1.529210950669342527e-05
1.529102727469459439e-05
1.529241557894541400e-05
1.529190477716232025e-05
1.529153132878491428e-05
1.529211590802030188e-05
1.529079706945897968e-05
1.529048913425867809e-05
1.529228391215535027e-05
1.529293782141394290e-05
1.529185593047562518e-05
1.529188618633270326e-05
1.529086852769978672e-05
1.529232881845625031e-05
1.529462704335552854e-05
1.528964085461363077e-05
1.531435736599936134e-05
1.529176075488673212e-05
1.529042851416306830e-05
1.529049779113241550e-05
1.529202171923316105e-05
1.529133329237689884e-05
1.529052839183956777e-05
1.529036485938680423e-05
1.529010459459338373e-05
1.529079321699100669e-05
1.529179764096018869e-05
1.529004012430353553e-05
1.529027470572449099e-05
1.529102941958626697e-05
1.528868910327218960e-05
1.528869597677839920e-05
1.528900052107928922e-05
1.528975982561557186e-05
1.528910393138479165e-05
1.528749600614294854e-05
1.528899699906105444e-05
1.528698860890169081e-05
1.528780914592668116e-05
1.528631584278628051e-05
1.528639664229558589e-05
1.528755019080563243e-05
1.528690581911481040e-05
1.631345374941398947e-05
1.529309301758985398e-05
1.527376193810899534e-05
1.525023468881651494e-05
1.523557539485409527e-05
1.523888477170961099e-05
1.525177649909892393e-05
1.526781321369223188e-05
1.527578504844010932e-05
1.528256050202495792e-05
1.528560482483953793e-05
1.528672400581854325e-05
1.528743037018405793e-05
1.528687894430428724e-05
1.528647685972828158e-05
1.528784717493181396e-05
1.528597127844477790e-05
1.528528566495879353e-05
1.530649071886121853e-05
1.528395140136732844e-05
1.528324393120783633e-05
1.528378776129102280e-05
1.528419706043375123e-05
1.528481345379380726e-05
1.528523278238935596e-05
1.528554009382787653e-05
1.528527977598059820e-05
1.528484868307107989e-05
1.528599250150364120e-05
1.528315816888910797e-05
1.528499064761490594e-05
1.528585989035491488e-05
1.528546130430186289e-05
1.529151333443223956e-05
1.528366327268789457e-05
1.528517595716039217e-05
1.528507724818458123e-05
1.528437419968516563e-05
1.528730412019285655e-05
1.528420606670503540e-05
1.528609032978541556e-05
1.528502681518754554e-05
1.528525506955702535e-05
1.528434808278689283e-05
1.528532000065752004e-05
1.528396462390446835e-05
1.528542663133218086e-05
1.528471098329949485e-05
1.528542638955817282e-05
1.528430628241039853e-05
1.528641628510740756e-05
1.528366901917858361e-05
1.528281578809279978e-05
1.528437123776408586e-05
1.528355857014200247e-05
1.528408564505904607e-05
1.528295782539620034e-05
1.528265229732520759e-05
1.528418383865452285e-05
1.528335996226814892e-05
1.528312751209644836e-05
1.528274750171476585e-05
1.528293060800933758e-05
1.528147659200840335e-05
1.528113784236969172e-05
1.528055127209881754e-05
1.527816414636617897e-05
1.528066637471662658e-05
1.527958887133233271e-05
1.527981452985235008e-05
1.527950381538782331e-05
1.527953379763857865e-05
1.528049640304137273e-05
1.527364031744582584e-05
1.528063717008384167e-05
1.527969233999708045e-05
1.527681464343307510e-05
1.527811070521541622e-05
1.527602349445563240e-05
1.527562089677303393e-05
1.527608072516765367e-05
1.527656356150449435e-05
1.527660780614799627e-05
1.527535463765161735e-05
1.527691108549333876e-05
1.527654461521403160e-05
1.527641086871274774e-05
1.527742532137684527e-05
1.527795820569129577e-05
1.527671746544001575e-05
1.527682180191429053e-05
1.527631779708826744e-05
1.527689209069649074e-05
1.527676802804004821e-05
1.527524624483097185e-05
1.527581409012175972e-05
1.527581082958325305e-05
1.527634891241783896e-05
1.527568239225729621e-05
1.527581787665136873e-05
1.527516561736774612e-05
1.527383701386497787e-05
1.527445120321620786e-05
1.527401582203917084e-05
1.527401472079266935e-05
1.527467324270522330e-05
1.527392452089770881e-05
1.527419305148214186e-05
1.527495058932496725e-05
1.527507099581271245e-05
1.527483864416960210e-05
1.527449353564710012e-05
1.527465555454909755e-05
1.527262270504555321e-05
1.527302345645390938e-05
1.527328550840441874e-05
1.527256156805378959e-05
1.527417364059147157e-05
1.527324812286679043e-05
1.527379135419930004e-05
1.527192292314793990e-05
1.527458495274913784e-05
1.527333412089622783e-05
1.527447597330441011e-05
1.527409951070997807e-05
1.527482782497221000e-05
1.527302528681199602e-05
1.527578068817092422e-05
1.527523982607211314e-05
1.527351240914261746e-05
1.527452672235085480e-05
1.527420436483832160e-05
1.527427608834841440e-05
1.527359042711395968e-05
1.527316693985388563e-05
1.527446970082261535e-05
1.527090400865442095e-05
1.527337851030097064e-05
1.527265757355659599e-05
1.527228843542616341e-05
1.527265448051669640e-05
1.527231306681642377e-05
1.527197405948754844e-05
1.527107263503542730e-05
1.527191985587705939e-05
1.527087627361348944e-05
1.527104527970853418e-05
1.527189190710487351e-05
1.527061298778183571e-05
1.527194096145952394e-05
1.527144674582814291e-05
1.527106978755910017e-05
1.527014293136138206e-05
1.527163619130078492e-05
1.527137509810927413e-05
1.527066808193922138e-05
1.527067130988749843e-05
1.527195214597062184e-05
1.527083166289837019e-05
1.527119223283079891e-05
1.526981393681125983e-05
1.527067010025954670e-05
1.527122426902375530e-05
1.527037436744649163e-05
1.527150509749238574e-05
1.527196647051217476e-05
1.527226785659270935e-05
1.527176714565333407e-05
1.527224487896698343e-05
1.527213276252344679e-05
1.527296412556703977e-05
1.527261320158383189e-05
1.527093435546097056e-05
1.527180995026355931e-05
1.527221794276556547e-05
1.527605033137054524e-05
1.527461851007198241e-05
1.527296444389018336e-05
1.527184574418545952e-05
1.527336494821914401e-05
1.527201764171574411e-05
1.527193700743130784e-05
1.527257799049645289e-05
1.527200033327365676e-05
1.527189882153834292e-05
1.527145490475353165e-05
1.527172939555991149e-05
1.527183987415507273e-05
1.527234509543025809e-05
1.527205087692588405e-05
1.527481003222419504e-05
1.527309539217943350e-05
1.527292237976022636e-05
1.527387641090172097e-05
1.527248237456054492e-05
1.527346487061246772e-05
1.527426132800731914e-05
1.527290326748698298e-05
1.527265079175776946e-05
1.527228723337733035e-05
1.527238259238098954e-05
1.527234800884495259e-05
1.527331347081902231e-05
1.527300707645432896e-05
1.527279013316729092e-05
1.527267196100486678e-05
1.527287085991702178e-05
1.527308608880654549e-05
1.527215351188715404e-05
1.527236545977454286e-05
1.527340638479775557e-05
1.527337326100071876e-05
1.527361446657475033e-05
1.527278704619069034e-05
1.527431113421092430e-05
1.527300286852551021e-05
1.527277753514984696e-05
1.527354934372245591e-05
1.527241124828530253e-05
1.527276458091364570e-05
1.527247241407773474e-05
1.527244067877593983e-05
1.527188019887641124e-05
1.527251860049242644e-05
1.527232705408702456e-05
1.527318258316275545e-05
1.527372258806281106e-05
1.527155180231905772e-05
1.527277446181566744e-05
1.527330023842902575e-05
1.527500666194706817e-05
1.527291663402744886e-05
1.527357361207274845e-05
1.527340839629687374e-05
1.527300926530491087e-05
1.527325014952414934e-05
1.527357414336923488e-05
1.527232890339291635e-05
1.527405108087502019e-05
1.527236049544929681e-05
1.527466464191699322e-05
1.527273503143078320e-05
1.527295063472896121e-05
1.527284069804106135e-05
1.527174121899103453e-05
1.527220074573657787e-05
1.527190322879808684e-05
1.532497748939931653e-05
1.528104839053412488e-05
1.527337123813292088e-05
1.527197128780244533e-05
1.527159716412522018e-05
1.526998842185396988e-05
1.527050436076630424e-05
1.526952438098305883e-05
1.527013874995949053e-05
1.526952296520297139e-05
1.526734760545878197e-05
1.526775364027343931e-05
1.526632623987704147e-05
1.526680681839328338e-05
1.526657631757188789e-05
1.526600514580422937e-05
1.526608752101310380e-05
1.526542649344264741e-05
1.526533890379747852e-05
1.526500872993589620e-05
1.526589212592928995e-05
1.529768841161664134e-05
1.526868562677918749e-05
1.526903616498505797e-05
1.526622588319999848e-05
1.526631710703441004e-05
1.526547797993771423e-05
1.526715509877855508e-05
1.526498370443126485e-05
1.526427559383591775e-05
1.526490847254535833e-05
1.526321220808313296e-05
1.526253244719555328e-05
1.529184239871028681e-05
1.526089615102440300e-05
1.526219138971403793e-05
1.526233394618733031e-05
1.526221707536024096e-05
1.526140271683592095e-05
1.526117866963735175e-05
1.526176136621870642e-05
1.526269301772724044e-05
1.526201508492401281e-05
1.526224595409075683e-05
1.526108676747147151e-05
1.526196735312623692e-05
1.526118737274373307e-05
1.526118284876550532e-05
1.526071654628443106e-05
1.526111651476943273e-05
1.525962039219545523e-05
1.526260419344301566e-05
1.526044142716879426e-05
1.525992486676841346e-05
1.525952036824188842e-05
1.525921286201992202e-05
1.525915666055273925e-05
1.525904579921189011e-05
1.525924766080303640e-05
1.525920443100403699e-05
1.525894935108832744e-05
1.525850707290980310e-05
1.525822832187865651e-05
1.525916715612159690e-05
1.525881590699403490e-05
1.525803235002361708e-05
1.525911283579262063e-05
1.525789628127919690e-05
1.525764964602179514e-05
1.525751113679992498e-05
1.530541930757559941e-05
1.525350400546206639e-05
1.525489019892726609e-05
1.525757982941892453e-05
1.525840221271816226e-05
1.525749495158379378e-05
1.525897475327534769e-05
1.525746318975507165e-05
1.525770465908256761e-05
1.525743596782073464e-05
1.525808487789011702e-05
1.525672197279466985e-05
1.525747035884705865e-05
1.525784185635832972e-05
1.525735592849741759e-05
1.525965232682816852e-05
1.525769545196453691e-05
1.525840476612453674e-05
1.525815147791339198e-05
1.525674958353799038e-05
1.525736034257837035e-05
1.525710689672147686e-05
1.525712127128523811e-05
1.525585780655092162e-05
1.525570936867855767e-05
1.525613391398413372e-05
1.525512062698908199e-05
1.525680313610185627e-05
1.525597098179787349e-05
1.525573299810882166e-05
1.525514366070031693e-05
1.525604204289265834e-05
1.525516746520831177e-05
1.525634083842911966e-05
1.525501742889900918e-05
1.525531431298077236e-05
1.525414315437956207e-05
1.525558709848458807e-05
1.525425916952372070e-05
1.525346098484684880e-05
1.525289172983927250e-05
1.525333604983340328e-05
1.525341626802401219e-05
1.525387437747364504e-05
1.525281282207894689e-05
1.525256568584154525e-05
1.525164829520993645e-05
1.525249368417765546e-05
1.525095966826484093e-05
1.525190634462584614e-05
1.525617733326119656e-05
1.525127937232658299e-05
1.525075192148506203e-05
1.525101327160882667e-05
1.525093974199383648e-05
1.525019164925349049e-05
1.524974188896521796e-05
1.525056136491305850e-05
1.524981815085387450e-05
1.525019687733220094e-05
1.524926048659836003e-05
1.524852155322757100e-05
1.524815504353682708e-05
1.524765690419371822e-05
1.524868924965024567e-05
1.524849780935255776e-05
1.524935750164028486e-05
1.524932595505864186e-05
1.524860725567123100e-05
1.524798270565952421e-05
1.524752237552699307e-05
1.524864018771646979e-05
1.524854592465392969e-05
1.524897168337702189e-05
1.524872392413575076e-05
1.524936193466904447e-05
1.524747041230511900e-05
1.524814931068855573e-05
1.524820611166433028e-05
1.524904318027135247e-05
1.524928286092593483e-05
1.524896094072876873e-05
1.524953777637468512e-05
1.524874648945721375e-05
1.524855116789088595e-05
1.524991424579032599e-05
1.524850047796159471e-05
1.524872288579596545e-05
1.524865846173876624e-05
1.524865928407355921e-05
1.524879701340372097e-05
1.524755214783605506e-05
1.524831145313025092e-05
1.524868981277904850e-05
1.524859611132948647e-05
1.524717086264596836e-05
1.524875223518999295e-05
1.524790473088917978e-05
1.524846781421729288e-05
1.524783174545518725e-05
1.524841821037625730e-05
1.524876476802698277e-05
1.524802062855693965e-05
1.534941803356559993e-05
1.534916949670635838e-05
1.526363327684521169e-05
1.525845942827193770e-05
1.525424749919087213e-05
1.525363883198830692e-05
1.525068112793330091e-05
1.525147147882914159e-05
1.524987942730149323e-05
1.524904114982443083e-05
1.524885276315520405e-05
1.524793131314557673e-05
1.524729802516352102e-05
1.524818938302511632e-05
1.524733710311920731e-05
1.524731624385822168e-05
1.524693690650262037e-05
1.524648993002604896e-05
1.524730492822830734e-05
1.524619479444784939e-05
1.524725945804069295e-05
1.524703133706376924e-05
1.524626499834388046e-05
1.524794329119079901e-05
1.524761707742072840e-05
1.524755948594247389e-05
1.524771604181296506e-05
1.524657196872188618e-05
1.524723829258315835e-05
1.524591147699538878e-05
1.524583662179187116e-05
1.524617390259663753e-05
1.524688115978278849e-05
1.524485408178103734e-05
1.524599786156007511e-05
1.524527110404960708e-05
1.524605599191393981e-05
1.524387293102336035e-05
1.524482386988286859e-05
1.524465300235533573e-05
1.524445577236595760e-05
1.524508350106164804e-05
1.524543436516978586e-05
1.524458531775962985e-05
1.524506653974337116e-05
1.524504042360300989e-05
1.524544732395346137e-05
1.524386426429676628e-05
1.524569397740075676e-05
1.524460598981628833e-05
1.524551666079787524e-05
1.524784969281730145e-05
1.524464339505963503e-05
1.524409333645356481e-05
1.524429668506854830e-05
1.524494209509915225e-05
1.524304133757444411e-05
1.524387487885784744e-05
1.524299556497984009e-05
1.524229569364858170e-05
1.524373093919469555e-05
1.524289614962981357e-05
1.524449336102407041e-05
1.524394583005535729e-05
1.524440605180643649e-05
1.524210866591602180e-05
1.524275819368388789e-05
1.524225177263360745e-05
1.524225471030149459e-05
1.524245032821151301e-05
1.524245133850854465e-05
1.524386945751151253e-05
1.524169392344750380e-05
1.524430495161747405e-05
1.524279217846924459e-05
1.524250656530057320e-05
1.524031011664798472e-05
1.524285594617443485e-05
1.524227657606995084e-05
1.524143884656344545e-05
1.524212696949689498e-05
1.524163081739970996e-05
1.569549341866149754e-05
1.530439653379289693e-05
1.526854404043357678e-05
1.525794928359876781e-05
1.525432199590189449e-05
1.524646631120655653e-05
1.528214273927612163e-05
1.525029604711865669e-05
1.524580992130116393e-05
1.524511834380367343e-05
1.524166854627158772e-05
1.524049385049390020e-05
1.523763395349912205e-05
1.523830014169410184e-05
1.523683514354464268e-05
1.523553507089066830e-05
1.278642434135690532e-04
2.228850244743322539e-05
1.743469057828406059e-05
1.663836758022322658e-05
2.626993014018807890e-05
1.667222514091311713e-05
1.636253494098127554e-05
1.615326329707992534e-05
1.600167845329754840e-05
1.586592960544900595e-05
1.572356234494994522e-05
1.561683109684963616e-05
1.555814953007939161e-05
1.548153049119112588e-05
1.540929530695696906e-05
1.535162038711253770e-05
1.532558557073571273e-05
1.533420453824874035e-05
1.536920064457565922e-05
1.538642302875814602e-05
1.537657078036621191e-05
1.535797890558872876e-05
1.533830781530317198e-05
1.531574677528624347e-05
1.529891855852838503e-05
1.528768484680161467e-05
1.528108596858146443e-05
1.528235965603622906e-05
1.528383485416877016e-05
1.528354918264085346e-05
1.528247277595558851e-05
1.528100957708981451e-05
1.528183046123861703e-05
1.527751859233224735e-05
1.527549172806175057e-05
1.527397865705400743e-05
1.527229915230539749e-05
1.526723926038660683e-05
1.526425218874767969e-05
1.526052881824095290e-05
1.525962858295315527e-05
1.525611404834611086e-05
1.525407968756553668e-05
1.525471003787970356e-05
1.525325957800305339e-05
1.525192381374533173e-05
1.525171800873674091e-05
1.525222499215791095e-05
1.525133545859110498e-05
1.525017370264928783e-05
1.524876211760783944e-05
1.524799749328546330e-05
1.524816529278420243e-05
1.524739258002227918e-05
1.524543150480894919e-05
1.524388513720017130e-05
1.524476871281876845e-05
1.524430158345542867e-05
1.524939232088703084e-05
1.524116411170931959e-05
1.524058741021387253e-05
1.524172048220862134e-05
1.524045794894845959e-05
1.524355569017643615e-05
1.523934585823856943e-05
1.523857635675085435e-05
1.523993485837612202e-05
1.523927808041965743e-05
1.531992910107267888e-05
1.524122202681610347e-05
1.523647969634112026e-05
1.523435932843616018e-05
1.523463466507261409e-05
1.523462265671090186e-05
1.523419359652204317e-05
1.523342609819640760e-05
1.523236916834018031e-05
1.528692828211812045e-05
1.523410892408113151e-05
1.523141383965291194e-05
1.523213470515353682e-05
1.523131992295626910e-05
1.523233329559540488e-05
1.523203471682184744e-05
1.523166655412448230e-05
1.523205778388122183e-05
1.523213795811291974e-05
1.523212332434316834e-05
1.523101274642613107e-05
1.523088242871987587e-05
1.523020249427039180e-05
1.523100174684562574e-05
1.522959472064637101e-05
1.522816243777924676e-05
1.522990238072452512e-05
1.512497923764991906e-05
1.512636240401358654e-05
1.511189217202020944e-05
1.512492547135480049e-05
1.513459725022888343e-05
1.513946921174162295e-05
1.514128188925193728e-05
1.514108931208587215e-05
1.513949426225735847e-05
1.513833415477468658e-05
1.513692916963312506e-05
1.513491764095912608e-05
1.513288968681081260e-05
1.513184236728193382e-05
1.513017982991489976e-05
1.512964857586969921e-05
1.512954435080852587e-05
1.512916787154002496e-05
1.512777221402454069e-05
1.512697375346760978e-05
1.512648134697277226e-05
1.512614828016012366e-05
1.512491177209085503e-05
1.512380386505659100e-05
1.512444951155581891e-05
1.512331638726512550e-05
1.512322259259235566e-05
1.512252080374310012e-05
1.512214728866941526e-05
1.512156923809015966e-05
1.512138897927191845e-05
1.512049388111336143e-05
1.512010369121223197e-05
1.511980128195015450e-05
1.511841944951205142e-05
1.511790985053570056e-05
1.511711958528394394e-05
1.511652612028531872e-05
1.511622798110086804e-05
1.511549020809373733e-05
1.511438990898265383e-05
1.511350176391109315e-05
1.511249526856772799e-05
1.511163797128271341e-05
1.511115805063430690e-05
1.511057795672362182e-05
1.510991969401705631e-05
1.510908251854440693e-05
1.510843318328625207e-05
1.510863769908610272e-05
1.511011886653553405e-05
1.510703793049591037e-05
1.510699281804287802e-05
1.510629330975158745e-05
1.510579256622198425e-05
1.510525530420636655e-05
1.510545464422345137e-05
1.510466680808046164e-05
1.510435507346604319e-05
1.510317614778008056e-05
1.510365421760676883e-05
1.510297884199947842e-05
1.510210775753269805e-05
1.510215783734262595e-05
1.510103810839306531e-05
1.510049414112775831e-05
1.509986152920343333e-05
1.509995082036160362e-05
1.509948875915749096e-05
1.509847612548280036e-05
1.509770532493348508e-05
1.509695758083277432e-05
1.509685153526637269e-05
1.509676994373876430e-05
1.509638996139983714e-05
1.509645528434096655e-05
1.509564476615802661e-05
1.509557798347790045e-05
1.509435793877855833e-05
1.509363026571008952e-05
1.509308441124327703e-05
1.509334492766356561e-05
1.509258098546221580e-05
1.509235025575132181e-05
1.509218183021706199e-05
1.509200170706511315e-05
1.509166323936976124e-05
1.712449229823202342e-05
1.527022902412985202e-05
1.514138351846364987e-05
1.510119472034906042e-05
1.507469038566947877e-05
1.505881755292648450e-05
1.505594960538777123e-05
1.506546115024320932e-05
1.507932627646368935e-05
1.508960583502509209e-05
1.509441944638941353e-05
1.509609999250945660e-05
1.509587913839520026e-05
1.509377899613658306e-05
1.509165422779309129e-05
1.509013838661606640e-05
1.508848180264976691e-05
1.508750943230552339e-05
1.508672656200360446e-05
1.508544759947956887e-05
1.508519980764807152e-05
1.508439548009240162e-05
1.508335252007479302e-05
1.508294390305309261e-05
1.508207850671775936e-05
1.508121418434408714e-05
1.508099849767556135e-05
1.508120561159861072e-05
1.508436513328585201e-05
1.508277819236051704e-05
1.520229995776389822e-05
1.506055319396182306e-05
1.506963960688760116e-05
1.507289571236469749e-05
1.507619468763247491e-05
1.507600725972224670e-05
1.507651657599732632e-05
1.507643904536356121e-05
1.516988275928573221e-05
1.508447074684227064e-05
1.508220545777779392e-05
1.508040871840421527e-05
1.507983680160881086e-05
1.507819256100143945e-05
1.507789636661982466e-05
1.507724730345216779e-05
1.507661832116961460e-05
1.507551660779427011e-05
1.507504934276463795e-05
1.507427778051351129e-05
1.507381261035334339e-05
1.507387040343625426e-05
1.507349000955097571e-05
1.507257996233117152e-05
1.507184881575085489e-05
1.507238926781913764e-05
1.507162356953510045e-05
1.507132187498427892e-05
1.507259801580100138e-05
1.507030781567664255e-05
1.507020895815003307e-05
1.507007109542731351e-05
1.506943087027442221e-05
1.506916050023695232e-05
1.506883846862668477e-05
1.506844187512494242e-05
1.506787736919553305e-05
1.506836063830026657e-05
1.506856368526617535e-05
1.506798306309065164e-05
1.506763853285519831e-05
1.506745959128844924e-05
1.506768976090218822e-05
1.506696437900245594e-05
1.506708587082054359e-05
1.506697166708666644e-05
1.506636067991469950e-05
1.506701130286576978e-05
1.506559701510923346e-05
1.506575341560771218e-05
1.506556318721171397e-05
1.506720209211683453e-05
1.506499496827018501e-05
1.506476952651306983e-05
1.506432926589695928e-05
1.506297611285845030e-05
1.506450297559543518e-05
1.506413444303689169e-05
1.506439360809963546e-05
1.506405205266976974e-05
1.506352291319975183e-05
1.506357168409522287e-05
1.506357467633279089e-05
1.506319567700605494e-05
1.506289953870994748e-05
1.506334909436191076e-05
1.506270112486163332e-05
1.506229569940842271e-05
1.506231593111806460e-05
1.506257630277711229e-05
1.506197048153505115e-05
1.506404171550457236e-05
1.506177625666775058e-05
1.506242751778093787e-05
1.506152982074127060e-05
1.506150276630554236e-05
1.506162486975881641e-05
1.506074621450655598e-05
1.506070913895503767e-05
1.506037131093762582e-05
1.506059592884412329e-05
1.506022006954784406e-05
1.506014328848929571e-05
1.506002261824808781e-05
1.506009960924833120e-05
1.505975737624491171e-05
1.506436236923036618e-05
1.505810379285321721e-05
1.505902654495609255e-05
1.505894278352570911e-05
1.505954116282737205e-05
1.505947598388957030e-05
1.505884302863099417e-05
1.505871686428387515e-05
1.505816878761834300e-05
1.505792487857130858e-05
1.505864181126526051e-05
1.505770293306341079e-05
1.505824930594220188e-05
1.505844178382176358e-05
1.505830033465827000e-05
1.505815383476753310e-05
1.505791332950441980e-05
1.505794779329032002e-05
1.505743464880045666e-05
1.505704218516257276e-05
1.505791400177258779e-05
1.505778949119000321e-05
1.505752236956444367e-05
1.505770760331870419e-05
1.505749358557295697e-05
1.505751522624147237e-05
1.505682742238908134e-05
1.505659281065163594e-05
1.505633683109408634e-05
1.505792436319097780e-05
1.506470918532916856e-05
1.505520961169774392e-05
1.505541255786132113e-05
1.505524877226586477e-05
1.505535266763520973e-05
1.505565137146428799e-05
1.505576295964298601e-05
1.505551503972431664e-05
1.505568774367323684e-05
1.505508851702567508e-05
1.505489062462099070e-05
1.505497955198128164e-05
1.505444899445744001e-05
1.505397752756228641e-05
1.505463896061580027e-05
1.505385864978355483e-05
1.505351952270454278e-05
1.505345410881394183e-05
1.505367178576004097e-05
1.505338139547044729e-05
1.505301796290344392e-05
1.505316347523451706e-05
1.505274339782166312e-05
1.505264767880968731e-05
1.505249512623170902e-05
1.505266848122725239e-05
1.505278159356748808e-05
1.607068307900287002e-05
1.502787137800017521e-05
1.502200393588282168e-05
1.503759957131478546e-05
1.504359299436449188e-05
1.504847853463312860e-05
1.505141885369691171e-05
1.505197434274426365e-05
1.505161068735105739e-05
1.505275908660526871e-05
1.505133827701380753e-05
1.505105937440021121e-05
1.505003008029840861e-05
1.511106145168620603e-05
1.506095767202471819e-05
1.505622262357064817e-05
1.505501637287428237e-05
1.505282994079000972e-05
1.505214882020785163e-05
1.505003863561190293e-05
1.505045217830532584e-05
1.505049803881775019e-05
1.504993785147234949e-05
1.504914896865254085e-05
1.504885037017326503e-05
1.504838883496025472e-05
1.504832916983408078e-05
1.504775313530141592e-05
1.504820904832134480e-05
1.504840813898529951e-05
1.504836523660439220e-05
1.504848350805332316e-05
1.504779152279904059e-05
1.504801200629420535e-05
1.504745925937337810e-05
1.504693471512534110e-05
1.504758167887606115e-05
1.504522824158508867e-05
1.504744014406848352e-05
1.504701680839085920e-05
1.504635060503763528e-05
1.504651105960874675e-05
1.504604688382945145e-05
1.504600824470496039e-05
1.504564228904807079e-05
1.504620795079366254e-05
1.504607577468656703e-05
1.504846660357846684e-05
1.504502811712882289e-05
1.504568903252826801e-05
1.504559904712247507e-05
1.504484226340233899e-05
1.504500203661033735e-05
1.504507187974013518e-05
1.504476194061984086e-05
1.504492922549616244e-05
1.504546837471328563e-05
1.504479408292051291e-05
1.504475683153335392e-05
1.504481378712322770e-05
1.504415542134059604e-05
1.504706741798145217e-05
1.504447946899745093e-05
1.504410362561732905e-05
1.523026513647588794e-05
1.506459864155355486e-05
1.505209026466521447e-05
1.504853794585869818e-05
1.504612183604573792e-05
1.504491673661808194e-05
1.504469892703733992e-05
1.504387851430995716e-05
1.504328351529693423e-05
1.504270764750496323e-05
1.504252370371735441e-05
1.504235717826910963e-05
1.504261455769058930e-05
1.504296288203477202e-05
1.504270926640553347e-05
1.504290790308004883e-05
1.507833110963474637e-05
1.504768093051704163e-05
1.504465375546715243e-05
1.504423533712421533e-05
1.504391497519463957e-05
1.504406457722022118e-05
1.504348877839826536e-05
1.504321933377165460e-05
1.504298893754215340e-05
1.504288344070422030e-05
1.512182123936630222e-05
1.502030434949119822e-05
1.503086723081044735e-05
1.503607408039897530e-05
1.503903112658614761e-05
1.504072325284748093e-05
1.504074447287469642e-05
1.504291142130872089e-05
1.504042364179743718e-05
1.504140809629461694e-05
1.504113270584639368e-05
1.504067317758502559e-05
1.504063774821891796e-05
1.504040013742269400e-05
1.504006542745628421e-05
1.504022020071715740e-05
1.504068957804823423e-05
1.504008270861352943e-05
1.504025807056071502e-05
1.503972774798967260e-05
1.504013661663824108e-05
1.504010995631688213e-05
1.504001316485907172e-05
1.503975235133718098e-05
1.503985495673987255e-05
1.503955655910734325e-05
1.503996636377754242e-05
1.503984864636246747e-05
1.503971435568018933e-05
1.504012347368188791e-05
1.503919572542145013e-05
1.503932015869698594e-05
1.503874203687397889e-05
1.503963178492995246e-05
1.503950283601322248e-05
1.503996386569876205e-05
1.758652743167961707e-05
1.516920496139088375e-05
1.506275687991850048e-05
1.502446335962304066e-05
1.501151143656898057e-05
1.501656603522860664e-05
1.502899141390419803e-05
1.503945093418224153e-05
1.504590222642339920e-05
1.504742647208938021e-05
1.504865187674416412e-05
1.504728848658487611e-05
1.504513761953300347e-05
1.504407167810010453e-05
1.504119582174704755e-05
1.504026530938062872e-05
1.503922893941004694e-05
1.503806556759930905e-05
1.503748280659541176e-05
1.503652916805246340e-05
1.503528055688244999e-05
1.503496568147966159e-05
1.503553473867214086e-05
1.503518729729573100e-05
1.503545986603664114e-05
1.503492751377659030e-05
1.503482080958444005e-05
1.503453047083288114e-05
1.503486163301204215e-05
1.503413571526834919e-05
1.503407710818767894e-05
1.503420313232102963e-05
1.503354579654114800e-05
1.503362743202766741e-05
1.503394901798552919e-05
1.503380835326121657e-05
1.503361374110075554e-05
1.503358636682605727e-05
1.503359613252541823e-05
1.503329646387404240e-05
1.503349887874113317e-05
1.503315176705655169e-05
1.503283694773927063e-05
1.503298951623340457e-05
1.503290581316226304e-05
1.503366196023610686e-05
1.503219941090113297e-05
1.503247216912010653e-05
1.503196869559057326e-05
1.503140767454169650e-05
1.503224966124131914e-05
1.503202897310984513e-05
1.503098242740937404e-05
1.503085567340652498e-05
1.503083009689968712e-05
1.503143424846105816e-05
1.503186342157884305e-05
1.503096388584405385e-05
1.503134380300252855e-05
1.503075745479994403e-05
1.503123064897711982e-05
1.503043328360339138e-05
1.502975115727167590e-05
1.502984170277462386e-05
1.503052378438951510e-05
1.503053041536380343e-05
1.503061731758255851e-05
1.503054742291472760e-05
1.503060216615873837e-05
1.503033766842539325e-05
1.506884459255767592e-05
1.502364617257020037e-05
1.502656019890006661e-05
1.502866466656390301e-05
1.502933582514742786e-05
1.503030181841798740e-05
1.503001457725379895e-05
1.503039295888205118e-05
1.503027003157815942e-05
1.503000184811753516e-05
1.503022658880581716e-05
1.502977684443370367e-05
1.502856450694404552e-05
1.502962717798557945e-05
1.502971405291949239e-05
1.502953681665530914e-05
1.502964007083088928e-05
1.502957443562991021e-05
1.502969987996038920e-05
1.502959636582090739e-05
1.502889137479238879e-05
1.502920330040069543e-05
1.502938648248649118e-05
1.502872156379453318e-05
1.502920850725786274e-05
1.502907045657290450e-05
1.502856455772416707e-05
1.502836169038346338e-05
1.502857739827353061e-05
1.502904224404725591e-05
1.502868807923126313e-05
1.502882373718724344e-05
1.502854869613656693e-05
1.502802624069469518e-05
1.502818446624587475e-05
1.502794203740146869e-05
1.502815363134383650e-05
1.502789565696123931e-05
1.502789502334659655e-05
1.502792726569168695e-05
1.502776464803901096e-05
1.502803988235731024e-05
1.502809013951870526e-05
1.502793978488625739e-05
1.502776386056818050e-05
1.502772465073576286e-05
1.502734232796380407e-05
1.502757714585338010e-05
1.502741411362270152e-05
1.502715136211918373e-05
1.502796476036868042e-05
1.502661676189139415e-05
1.502728329342062339e-05
1.502655117292306406e-05
1.502648369068992947e-05
1.502620597345109394e-05
1.502567792689054223e-05
1.502622097329246266e-05
1.502629507892076353e-05
1.502618971850703603e-05
1.502644533199296999e-05
1.502544210400932034e-05
1.502534140551385096e-05
1.502540427433511101e-05
1.502555149575831270e-05
1.514072298505197944e-05
1.506518726955619113e-05
1.504694365848990910e-05
1.504212029961612032e-05
1.503872126325707900e-05
1.503642801935711739e-05
1.503409849798723948e-05
1.503312142100791531e-05
1.503294196936621955e-05
1.503150852083005458e-05
1.503056932733670739e-05
1.502945248906447337e-05
1.502915532834473794e-05
1.502799999570925206e-05
1.502767893574249093e-05
1.502641884447560560e-05
1.502609949360097133e-05
1.502580324237593768e-05
1.502593525553190036e-05
1.502530367133658742e-05
1.502504826476069900e-05
1.502469818433382891e-05
1.502441284098191922e-05
1.502430632475200935e-05
1.502432262289706505e-05
1.502380508403196730e-05
1.502412433031471067e-05
1.502418265545202289e-05
1.502341928774815900e-05
1.502393194262670728e-05
1.502342024726506910e-05
1.502392115071415901e-05
1.502346771379355585e-05
1.502303162775812461e-05
1.502291013897168646e-05
1.502253225832343241e-05
1.502306956202422315e-05
1.502222968459439736e-05
1.502279155450499600e-05
1.502249271500962367e-05
1.502293615430971786e-05
1.502287267309535988e-05
1.502265132027484164e-05
1.502230375081126146e-05
1.502175134191929788e-05
1.502277301142385106e-05
1.502183912483208954e-05
1.502198295990335051e-05
1.502180342564922020e-05
1.502197402563372933e-05
1.502118553617037846e-05
1.502097739679205332e-05
1.502063457489081531e-05
1.502067862323504665e-05
1.502107769283611642e-05
1.502072286939437672e-05
1.502076680708341815e-05
1.501999312646754951e-05
1.501914462020673997e-05
1.501891939445461883e-05
1.501945917804429631e-05
1.501832236347884951e-05
1.501886943363691274e-05
1.501830120332670069e-05
1.501802936900276149e-05
1.501763424509287423e-05
1.501899036687367012e-05
1.501693855137394465e-05
1.501740264150915589e-05
1.501716566887504724e-05
1.501711777867361278e-05
1.501715580616291913e-05
1.501625795602497738e-05
1.501672234023014127e-05
1.501661366546613944e-05
1.501699938595872203e-05
1.501629088428065514e-05
1.501655034568708953e-05
1.501624328587543704e-05
1.501559918475929163e-05
1.501540801882583798e-05
1.501550714844294545e-05
1.501570157870446510e-05
1.501538874284354516e-05
1.501538563388748992e-05
1.501498626642690648e-05
1.501560900805998299e-05
1.501524801824416418e-05
1.501496439611097767e-05
1.501511222083233046e-05
1.501477061310652014e-05
1.501479867708136850e-05
1.501463787235479706e-05
1.501324415130511679e-05
1.501402939387238205e-05
1.501352366328016323e-05
1.501430436140556913e-05
1.501395601356610701e-05
1.501264034838338097e-05
1.501308071131764615e-05
1.501200221052082847e-05
1.501317975983814381e-05
1.501282492578563255e-05
1.501301211343767747e-05
1.501258370808500297e-05
1.501244569302192215e-05
1.501241966858894224e-05
1.501279772431492714e-05
1.501267017905168658e-05
1.501296196238399642e-05
1.501207832461659631e-05
1.501146206237535841e-05
1.501151753473095603e-05
1.501225386997854634e-05
1.501222130248910012e-05
1.501232129309452579e-05
1.501204889185222104e-05
1.501138554203862495e-05
1.501138517066162184e-05
1.501121133742344648e-05
1.501159912398482814e-05
1.501135355510996366e-05
1.501116993191923640e-05
1.501163035451706213e-05
1.501129690723246360e-05
1.501147561612015145e-05
1.501130108863435514e-05
1.501085651625544476e-05
1.501119569411457667e-05
1.501117535705513234e-05
1.501145383372204297e-05
1.501032755186315599e-05
1.501073757935955635e-05
1.501063338234113498e-05
1.501032760567492535e-05
1.500971354441086736e-05
1.501661854869477569e-05
1.500893457508330669e-05
1.500906143443595820e-05
1.500992467602676053e-05
1.500982267164848379e-05
1.500984459198662093e-05
1.500935249168833238e-05
1.500950600302530754e-05
1.500936772269293758e-05
1.502183521400487124e-05
1.500762919325400868e-05
1.500800773177009812e-05
1.500881435958945137e-05
1.500914080452275846e-05
1.500854326347204414e-05
1.500837993489767494e-05
1.500884924477456133e-05
1.500858430063090061e-05
1.500851695103241059e-05
1.500921259245539387e-05
1.500842098948851351e-05
1.500820847695649711e-05
1.500808194123237667e-05
1.500737391703902855e-05
1.500722797876126972e-05
1.500721474561335825e-05
1.500698173307076470e-05
1.500758964615063891e-05
1.500701717456346696e-05
1.500748912349081359e-05
1.500702382069600111e-05
1.500744379958026314e-05
1.500655752958361165e-05
1.500658752320305178e-05
1.500779273101215970e-05
1.500592946968026808e-05
1.500606306384118730e-05
1.500588108380422122e-05
1.500608192145591649e-05
1.500580222151863137e-05
1.500557661908411964e-05
1.500626561740621827e-05
1.500541946522086313e-05
1.500583860509626332e-05
1.500537264215987918e-05
1.500533918563936279e-05
1.500526985258450996e-05
1.500597018700015452e-05
1.500564358214736242e-05
1.500573796117047652e-05
1.500573582537375244e-05
1.500572017221202259e-05
1.500509747377994557e-05
1.500547192714899740e-05
1.500545312713560030e-05
1.500534975245197190e-05
1.500603617159868036e-05
1.500516816728729003e-05
1.500506329800070238e-05
1.500534346556984623e-05
1.500551797638157366e-05
1.500507656980213739e-05
1.500452018111294202e-05
1.500491371643875068e-05
1.500487522813879613e-05
1.500476749318598432e-05
1.500524113604721368e-05
1.500477574988205174e-05
1.500494225638249136e-05
1.500506816152362024e-05
1.500454435699793996e-05
1.500418448434478169e-05
1.500442022764521683e-05
1.500464210266727639e-05
1.500518963894137360e-05
1.500365354862272642e-05
1.500402542433221283e-05
1.500371780669714330e-05
1.500441796300340922e-05
1.500390239698390441e-05
1.500357238455762847e-05
1.500303898941031806e-05
1.500350369800192623e-05
1.500310601083280446e-05
1.500244935035273862e-05
1.500302565470216518e-05
1.500289510734849826e-05
1.500275901283506070e-05
1.500305830935152020e-05
1.500261860959047450e-05
1.500218784788861102e-05
1.500202628221813972e-05
1.500257675691803729e-05
1.500230285576738750e-05
1.500280161280898008e-05
1.500239617674499960e-05
1.500257825910011861e-05
1.500186946562583535e-05
1.500201171287092926e-05
1.500180159913118811e-05
1.500137195307615871e-05
1.500165994229973917e-05
1.500173671729498851e-05
1.500155411804371397e-05
1.500116919032734593e-05
1.500154257352429944e-05
1.500152008172032419e-05
1.500127205948350189e-05
1.500078271646998555e-05
1.500095137165165709e-05
1.500073462921136558e-05
1.500104164051663281e-05
1.500188748726335051e-05
1.500036529781330853e-05
1.500249393833049338e-05
1.499954136079395471e-05
1.499992922996777092e-05
1.500030843999411513e-05
1.500038499671063585e-05
1.500024324438224281e-05
1.499991047012372210e-05
1.500032094630417604e-05
1.499981541352705423e-05
1.499964504697951955e-05
1.499960507241363934e-05
1.499960791231084610e-05
1.499915531364119155e-05
1.499986186900059611e-05
1.499907643089197010e-05
1.499967962521016733e-05
1.499899439825943189e-05
1.499934695857518872e-05
1.500073377656008267e-05
1.499898101731863172e-05
1.499896167615588645e-05
1.499918527239666748e-05
1.499888983820104270e-05
1.499869126973862930e-05
1.499879718570203587e-05
1.499915492937968060e-05
1.499891146522713873e-05
1.499884626734153013e-05
1.499926610222246449e-05
1.499866443661327750e-05
1.499846459485828128e-05
1.499856897832311657e-05
1.499780167932840447e-05
1.499747414754892850e-05
1.499792978089923732e-05
1.499779860902587277e-05
1.499810603945661515e-05
1.499779739030297253e-05
1.499801819363710901e-05
1.499748212078581314e-05
1.499702287749945089e-05
1.499661843505843149e-05
1.499676277186760387e-05
1.564417968590229758e-05
1.509773841310864785e-05
1.505132283303585949e-05
1.503787327995572400e-05
1.503198674072336952e-05
1.502594585948221164e-05
1.502125271448070037e-05
1.501699076319103729e-05
1.501441918586957949e-05
1.501196493942794941e-05
1.500941109118988057e-05
1.500682847336065593e-05
1.500497340960767659e-05
1.500303621924103970e-05
1.500133072037594149e-05
1.500095316108248222e-05
1.499982360807431701e-05
1.499869669563243677e-05
1.499690760510930017e-05
1.499671976944227990e-05
1.499583030939296167e-05
1.499552513299325534e-05
1.499487491249359134e-05
1.499486811856816849e-05
1.499392635726811253e-05
1.499354169785268144e-05
1.499391590186860487e-05
1.499310219590673447e-05
1.499318470526607822e-05
1.499277250710899128e-05
1.499199189765931724e-05
1.499681339358479146e-05
1.499197815822602350e-05
1.499193406364914486e-05
1.499218703884253012e-05
1.499216779090299266e-05
1.499174796208535561e-05
1.499148000903005629e-05
1.499145228156824853e-05
1.499188362610463322e-05
1.499117670012613708e-05
1.499144630770388237e-05
1.499134002036347100e-05
1.499053823787714199e-05
1.499658218487335564e-05
1.499049128521316296e-05
1.499037818651534834e-05
1.498967097101437211e-05
1.498975424586509166e-05
1.499007301314729151e-05
1.499731766898548779e-05
1.498753373046686871e-05
1.498907707627950017e-05
1.498846315901876816e-05
1.498888988711163050e-05
1.498920333763938634e-05
1.498785946447848428e-05
1.670000963713391792e-05
1.498791314209787098e-05
1.494996883290392945e-05
1.493946903413719475e-05
1.494268742817439542e-05
1.495595625707816555e-05
1.497047799299859156e-05
1.498077830547117581e-05
1.498585788264487441e-05
1.498871028009792397e-05
1.498851911340655880e-05
1.498845167058486096e-05
1.498777695436122730e-05
1.498681524481071392e-05
1.498674585567035375e-05
1.498573944293942315e-05
1.498581184781263244e-05
1.498494683877045964e-05
1.498535494571721505e-05
1.498478709815268921e-05
1.498468278820534334e-05
1.499430553849378985e-05
1.498164149249229556e-05
1.498356323281768709e-05
1.498375514681053275e-05
1.498438830064211913e-05
1.498368068193182509e-05
1.498328380193925046e-05
1.498308637716642481e-05
1.498288887432863717e-05
1.498285610068705864e-05
1.498301806956684774e-05
1.498299487138865522e-05
1.498252831652280306e-05
1.498268338082198109e-05
1.498495562600510366e-05
1.498359828777514211e-05
1.498276820332951773e-05
1.498255494501184561e-05
1.498293793019911404e-05
1.498203400008909216e-05
1.498195061458318439e-05
1.498218865966312763e-05
1.498198239308597539e-05
1.498173999380014775e-05
1.498122152497671832e-05
1.498222578220520477e-05
1.498170103028921071e-05
1.498163718755070796e-05
1.498160070544448241e-05
1.498091052477927080e-05
1.498124480425152233e-05
1.498094598446186838e-05
1.498101149005985238e-05
1.498070181393510754e-05
1.581622755490267801e-05
2.073882053233925524e-05
1.602825339735621522e-05
1.552076512780331582e-05
1.530594236252606294e-05
1.519778766578383585e-05
1.531027285636810229e-05
1.518441933209639243e-05
1.512389482968501411e-05
1.510026099519260867e-05
1.508425518901882839e-05
1.507205867407416693e-05
1.506140595817366137e-05
1.505210449295191177e-05
1.504491776889456824e-05
1.503713610873091966e-05
1.503123594602584544e-05
1.502645010608224107e-05
1.502106912236437628e-05
1.501707984213377796e-05
1.501357947442253773e-05
1.500992130331724258e-05
1.500605650638438670e-05
1.500265500605261599e-05
1.499968105235893786e-05
1.499640923763460434e-05
1.499393401142394036e-05
1.499178806928587870e-05
1.498917602248184321e-05
1.498618222512959687e-05
1.498456670257534478e-05
1.498308445661677986e-05
1.498191061424828679e-05
1.498050465670530732e-05
1.498207025406372904e-05
1.497739946974737321e-05
1.497709423802007277e-05
1.497623495121539806e-05
1.497584122641152766e-05
1.497561405585656724e-05
1.497527125669269711e-05
1.497526037004111798e-05
1.498732363719075917e-05
1.497353045882239957e-05
1.497376190476037087e-05
1.497280343755846884e-05
1.497268290753102757e-05
1.497280225597326908e-05
1.497292457164197275e-05
1.497248237531797143e-05
1.497256568806430299e-05
1.497281846013720544e-05
1.497281431132554013e-05
1.497203178208413436e-05
1.497138499189532040e-05
1.497142132317700774e-05
1.497113656190170603e-05
1.497076501057866391e-05
1.497080793569693910e-05
1.497084583130951241e-05
1.497040066775904723e-05
1.497011519783579028e-05
1.497040098684010404e-05
1.497032573752221712e-05
1.497007989807267772e-05
1.496971479051959847e-05
1.497004791644940222e-05
1.496986380061571206e-05
1.496949720603879561e-05
1.496965122062950524e-05
1.496943727640124575e-05
1.496980927034504245e-05
1.496938606123876539e-05
1.496974777107122083e-05
