3.273799776216037606e-03
1.737101254402659755e-03
1.596583240316249482e-03
1.531276896712370191e-03
1.490040387143380923e-03
1.453773819666821614e-03
1.420429744466673600e-03
1.388321344275027409e-03
1.357365457806736231e-03
1.333096676389686859e-03
1.308708621945697858e-03
1.291657590481918227e-03
1.266915835149120617e-03
1.247035441338084638e-03
1.231308690912555869e-03
1.213972049008589299e-03
1.198952422419097188e-03
1.182150363747496184e-03
1.165051437274087229e-03
1.145483823784161420e-03
1.133999919111374800e-03
1.119259978004265516e-03
1.104535363556351495e-03
1.092416912724729697e-03
1.078884297457989236e-03
1.068288409442175180e-03
1.058548995642922793e-03
1.048666019050870004e-03
1.036662922415416662e-03
1.027462612546514633e-03
1.018821358738932707e-03
1.011768795433454259e-03
1.004498682159464702e-03
9.966709569562226621e-04
9.995981247629970052e-04
9.864511634805239911e-04
9.755971794947981791e-04
9.722022240748628584e-04
9.666168046533130586e-04
9.623685834230854630e-04
9.539524035062640905e-04
9.520523643004707558e-04
9.460223282803781721e-04
9.411558354622684289e-04
9.356179655878805101e-04
9.342800371814519340e-04
9.285382533562369428e-04
9.253626069403253582e-04
9.218757008784450764e-04
9.156235287082381720e-04
9.128275237162597651e-04
9.113968387828208419e-04
9.086146307527087152e-04
9.048465586965903510e-04
9.008797042770311627e-04
8.983712323242798448e-04
8.944378839805722150e-04
8.913204734562896062e-04
8.884415813372470178e-04
8.845241862582043117e-04
8.809015058795921374e-04
8.798110333736986442e-04
8.827807547640986610e-04
8.976306213298812725e-04
8.807993240770883338e-04
8.803645981242880702e-04
8.730507749714888893e-04
8.713935373816639445e-04
8.676769526209681706e-04
8.650482754455879851e-04
8.639554641558788977e-04
8.628411352401599331e-04
8.608779954374768230e-04
8.593779621878639254e-04
8.602712277206591871e-04
8.601148839807137543e-04
8.591687990701756938e-04
8.576032865676097789e-04
8.569600380724295757e-04
8.557827235199511181e-04
8.518204008578322654e-04
8.495909906923770948e-04
8.495463067083619015e-04
8.482613720116205123e-04
8.475309572531841478e-04
8.424660388845950278e-04
8.425688749412075119e-04
8.399412073777056927e-04
8.392902606283314396e-04
8.384018900687806265e-04
8.394015464000403751e-04
8.396557782543822950e-04
8.418653890839778364e-04
8.353120757965370709e-04
8.311926785972900342e-04
8.291015244321897886e-04
8.337233177735470322e-04
8.301654621027409510e-04
8.300451125251128836e-04
8.316108561120927724e-04
8.271634293487295378e-04
8.260513079585507599e-04
8.249229422654024910e-04
8.251505799125879743e-04
8.225871381000616090e-04
8.215670494246296888e-04
8.244623430073260827e-04
8.259221579646692157e-04
8.580699219601228703e-04
2.005474359611980530e-03
1.636109043029136852e-03
1.558024606783874316e-03
1.488706537638790923e-03
1.443194682069588383e-03
1.407345062470994907e-03
1.374903094838373285e-03
1.344734501326456683e-03
1.314961274038069054e-03
1.287870371888857370e-03
1.263093669549562132e-03
1.244425070472061738e-03
1.227174029045272627e-03
1.211897441535256898e-03
1.199023806839249941e-03
1.183066714729648057e-03
1.170529717637691690e-03
1.159328891371842491e-03
1.146711767942178942e-03
1.135843983502127274e-03
1.125738619884941814e-03
1.114774786110501797e-03
1.103423628956079570e-03
1.097526706289499903e-03
1.084276042238343585e-03
1.076019149040803244e-03
1.070618258381728083e-03
1.063071635435335277e-03
1.056731784774456130e-03
1.050722615618724428e-03
1.043688322533853439e-03
1.034923636761959660e-03
1.027473831782117460e-03
1.021262969588860800e-03
1.015807690855581374e-03
1.007236012374050898e-03
1.004322342050727353e-03
9.975248549017124225e-04
9.949986386345698996e-04
9.905219066422433355e-04
9.834991436218842257e-04
9.832307064789346830e-04
9.844724956201390213e-04
9.822615174925886095e-04
9.711300209164619836e-04
9.680081513943150726e-04
9.614394063828513286e-04
9.569140855455771392e-04
9.560341975884511633e-04
9.496787402895279446e-04
9.479133831337094264e-04
9.393595202709548609e-04
9.399647795362397595e-04
9.324573131743818608e-04
9.319676869199611420e-04
9.276910248445346518e-04
9.264707274269312837e-04
9.260086188442074066e-04
9.230129540082998400e-04
9.186270798090845650e-04
9.201345031033269801e-04
9.178005278226919949e-04
9.136996880988590549e-04
9.122349409153684540e-04
9.052771650021895506e-04
9.137337145511992579e-04
9.018203712184913933e-04
8.952355891233310407e-04
8.998937704018317640e-04
8.887729971320367916e-04
8.896596910199150096e-04
8.934676620992831712e-04
8.833420311566441731e-04
8.831611098139547332e-04
8.889156897203065802e-04
8.769367955392226403e-04
8.824369704234413716e-04
8.837985817808657624e-04
8.773226747871376661e-04
8.827437766012735925e-04
8.772663155104964451e-04
8.858796805725433149e-04
8.735514903673902197e-04
8.692384645109995853e-04
8.711116257472895303e-04
8.659443518263288146e-04
8.633079263381660115e-04
8.710941034951246798e-04
8.621303385007195478e-04
8.601628488395363483e-04
8.607191467308439705e-04
8.569533735862933359e-04
8.580625354079529296e-04
8.554792223731056333e-04
8.755957309040241074e-04
8.607621339615434061e-04
8.526307181455194516e-04
8.509965284611098555e-04
8.528902157559060081e-04
8.529694247408769895e-04
8.458325019455514501e-04
8.468274550978094556e-04
8.453260397072881070e-04
9.258637344464659604e-04
8.517073382972739247e-04
8.444581032381392538e-04
8.380436181323603056e-04
8.999619880341924510e-04
8.718134628725237667e-04
8.444846665952354453e-04
8.410761694540269369e-04
8.318983812932856511e-04
8.403410096070729326e-04
8.288956031901761499e-04
8.270534907933324185e-04
8.303335052914917469e-04
8.304249396314844532e-04
8.289404012612066773e-04
8.307881449582055428e-04
8.255088227451779469e-04
8.289841594523749725e-04
8.246822783257812348e-04
8.233075318275951023e-04
8.290471017244272411e-04
8.276124138501473248e-04
8.188503308338112826e-04
8.196779742138459801e-04
8.482492456096224053e-04
8.982565373298711901e-04
8.351540213334374650e-04
8.307958411751314521e-04
8.715178721467964438e-04
8.241240325151011521e-04
8.201841439586133198e-04
8.204944559838622765e-04
8.149770245654508428e-04
8.252950827591121500e-04
8.128703827969729814e-04
8.145510396570898419e-04
8.148500954848714129e-04
8.221371273975819783e-04
8.126934521715156907e-04
8.128742256667464625e-04
8.135988996946252362e-04
8.263687897124327763e-04
8.067258895607665181e-04
8.082158176694065072e-04
8.105903671821579727e-04
8.099035188206471980e-04
8.067981922067702033e-04
8.108494969201274303e-04
8.130516720120795201e-04
8.072196200373582325e-04
8.097944929613731845e-04
8.097783854464069269e-04
8.097680044011212755e-04
8.141084364615380460e-04
8.057319335057400080e-04
8.068593431380577299e-04
7.995333537110127942e-04
7.998741985647939536e-04
7.990253815660252777e-04
8.056089008459820953e-04
7.994701410643756086e-04
7.984186703106388753e-04
7.975591410649940892e-04
7.923621218651532910e-04
7.944779083481989888e-04
8.068816302693449221e-04
8.048288276768289290e-04
8.022862812504171978e-04
7.986385477124713578e-04
7.970794980064966262e-04
8.004891796736047019e-04
7.955138504621572662e-04
7.954198805964551389e-04
7.982169670867733224e-04
8.017018777900375296e-04
7.952874375041574587e-04
8.496964795631356667e-04
8.012123481603339358e-04
7.922410682658664362e-04
7.915683704777620559e-04
7.906866449047811329e-04
7.990011994843371733e-04
8.079335425281897361e-04
7.949317022575996426e-04
7.861110701924189708e-04
7.865142010268755778e-04
7.873291632859035936e-04
7.894092306378297204e-04
7.831241461099125315e-04
7.886539099854417622e-04
7.895980286411940965e-04
7.936246460303663991e-04
7.941746161668561746e-04
7.827045660815201526e-04
7.852952726534567600e-04
7.857775405864231549e-04
7.844534883042797750e-04
7.860640186117961873e-04
7.834939469466917564e-04
7.794371264753862738e-04
7.837962335906922687e-04
7.858570665121078274e-04
7.824952909140847276e-04
7.862479385221377275e-04
7.856813445687294397e-04
7.810921833151951042e-04
7.794774629292078707e-04
7.843126569059677812e-04
7.836358618806116673e-04
7.805490409373305218e-04
7.805926521541550972e-04
7.830265484517440156e-04
7.830978487618267319e-04
7.789574161870404948e-04
8.003325745812617546e-04
7.837264379486441439e-04
7.778415415668859904e-04
7.821585060446522826e-04
7.869060253142378791e-04
7.872057188069447615e-04
7.829017066978849080e-04
7.739456251147203538e-04
7.829867120017297653e-04
7.924250469659454860e-04
7.786793384002521591e-04
7.718651401228271295e-04
7.717594064888544120e-04
7.806955973501316856e-04
7.832781714387237765e-04
7.845811039442196749e-04
7.720496493857354186e-04
7.710280339233577121e-04
7.747578530688769812e-04
7.804416504222900196e-04
7.785834558308124499e-04
7.776225890847854576e-04
7.747341369395144284e-04
7.718397356802597338e-04
7.698343315860256206e-04
7.679865017416886855e-04
7.736724853748455557e-04
7.789451960707083518e-04
7.778842584230006175e-04
7.724764777231030687e-04
7.697121505043469196e-04
7.699947786750272090e-04
7.756466811406426479e-04
7.716563955182209437e-04
7.746397846494800822e-04
7.768208550987765150e-04
7.813152275048196533e-04
7.657630751782562323e-04
2.017902125953696495e-03
1.642708363942801996e-03
1.510715852491557529e-03
1.437918128503952106e-03
1.377759738534223245e-03
1.330956493329722452e-03
1.296597965701948773e-03
1.269415933347772850e-03
1.246521000284701516e-03
1.226274442742578781e-03
1.206440013193059739e-03
1.188667209935374662e-03
1.172937810479197625e-03
1.160336543689481983e-03
1.146407507767435198e-03
1.134197424689773566e-03
1.122933558363001889e-03
1.112456811533775241e-03
1.101820102194324066e-03
1.092969620367512194e-03
1.082725717860739695e-03
1.073286999017000103e-03
1.063934296544175604e-03
1.056354308384470538e-03
1.049762560287490539e-03
1.044727174739819037e-03
1.035070161451585521e-03
1.028417686466127651e-03
1.023465327743906545e-03
1.016087996249552842e-03
1.010623852198477791e-03
1.006075101904571091e-03
9.999306313693524188e-04
9.983018584898673518e-04
9.924162310198879865e-04
9.868861979339272478e-04
9.837523940950632876e-04
9.823375707492232843e-04
9.829024644568563462e-04
9.799178887624293913e-04
9.710288696805946572e-04
9.691924668732099192e-04
9.649236965924501896e-04
9.579932485939934546e-04
9.550806219340301790e-04
9.524445392889901909e-04
9.509233260178007576e-04
9.422372354310937399e-04
9.409387857886031270e-04
9.406946759554557285e-04
9.333198412787168828e-04
9.329099458409473343e-04
9.297112945932894902e-04
9.252285788534208699e-04
9.273597327410243191e-04
9.249754701158962710e-04
9.270349069265648549e-04
9.162566825398244137e-04
9.176000033039599397e-04
9.130673480103724095e-04
9.081730165053158521e-04
9.059237001929432240e-04
9.039642880088649603e-04
9.024989171302877887e-04
8.980839437572285490e-04
8.973189920652657964e-04
8.944021657225675924e-04
8.918709066347219527e-04
8.896278400789014475e-04
8.846697889384813130e-04
8.911582824657671067e-04
8.855745921027846374e-04
8.905565453460439606e-04
8.816334474249742882e-04
8.782311828690581544e-04
8.750243822578340725e-04
8.739153994247317444e-04
8.772388278157450085e-04
8.739805596997030383e-04
8.763376352726482158e-04
8.679641113849357117e-04
8.681147266179322893e-04
8.657787824631668410e-04
8.675127036985941578e-04
8.666103062569163913e-04
8.609020497533493134e-04
8.613051680731587242e-04
8.587537199491635138e-04
8.576836704742163290e-04
8.541097320266999218e-04
8.546869823476300077e-04
8.520375753869303091e-04
8.558140974491834771e-04
8.525039503001608345e-04
8.512354947743006224e-04
8.532685134559869463e-04
8.476560784038155751e-04
8.497966735740192538e-04
8.476785864331759296e-04
8.473374406457878519e-04
8.468342656851745752e-04
8.448753505945205688e-04
8.489605199429206984e-04
8.459146547829731952e-04
8.502457547001540574e-04
8.473632112145423412e-04
8.438474411377683499e-04
8.409642078913748308e-04
8.368509542196989016e-04
8.365944889374077797e-04
8.386579219950363387e-04
8.351925917668268475e-04
8.371626809821464512e-04
8.311937886173836713e-04
8.323796070180833210e-04
8.395424313494004049e-04
8.333963269251398742e-04
8.335221069864928592e-04
8.327915385598316485e-04
8.314771551522426784e-04
8.320528650074265897e-04
8.319896605098619667e-04
8.324675369658507277e-04
8.285631902981549892e-04
8.292479129158891217e-04
8.288508187979460110e-04
8.302948102937079749e-04
8.264409392722882114e-04
8.242903996142558407e-04
8.241995345451869374e-04
8.226995452423579687e-04
8.244242571527138699e-04
8.222725606174208441e-04
8.353557734517380682e-04
8.232868972118012781e-04
8.319435719749889921e-04
8.230027215904556605e-04
8.229470631340518941e-04
8.222412056056782386e-04
8.169853399158455778e-04
8.177097715088165906e-04
8.203356649028137413e-04
8.170373519533313377e-04
8.178373941336758608e-04
8.219065418234094500e-04
8.148541569244116718e-04
8.156753415823913590e-04
8.182877508806996394e-04
8.116793687804602087e-04
8.148102724226191987e-04
8.088289346778764800e-04
8.143950629164464512e-04
8.145057020010426727e-04
8.111837794422171923e-04
8.062919441726990044e-04
8.060385182034224705e-04
8.064593566814437509e-04
8.075988583732396494e-04
8.086393304984084741e-04
8.106943697202951106e-04
8.031938163912855262e-04
8.049194645718671642e-04
8.057006302988156503e-04
8.064438114524819260e-04
8.081684022909030145e-04
8.038615895202382965e-04
8.328800473827868570e-04
8.056953491177409454e-04
8.049434327404014766e-04
9.146959916688502095e-04
9.011579101206734646e-04
8.353146578883752661e-04
8.114150635083205738e-04
8.043097372865304524e-04
8.023385645356029315e-04
7.976534307817928883e-04
7.955420928192325457e-04
7.996891048969701453e-04
7.962315983604639335e-04
7.958460165536962493e-04
8.054261974757537766e-04
7.937279259203933483e-04
7.917332803481258756e-04
7.915219603455625128e-04
7.923192891757935416e-04
7.896427862579002716e-04
7.938085030764341484e-04
7.990406683529726771e-04
7.949434107285924082e-04
7.914566792896948668e-04
7.944400436826981821e-04
7.938577828463166605e-04
7.960963880759663706e-04
7.898720997036435100e-04
7.914620297378860284e-04
7.916313561145216574e-04
7.943547246395610750e-04
7.950668846024200494e-04
7.886675096233375110e-04
7.983514349325559947e-04
8.027599111665040124e-04
7.946037114015780086e-04
7.973071301239542837e-04
7.856248811003752356e-04
7.927505762199871416e-04
7.879473661887459891e-04
7.926248540752567177e-04
7.879403937840834607e-04
7.816100234049372418e-04
7.913852759520523597e-04
7.884951954474672979e-04
7.845970141352154011e-04
7.815017161192372441e-04
7.833055057562887192e-04
7.844253690564073405e-04
7.807217471417970608e-04
7.873355402261950596e-04
7.870858066598884935e-04
7.832350279204547579e-04
7.827686413656919848e-04
7.813417253782973170e-04
7.892631247523240398e-04
7.929844877799041916e-04
7.910560851451009816e-04
7.845229131635278203e-04
7.801796737476251672e-04
7.870113270473666229e-04
7.833669913816266065e-04
7.810754483216442385e-04
7.757447686162776985e-04
7.804020895855501598e-04
7.823359940084628848e-04
7.917048642411828041e-04
7.841964173712767791e-04
7.848372228909284050e-04
7.810463060741312932e-04
7.745570200495421496e-04
7.773315664962865412e-04
7.758836957509629168e-04
7.770546383108012465e-04
7.855750079033895850e-04
7.786534048500470687e-04
7.790843790280632588e-04
2.141860150732100183e-03
1.702590257627889427e-03
1.576228140038438141e-03
1.492280651582404910e-03
1.431521741906181073e-03
1.388074237329419780e-03
1.355037957546301273e-03
1.327991750149522081e-03
1.307787200785242090e-03
1.287909678649157329e-03
1.271914425888098733e-03
1.254379056335892459e-03
1.239763232879340657e-03
1.225830845069140118e-03
1.211178040539380267e-03
1.200721833447459998e-03
1.188518841809127567e-03
1.176039312849752648e-03
1.163771739811636508e-03
1.153511700686067403e-03
1.144291693635750588e-03
1.135735454445239165e-03
1.124474330572411331e-03
1.115166328090708798e-03
1.107280619326047677e-03
1.097031305835116611e-03
1.087571448297239892e-03
1.077853665628936228e-03
1.069262008822988641e-03
1.063733491464518037e-03
1.058148304000496942e-03
1.047799925145227436e-03
1.040619741252157750e-03
1.034711158426944097e-03
1.029094071127474282e-03
1.023754268244374613e-03
1.018573258770629755e-03
1.013987142941914429e-03
1.007821689709089644e-03
1.004738304181955694e-03
9.952440310735256434e-04
9.909614882781169962e-04
9.876071201870217312e-04
9.859571469132788306e-04
9.771575586637482741e-04
9.719456607126630669e-04
9.686758805764839140e-04
9.681521260063163936e-04
9.672781766857951359e-04
9.621498166234232138e-04
9.628302452620118943e-04
9.538644691929221587e-04
9.488073666580021078e-04
9.474557169596664824e-04
9.422661995631642596e-04
9.437852315022609824e-04
9.363121617934666617e-04
9.367326236679219013e-04
9.332124885986558876e-04
9.273542868322693332e-04
9.243789911852217950e-04
9.286661446094513417e-04
9.198329364880919196e-04
9.203859869739972315e-04
9.155300591373816349e-04
9.141206668573431454e-04
9.146494875312782781e-04
9.240898789721540760e-04
9.160835389047860752e-04
9.043290541740134142e-04
9.019218501634896018e-04
9.008779149735346697e-04
8.961294186883606320e-04
9.162934258347376877e-04
8.955897463602014190e-04
8.916620528907515542e-04
8.900310506578534581e-04
8.937485702335834243e-04
8.855828116065822802e-04
8.869263326050713181e-04
9.136495355051010847e-04
8.837569999741390564e-04
8.816317757009528144e-04
8.809049290721304888e-04
8.794900175416841669e-04
8.790195395704358382e-04
8.784478498273528852e-04
8.746378318755887536e-04
8.766634837957099470e-04
8.772640820825472431e-04
8.710628122207708136e-04
8.705444313818588419e-04
8.677816626732237811e-04
