4.112450645770877877e-03
1.107314827677328235e-03
9.770676921471023024e-04
9.275647925096563952e-04
8.945877547375857613e-04
8.631165989208966364e-04
8.421930100303143393e-04
8.156227628933265328e-04
7.936890993732959249e-04
7.793550376663916203e-04
7.646395740448497496e-04
7.506297578220255630e-04
7.366903295041993390e-04
7.241251398227177994e-04
7.117614735034294903e-04
7.000865810550749779e-04
6.895460136001929944e-04
6.800563292927108922e-04
6.709983095061033791e-04
6.613146356539800590e-04
6.540851086901965962e-04
6.452624005032703757e-04
6.375040402053855706e-04
6.306500300706829919e-04
6.256793800275773027e-04
6.174813141115009351e-04
6.103431916562840039e-04
6.032533504185266533e-04
5.976680484309326424e-04
5.892288770701270464e-04
5.838982612476683676e-04
5.754781418363563890e-04
5.703343979257624683e-04
5.630103644216433254e-04
5.599430936854332469e-04
5.555277578241657205e-04
5.476012482540682262e-04
1.052866367099340901e-03
1.076167538412846694e-03
9.719453344587236209e-04
9.379374477430246380e-04
9.106647319276817056e-04
8.862782074720598237e-04
8.642926800530403679e-04
8.430017143837176697e-04
8.259099215501919476e-04
8.086063383962027859e-04
7.944320066599174900e-04
7.811225051409564956e-04
7.690922121400945279e-04
7.592172399745322894e-04
7.494507759111001567e-04
7.394971311441622458e-04
7.285200300975702399e-04
7.181418608524836383e-04
7.079942876589484036e-04
7.018947912729345436e-04
6.899087160127237569e-04
6.826814849046059213e-04
6.753389275399967855e-04
6.691650350694544960e-04
6.618967879330739639e-04
6.563353950332384036e-04
6.489429852808826062e-04
6.424846342997625860e-04
6.355547715793364270e-04
6.302208085253368716e-04
6.241257184592541177e-04
6.184766882506664929e-04
6.114258072921074797e-04
6.059909026953392034e-04
5.991536228975747214e-04
5.935542486258782837e-04
5.876043466560076445e-04
5.824167667014990436e-04
5.761266214540228378e-04
5.720424705941695720e-04
5.658632439735811377e-04
5.736885024816729562e-04
6.162019733164925388e-04
5.678874919249210377e-04
5.585717837675475018e-04
5.512945227383170667e-04
5.466259791865013236e-04
5.413575483544264422e-04
5.369290120142977685e-04
5.315731730661354525e-04
5.276295797375496867e-04
5.234749050578102816e-04
5.197689491615165155e-04
5.145350500242784402e-04
5.113693968451115844e-04
5.073118592554237390e-04
5.042765497637447360e-04
5.003041098825633613e-04
4.958874585281592123e-04
4.939355078386142937e-04
4.914216909673996400e-04
6.043173701618798207e-04
5.451274316874332639e-04
5.103926120500545472e-04
4.955022055946756024e-04
4.881327945622615343e-04
4.817281095893122408e-04
4.777304931485560030e-04
5.864423140883445870e-04
4.883695796888787126e-04
4.758642494562081819e-04
4.668809268332551926e-04
4.614474190748296635e-04
4.594335783622227826e-04
4.563171725021675272e-04
4.539043158001732125e-04
4.521051996562164277e-04
4.512959692510776135e-04
4.489442736667115285e-04
4.458602055092342133e-04
4.442346325959078968e-04
4.420156042033340955e-04
4.408020547998603542e-04
4.398564778966829181e-04
4.371211287798359752e-04
4.341540303721558173e-04
4.335653794987593085e-04
5.698193522403016513e-04
4.839170668856240961e-04
4.552365255949552842e-04
4.434370411036070393e-04
4.366967754322103939e-04
4.347670743300114044e-04
4.310272715520113511e-04
4.279896363732404920e-04
4.264035560481715947e-04
4.235339089063927748e-04
4.223245858156588037e-04
4.209038024418987139e-04
4.187696122971828875e-04
4.156144431908614738e-04
4.153355980815831398e-04
4.138430808961856937e-04
4.122488400025758936e-04
4.111841830308548889e-04
4.106092687288764843e-04
4.103058813780080354e-04
4.076939764490816807e-04
4.085622655111365237e-04
4.070922954997513617e-04
4.091750369116198228e-04
4.559004415932576973e-04
2.047732726059621304e-03
1.094713423808570899e-03
9.771342208841815504e-04
9.271257856744341466e-04
8.922693604836240758e-04
8.615506830392405000e-04
8.389248276944272177e-04
8.212929300498217127e-04
8.048375396174378433e-04
7.897313236026093407e-04
7.766857888782396913e-04
7.649821953964419620e-04
7.559095142642036254e-04
7.489941827952861829e-04
7.410637833527289591e-04
7.339662665617652411e-04
7.271487303660250897e-04
7.202709224657155357e-04
7.131702642072923872e-04
7.076001347741112113e-04
7.015206263167783531e-04
6.955502540222369134e-04
6.913813514984213249e-04
6.832085890346207028e-04
6.759424263145775123e-04
6.763721245806663751e-04
6.662251299712806983e-04
6.627103601931594269e-04
6.554385188792366101e-04
6.531779823126270847e-04
6.449855635582935022e-04
6.390920243575237691e-04
6.318404349440243139e-04
6.268329371232539068e-04
6.178894646291155021e-04
6.134092876163777441e-04
6.078755557246040466e-04
6.043951488391030189e-04
5.968608843977562563e-04
6.295017596858088101e-04
6.033171016315464104e-04
5.950706751900725327e-04
5.918940973060671023e-04
5.855039195739663660e-04
5.780699985916726335e-04
5.707991974486504010e-04
5.685259023448452831e-04
5.695097798889037265e-04
5.596833123126998457e-04
5.574997885560151190e-04
5.553749666432850280e-04
5.538168971543200704e-04
5.499463167507201043e-04
5.407059985736850519e-04
5.454810170340352107e-04
5.362146846891846074e-04
5.350561818340793772e-04
5.323360716283786912e-04
5.290097786928527014e-04
5.281763427774421654e-04
5.223472433863208001e-04
5.191923638631124093e-04
5.175684270216151595e-04
5.112810539139900660e-04
5.102933592570480350e-04
5.078288275399244888e-04
5.063126886670943523e-04
5.039749303250573575e-04
5.085839882667641653e-04
4.992850823327899196e-04
4.963255918119102847e-04
4.950156906852498954e-04
4.907954705413431189e-04
4.883865721058100419e-04
4.860580145032145343e-04
1.005360562267014696e-03
8.816306755761616366e-04
7.801486121024936221e-04
7.245998413418419312e-04
6.835041366866789368e-04
6.571142582106403529e-04
6.402833678293973207e-04
6.256617778853979265e-04
6.126359268091619058e-04
6.006650491326581296e-04
5.897382019611540965e-04
5.788895784644410274e-04
5.753198373713530557e-04
5.677983375790063075e-04
5.599382823857013613e-04
5.487698632350657352e-04
5.436005079536698889e-04
5.388634475821163288e-04
5.339134714449756238e-04
5.286712985252961516e-04
5.243522550154012217e-04
5.188670675852336380e-04
5.163518842891789539e-04
5.129911929543595978e-04
5.101050439407118098e-04
5.062738295237067870e-04
5.034516996238380584e-04
4.997231796733103953e-04
4.980380579945631629e-04
4.958507494302466382e-04
4.942256644426378919e-04
4.910926347656641242e-04
4.876045564014930105e-04
4.862529004458337870e-04
4.829981595685239751e-04
4.787654154642950483e-04
4.759447416290641048e-04
4.725453218270558864e-04
4.708026049775071464e-04
4.687044018646701932e-04
4.653092673106584850e-04
4.632099239097442456e-04
4.628992127254605250e-04
4.610071360366418979e-04
4.592864288133568867e-04
4.585521576518658288e-04
4.562617739429697308e-04
4.553191251761745835e-04
4.532332158123608635e-04
4.508443162194453180e-04
4.485718933574389536e-04
4.477949510328471487e-04
4.443511988210957649e-04
4.425937125051859506e-04
4.415073087147902762e-04
4.398929793387651357e-04
4.377093609946314245e-04
4.365181722096167353e-04
4.349396294855978340e-04
4.336574257467873243e-04
4.301571658288594552e-04
4.297675214183982657e-04
4.298226007085759323e-04
4.263209429336711916e-04
4.272462509106844772e-04
4.258549526275601477e-04
4.246245477406773781e-04
4.252240427013021093e-04
4.267166418139822759e-04
4.219516966259107102e-04
4.207422731269616850e-04
4.207468697859440064e-04
4.208138496323954422e-04
4.182754483190365331e-04
4.184349764545913634e-04
4.170511696429457299e-04
4.164606959966476920e-04
4.148456925759092234e-04
4.161028064845595357e-04
4.162586390157230112e-04
4.150183871388435147e-04
4.141164159227628283e-04
4.130020644515753031e-04
4.143077242770232195e-04
4.140936904877889966e-04
4.117587984364945702e-04
4.104188908240758143e-04
4.096848722838331122e-04
4.093972344708163356e-04
4.105141380568966508e-04
4.095417620555963346e-04
4.096112908155191733e-04
4.091907439578790022e-04
4.234926172648556335e-04
4.173364976304583013e-04
4.087206201802473298e-04
4.062227882968727391e-04
4.048289019556250228e-04
4.038924562337342650e-04
4.044143884675577305e-04
4.043239378370344834e-04
4.022457839164417107e-04
4.029804799938574260e-04
4.022473604709375498e-04
4.012803247314878003e-04
4.014434931741561611e-04
4.017165736877359211e-04
4.004949712543748232e-04
3.994766356481705013e-04
3.990964477998204334e-04
3.993685153545811556e-04
3.986231317685451532e-04
3.970197660964913406e-04
3.955845435848459580e-04
3.959485603263601509e-04
3.939402199466712946e-04
3.944312426028773405e-04
3.941340984601993352e-04
3.926387820683885149e-04
3.917013668979052281e-04
3.912416157254483464e-04
3.914968785829842177e-04
3.918824718857649735e-04
3.939851703762542456e-04
3.918792394688353116e-04
3.898043716617394130e-04
3.893053930369205556e-04
3.897296292416285919e-04
3.878945358155761088e-04
3.998805407900363142e-04
3.897668099671136653e-04
3.887877582747023357e-04
3.871816770697478205e-04
3.867032990092411551e-04
3.885126092063728850e-04
3.874562085547950140e-04
3.882675984641536962e-04
3.889063252427149824e-04
3.851646710245404176e-04
3.847781525109894682e-04
3.840742875763680829e-04
3.857476181292440569e-04
3.848108307283837305e-04
3.837181054404936991e-04
3.839268110459670229e-04
3.842291055480017998e-04
3.836113294528331347e-04
3.835683119541499959e-04
3.819923583068884974e-04
3.826710709836334229e-04
3.818470699479803421e-04
3.829852306807879142e-04
3.840449276322033083e-04
3.820239780179690721e-04
3.811305499402806293e-04
3.825667941418942086e-04
3.805347360321320789e-04
3.800436551682651195e-04
3.811699440120719590e-04
3.809970515430904860e-04
3.817458996491040861e-04
3.787595639005303253e-04
3.796460868034046100e-04
3.787656791973859245e-04
3.781925745715852567e-04
3.786831696925219083e-04
3.779412715812213979e-04
3.775710363697726388e-04
3.769568569259718191e-04
3.773690383241046437e-04
3.750586519890930308e-04
3.778933503781445433e-04
3.756228617567103595e-04
3.752940568665508311e-04
3.754745158948935807e-04
3.746365426923148291e-04
3.770259568409528410e-04
3.811114140262361507e-04
3.748084405378904215e-04
3.728076851984951754e-04
3.740754880709573735e-04
3.734383515256922605e-04
3.724976953526493292e-04
3.713042083836626283e-04
3.738350837375037350e-04
3.720101341605186701e-04
3.711995633784681797e-04
3.729844023473560940e-04
3.727754960709717298e-04
3.723239635291974883e-04
3.726859939342830092e-04
3.717381016758735963e-04
9.170355527021456250e-04
7.246580693754368051e-04
6.692014087457209912e-04
6.301134708337485790e-04
6.030040197947528343e-04
5.804127243754919748e-04
5.639442213578149243e-04
5.496876110555604100e-04
5.388979171402752790e-04
5.280384236539248637e-04
5.187911904067732480e-04
5.111127121199388447e-04
5.042490137566346285e-04
4.983775477739981873e-04
4.922289989190176433e-04
4.879216988047118970e-04
4.844348240294493887e-04
4.798712393676396286e-04
4.758944532659370257e-04
4.719140761881135252e-04
4.690861950803082588e-04
4.665311440476216593e-04
4.636884783394634941e-04
4.608665607520378909e-04
4.582783952355384762e-04
4.564331397705245937e-04
4.545757571759168319e-04
4.513565383967943576e-04
4.494297860946971988e-04
4.471914294117596174e-04
4.448739606596063692e-04
4.428154385823290860e-04
4.408717610931489682e-04
4.396197112509980733e-04
4.383417665667365976e-04
4.366816300898790511e-04
4.360036883736029311e-04
4.340546170715242646e-04
4.322305507957935507e-04
4.312741324247326832e-04
4.295475332764908498e-04
4.295519845618400636e-04
4.299040374462492764e-04
4.269618957187048896e-04
4.256632273609284312e-04
4.235800303285941351e-04
4.219981013739016037e-04
4.227029238245449722e-04
4.216371913207694910e-04
4.186761839082464749e-04
4.186662874417379390e-04
4.171091981697827556e-04
4.147310802363790615e-04
4.142307233996689124e-04
4.140332406677771143e-04
4.120785369013901757e-04
4.127666370186488880e-04
4.109031784173566870e-04
4.106409350060857789e-04
4.080398518999572757e-04
4.080724228697363439e-04
4.095001776295248376e-04
4.075141408247873122e-04
4.060625791316852104e-04
4.067690510419197359e-04
4.050139764149207795e-04
4.050931477104313758e-04
4.022670093399938283e-04
4.043477347295265645e-04
4.049171048973221375e-04
4.046710539842024185e-04
4.294755148293915919e-04
4.037807567510753913e-04
3.998690651496872566e-04
3.987500346556771612e-04
3.988145253970287740e-04
3.982243823702447073e-04
3.984968266740907005e-04
3.969806157692801402e-04
3.977254581695888343e-04
3.983728404273279098e-04
3.975068316503893411e-04
3.981898675556294598e-04
3.958539731684140644e-04
3.946925033233128596e-04
3.935181081760674780e-04
3.923060631495900300e-04
3.923607864999212520e-04
3.922966496611479431e-04
3.919697544188238941e-04
3.927926751202903905e-04
3.912794710777234525e-04
3.900933680415619013e-04
3.904072739533148446e-04
3.891506172658409793e-04
3.889116256323177389e-04
3.896681367768906187e-04
3.891086579824332300e-04
3.891982340428512305e-04
3.886672203952912480e-04
3.876131118158809667e-04
3.878971091762650910e-04
3.872988351213279981e-04
3.864376601995900382e-04
3.864491291460581319e-04
3.859962998831178993e-04
3.850624131155200172e-04
3.849958110367879228e-04
3.856790901045315206e-04
3.871317267476115571e-04
3.875015606172382897e-04
3.862259324523620372e-04
3.842261737736407581e-04
3.835477711982093838e-04
3.833248847513459623e-04
3.848259578808210920e-04
3.830180114891845473e-04
3.831852583971340101e-04
3.815859234600793332e-04
3.814951019012369389e-04
3.819586351164616514e-04
3.823943693714681839e-04
3.804592324013356271e-04
3.816197981359437086e-04
3.812532919982913947e-04
3.798722435021773089e-04
3.808102404582314323e-04
3.803619043901562561e-04
3.806169642484747025e-04
3.796828683698549737e-04
3.789431082259397867e-04
3.782186492753681056e-04
3.794904553797095949e-04
3.792676930606830887e-04
3.792812528263311898e-04
3.791542186809238285e-04
3.775787148333620410e-04
3.781427507055923473e-04
3.783287909755017717e-04
3.800554857298266056e-04
3.794475847098510539e-04
3.790830638899933417e-04
3.795196993451099626e-04
3.781221050303429257e-04
3.766639444802422337e-04
3.767567669274285284e-04
3.761426766868680976e-04
3.760236075322609503e-04
3.751637788082007362e-04
3.732372887316159861e-04
3.771025403693784028e-04
3.741016743879299416e-04
3.728081466397270799e-04
3.725173107523005716e-04
3.730556587106548271e-04
3.732617519563064153e-04
3.721576656971592565e-04
1.345818335394142291e-03
8.655234100297093912e-04
7.839488080935553107e-04
7.389403734123333855e-04
7.064190605888143615e-04
6.789207269321195998e-04
6.557538671768270043e-04
6.382577768818010078e-04
6.254812312545255087e-04
6.146335134690161751e-04
6.051366290193982422e-04
5.968370279879308933e-04
7.280884822830558300e-04
6.188622464833315462e-04
5.983190808910875992e-04
5.853787732485216415e-04
5.769228938152082655e-04
5.680130246037151404e-04
5.600377621885854577e-04
5.512747596367262781e-04
5.452712313854136007e-04
5.398538608278613277e-04
5.343190685380249782e-04
5.296670726966112592e-04
5.257014256494585511e-04
5.213499187084380451e-04
5.177746909612323829e-04
5.134481820277869485e-04
5.091744958190247677e-04
5.059958765923510847e-04
5.014997230318840159e-04
4.984996755956672045e-04
4.951956644072197031e-04
4.918191456818022354e-04
4.896090818510855959e-04
4.862849475466646341e-04
4.849674092838540890e-04
4.811015764425974318e-04
4.805942735401913524e-04
4.781870632723439420e-04
4.758210940053686716e-04
4.731726396130397807e-04
4.720747405372094146e-04
4.693993198452517477e-04
4.673908615950495200e-04
4.651790022035129520e-04
4.637715079297777482e-04
4.629634725279174485e-04
4.607245331862941363e-04
4.614834650419652223e-04
4.574902913009282158e-04
4.550479496538173169e-04
4.543723387178033504e-04
4.519169070408679393e-04
4.508131330658215943e-04
4.501368258206639287e-04
4.494018922559916821e-04
4.459662141744047252e-04
4.449527057295199397e-04
4.432246362557634451e-04
4.430019053688738343e-04
4.409453949483576967e-04
4.392583708977326534e-04
4.386641872406471542e-04
4.374882414413150573e-04
4.367692847154103111e-04
4.346960061229765155e-04
4.342242826533037931e-04
4.316960119467694421e-04
4.311814800894353734e-04
4.311105617671273475e-04
4.307041673746425897e-04
4.304286175465677085e-04
4.274805632303469035e-04
4.273914906661957719e-04
4.261706206307280917e-04
4.256068497488741070e-04
4.252457701659295513e-04
4.250418320589233060e-04
4.231947381049394738e-04
4.244039941113441966e-04
4.222412174567580158e-04
4.200448312622029573e-04
4.198450405965559185e-04
4.185961979965213881e-04
4.178368978318758374e-04
4.188155849988106855e-04
4.175973274686839171e-04
4.149190129828639459e-04
4.136442671006079741e-04
4.140185391588602367e-04
4.133113622083328534e-04
4.137089150026440642e-04
4.142558500461746007e-04
4.112067475216463143e-04
4.115087966783903496e-04
4.108392991474829636e-04
4.097100871149450649e-04
4.108650416310411207e-04
4.097663619904778963e-04
4.080661761690862694e-04
4.094072201405652063e-04
4.071692378784064030e-04
4.065748033463023364e-04
4.077632556436583205e-04
4.063386630150489618e-04
4.064196570834610871e-04
4.080561404407489936e-04
4.043936487869359748e-04
4.045024575316347008e-04
4.031626621144823687e-04
4.021585844748187572e-04
4.033485997933894222e-04
4.029186996922362726e-04
4.078175488393753572e-04
4.039514422765932739e-04
4.019300185609608693e-04
4.026124214578885542e-04
4.016278039489407266e-04
4.009482914989348371e-04
4.003307195671368434e-04
4.005537540069781092e-04
3.997513203648850127e-04
3.986379837442654899e-04
4.008700995473191207e-04
3.981065256812143919e-04
3.991192231478635482e-04
