2.844065707176923578e-03
5.884335376322269006e-04
3.359285939950495850e-04
1.019238472508732257e-04
8.538669790141284737e-05
5.658747359120752933e-05
4.868290270678699152e-05
4.246918360877316716e-05
3.985745788668282195e-05
3.773613279918208447e-05
3.588700092223006961e-05
3.426874009164748984e-05
3.267795582360122217e-05
3.128318603557999906e-05
3.015683269040891833e-05
2.919410489994334125e-05
2.844968275894643739e-05
2.778401267278240994e-05
2.721536529861623557e-05
2.671116544661344960e-05
2.629163282108493149e-05
2.591284210211597315e-05
2.557673888077260994e-05
2.528310560592217506e-05
2.502335319150006466e-05
2.479109516571042924e-05
2.458374256093520739e-05
2.439805957692442394e-05
2.423093137622345307e-05
2.407187184871872887e-05
2.393303693679626896e-05
2.380091500526759841e-05
2.367578781559132040e-05
2.356569621042581275e-05
2.345971734030172229e-05
2.336338475288357518e-05
2.327848196728155152e-05
2.319334580533904819e-05
2.312917458766605569e-05
2.304725803696783192e-05
2.300377382198348709e-05
2.292425397172337466e-05
2.288849445903906666e-05
2.283410340169211782e-05
2.279559666931163655e-05
2.276409468322526731e-05
2.272704678034642644e-05
2.269300784973893315e-05
2.267888285132357715e-05
2.264866761834127693e-05
2.263241840410046212e-05
2.262454945594072274e-05
2.261283862026175484e-05
2.260221754113445058e-05
2.260702276544179632e-05
2.260639994347002493e-05
2.259144457639195025e-05
2.260725614178227261e-05
2.262191010231617770e-05
2.263210863020504029e-05
2.265495513711357625e-05
2.268534299219027026e-05
2.271836929139681093e-05
2.274867620144505054e-05
2.278910524182720042e-05
2.283494432049337842e-05
2.288948107889155061e-05
2.295394388056592948e-05
2.302202083228621767e-05
2.309732990397606113e-05
2.318214264960260926e-05
2.327602978766662864e-05
2.337247969990130446e-05
2.346704259252874113e-05
2.357216853852150826e-05
2.369163084949832545e-05
2.382296552241314338e-05
2.395485589659074457e-05
2.408193486189702390e-05
2.421128992864396491e-05
2.433734398437081768e-05
2.446288854116573794e-05
2.459857478243065998e-05
2.473252152412896976e-05
2.487072488293051652e-05
2.501114931874326430e-05
2.514446978238993189e-05
2.527275237298454294e-05
2.539880060794530572e-05
2.552321293478598683e-05
2.564624473961885155e-05
2.576095121185062318e-05
2.587159387985593707e-05
2.597347993287257782e-05
2.606765119708143310e-05
2.615423763927537812e-05
2.623392811074154451e-05
2.630036406117142314e-05
2.636118233567685820e-05
2.641411483637057109e-05
2.646343091328162700e-05
2.650095748322200826e-05
2.653625961102079600e-05
2.656177803146420114e-05
2.658883358890307068e-05
2.660576819835114293e-05
2.662206734385108711e-05
2.663346858753356947e-05
2.664053245098330013e-05
2.664771054696757482e-05
2.664904804987600005e-05
2.665206693563959561e-05
2.664653493411606178e-05
2.664308776729740270e-05
2.663461227712104893e-05
2.662599945324473083e-05
2.661701973920571550e-05
2.660695809026947313e-05
2.659367546584689854e-05
2.657884988366276957e-05
2.656595415828633122e-05
2.655180542205926099e-05
2.653530782481539063e-05
2.651711611179052852e-05
2.649755824677413194e-05
2.647841565703856623e-05
2.645789791131391986e-05
2.643724128574831343e-05
2.641643231982016005e-05
2.639586909936042503e-05
2.637234083522343873e-05
2.635006985656218535e-05
2.632767482282361151e-05
2.630508370202733068e-05
2.628101592563325675e-05
2.625680554046994075e-05
2.623375539769767919e-05
2.621156872919527949e-05
2.618915805214783245e-05
2.616540805320255323e-05
2.614234144857618822e-05
2.611971349324448898e-05
2.609961056805332259e-05
2.607766200526384772e-05
2.605720728752203150e-05
2.603432276373496415e-05
2.601131955088931204e-05
2.598751088953576846e-05
2.596347731014247916e-05
2.593957942735869370e-05
2.591537959233391962e-05
2.589274317870149321e-05
2.586923346825642511e-05
2.584642516012536362e-05
2.582392826298018782e-05
2.580232257969328135e-05
2.577931054474902272e-05
2.575492053438210995e-05
2.573253332229796933e-05
2.570861652202438631e-05
2.568460549809969826e-05
2.565968443377641825e-05
2.564064707257785039e-05
2.562096033216221326e-05
2.559708755143219470e-05
2.557568568590795689e-05
2.555509418016299538e-05
2.553388158048619448e-05
2.551336974647710963e-05
2.549138553149532594e-05
2.547076928749447688e-05
2.545118441048543832e-05
2.543193477322347462e-05
2.541120902606053346e-05
2.539017241360852563e-05
2.536908623369527117e-05
2.534592476877151057e-05
2.532508460717508569e-05
2.530423462303588099e-05
2.528453023842303082e-05
2.526475946069695123e-05
2.524391384213231572e-05
2.522300246710074134e-05
2.520361094866530106e-05
2.518061628506984426e-05
2.515541436878265949e-05
2.512981291147298180e-05
2.510547310521360622e-05
2.508283832867164029e-05
2.506064392946427552e-05
2.503897849237546325e-05
2.501759572623995929e-05
2.499917627574177459e-05
2.498142775948508710e-05
2.496204397175461189e-05
2.494239333827863447e-05
2.492540943421772681e-05
2.490735041646985202e-05
2.489039252395741642e-05
2.487322453816887127e-05
2.485386667103739320e-05
2.483480584487551891e-05
2.481564388290280476e-05
2.479814293110393919e-05
2.478364722264814258e-05
2.476941735949367149e-05
2.475702603987883776e-05
2.474500961398007416e-05
2.472820560797117786e-05
2.470593417456257022e-05
2.468357060934067568e-05
2.466135265422053635e-05
2.463766613800544156e-05
2.461427247908432104e-05
2.459004554111743346e-05
2.456639713273034499e-05
2.454308887536171959e-05
2.452176477163447998e-05
2.450120282446732609e-05
2.448085060677840239e-05
2.446186153974849663e-05
2.444253022986231304e-05
2.442492077534552528e-05
2.440816733724204891e-05
2.439275422148057124e-05
2.437725643176236054e-05
2.436092554489732584e-05
2.434564084978774122e-05
2.432912142467102832e-05
2.431412949590594643e-05
2.429944352115853622e-05
2.428594543744111298e-05
2.427489816909655996e-05
2.426340452075237273e-05
2.425060811219737069e-05
2.423637906758813323e-05
2.422160432615783201e-05
2.420623413854627734e-05
2.419213469693204252e-05
2.417829273326788098e-05
2.416574461676645956e-05
2.415202043266617761e-05
2.414166820017271540e-05
2.413325546513078734e-05
2.412426474620588259e-05
2.411521236354019357e-05
2.410325014352565699e-05
2.409446915407897905e-05
2.408605269010877237e-05
2.407674255664460225e-05
2.406594912827131203e-05
2.405669065410620668e-05
2.404483711870852858e-05
2.402899735898245126e-05
2.401276524324203046e-05
2.399632958258734880e-05
2.398030219410429844e-05
2.396321488049579649e-05
2.394719758740393377e-05
2.392981550656258924e-05
2.391488733337609961e-05
2.389879336988087676e-05
2.388104276178637452e-05
2.386351488894433850e-05
2.384779972999240407e-05
2.383426390224485726e-05
2.382337779636145434e-05
2.381494005021522753e-05
2.380823116254759952e-05
2.380111172897159257e-05
2.379160496275289983e-05
2.378128974669380249e-05
2.377008077019127018e-05
2.375812928221421181e-05
2.374443847656948424e-05
2.372968801864771968e-05
2.371446080360328643e-05
2.369771973462775214e-05
2.367971883359132267e-05
2.366133094255928881e-05
2.364524279983015595e-05
2.363119929214008017e-05
2.361691640544449843e-05
2.360399612371111221e-05
2.358916908633545905e-05
2.357298562856158309e-05
2.355718379476456903e-05
2.353923546252190271e-05
2.353087102164863677e-05
2.352496794628677957e-05
2.351871398786897771e-05
2.351254815948777968e-05
2.350325830775545978e-05
2.349169508306658691e-05
2.347980243939673596e-05
2.346822420804528384e-05
2.345641150895971737e-05
2.344302592973690616e-05
2.342692205274943195e-05
2.340985438422649303e-05
2.339400016353465549e-05
2.338107733521610363e-05
2.337039695703424446e-05
2.335809022042667561e-05
2.334501477889716557e-05
2.333160155103541843e-05
2.331965642952127247e-05
2.330620036445907385e-05
2.329557710254448330e-05
2.328465943719493293e-05
2.327367619727738337e-05
2.326197864022105932e-05
2.324681609024992348e-05
2.323137305211275884e-05
2.321394040336599438e-05
2.319891427760012448e-05
2.318228798685595325e-05
2.316306354259722798e-05
2.314267767360433868e-05
2.312244423592346788e-05
2.310514701093779945e-05
2.308142302354099229e-05
2.306015212525380640e-05
2.304364534211345017e-05
2.302853699802653796e-05
2.301098293173709021e-05
2.298930457982351004e-05
2.296845441378536566e-05
2.294790847372496433e-05
2.292546396347461201e-05
2.290609227202367105e-05
2.288958057761192322e-05
2.287074003106681766e-05
2.285411892444244586e-05
2.283851363245048628e-05
2.282511632074602016e-05
2.281161559949396314e-05
2.279699601785978235e-05
2.278328456668532521e-05
2.277181129102245972e-05
2.276533432450378381e-05
2.275964225191273794e-05
2.275163442391203852e-05
2.274201569889555617e-05
2.273040945510729216e-05
2.271854473292478496e-05
2.270661898364778744e-05
2.269500009788316675e-05
2.268335711050894907e-05
2.267103236590628444e-05
2.265680486743803932e-05
2.264369904878549142e-05
2.263283313368447057e-05
2.262406414956785874e-05
2.261518093291669948e-05
2.260648452647728981e-05
2.259922093799104846e-05
2.259282337035983801e-05
2.258548593090381338e-05
2.257594787806738100e-05
2.256570787722011960e-05
2.255303907077177360e-05
2.254150522276177207e-05
2.253072325402172215e-05
2.252127660540281795e-05
2.251162750326329774e-05
2.250123388876090825e-05
2.249053413834190064e-05
2.248248410978703692e-05
2.247588136015110514e-05
2.246882204417488673e-05
2.246006170025793836e-05
2.244987090307404423e-05
2.243851395178353414e-05
2.242864593426929787e-05
2.241887668787967549e-05
2.240997109765885466e-05
2.240070298284990577e-05
2.239413279312429814e-05
2.238687575299991227e-05
2.237886674265609986e-05
2.236951686427346295e-05
2.236009768239455162e-05
2.235005676993751035e-05
2.234057665191358023e-05
2.233153672932530821e-05
2.232153283330262503e-05
2.230832369605195776e-05
2.229629408248001845e-05
2.228440826002042741e-05
2.227277882411726818e-05
2.226300157417426953e-05
2.225262051069876179e-05
2.224224481324199655e-05
2.222874163635424203e-05
2.221538779849652133e-05
2.220372789452085271e-05
2.219431953562889113e-05
2.218601512140594558e-05
2.217731926066335155e-05
2.217061937699327313e-05
2.216199518443317948e-05
2.215506747234030694e-05
2.214872047261451303e-05
2.214414016634691642e-05
2.213925117757753605e-05
2.213322459283517741e-05
2.212572899225051583e-05
2.211715564044425332e-05
2.210919865319738165e-05
2.210066404586541602e-05
2.209181147918570922e-05
2.208204823546111651e-05
2.207138559242594191e-05
2.206315775765688159e-05
2.205438995588337935e-05
2.204576230724342167e-05
2.203653402830241112e-05
2.202784362452803112e-05
2.202064097218681195e-05
2.201312363467877595e-05
2.200528051616856896e-05
2.199829468736425110e-05
2.199020236730575494e-05
2.198188949478208223e-05
2.197363919549388879e-05
2.196618243033299223e-05
2.195754750573542037e-05
2.194823537138290703e-05
2.193817645093076998e-05
2.192719730373937501e-05
2.191535850215586834e-05
2.190313589380821349e-05
2.189254155382514000e-05
2.188208873121766374e-05
2.187244454034953514e-05
2.186013152822852202e-05
2.184853201470104977e-05
2.184063541790237786e-05
2.183316400987678140e-05
2.182499374612234397e-05
2.181525005653384277e-05
2.180803967348765514e-05
2.179961520596407218e-05
2.179153416363988004e-05
2.178263275709468871e-05
2.177446940549998612e-05
2.176511588913854212e-05
2.175390454794978723e-05
2.174388719140552052e-05
2.173487719119293547e-05
2.172699541915790313e-05
2.171979558625025742e-05
2.171218602597946301e-05
2.170661009586183286e-05
2.169832368963397972e-05
2.169022391171892969e-05
2.168129321944434196e-05
2.167290185752790557e-05
2.166424092138186165e-05
2.165499245165847242e-05
2.164616907975869389e-05
2.163590224881773019e-05
2.162600558222038807e-05
2.161797692679101601e-05
2.160859294235706262e-05
2.159671548724873059e-05
2.158425959351006760e-05
2.157269791496219046e-05
2.156194977942504920e-05
2.155421962015680173e-05
2.154751909984042936e-05
2.154140211132471585e-05
2.153491177523392117e-05
2.152807082893559641e-05
2.151978587789926746e-05
2.151282333215931295e-05
2.150459213225986013e-05
2.149710144294658676e-05
2.148869625671068071e-05
2.148212133761262453e-05
2.147448467439972000e-05
2.146792121493490413e-05
2.146377028111601248e-05
2.145904609278659269e-05
2.145737526006996767e-05
2.145695652870926938e-05
2.145540038327453590e-05
2.145387488781125149e-05
2.145231255781254867e-05
2.144982445315690576e-05
2.144546497220290029e-05
2.143969877579365992e-05
2.143444453395204619e-05
2.142822795576648854e-05
2.142173852917039902e-05
2.141230834240559489e-05
2.140277738362783702e-05
2.139387233910383521e-05
2.138669451596797512e-05
2.137969058821908994e-05
2.137159990525106104e-05
2.136511075150337934e-05
2.135856757377041368e-05
2.135174981958698414e-05
2.134426176780834794e-05
2.133622947440016879e-05
2.132756671926472472e-05
2.131920100509887426e-05
2.130918219336308674e-05
2.130130105797434158e-05
2.129395261363242753e-05
2.128712421836098792e-05
2.127976677002152428e-05
2.127482102878275463e-05
2.127095467585604638e-05
2.126714125552098402e-05
2.126119925378589027e-05
2.125305090885376693e-05
2.124450038536451689e-05
2.123728691003634459e-05
2.123114591086050563e-05
2.122549349223845503e-05
2.122033401974476874e-05
2.121505949617130817e-05
2.121169309248216382e-05
2.120618091794312932e-05
2.120074077538447455e-05
2.119434566338895820e-05
2.118798365700058504e-05
2.118162983606453121e-05
2.117199437634553760e-05
2.116437208314891837e-05
2.115551978931762278e-05
2.114935123245231943e-05
2.114192693625227548e-05
2.113664331773179719e-05
2.113003492922871509e-05
2.112479096467723206e-05
2.111876920025679351e-05
2.111287831212393872e-05
2.110619625455001301e-05
2.109822726197307862e-05
2.108946709995507330e-05
2.108218968714936569e-05
2.107446107402211055e-05
2.106405881932005422e-05
2.105730518451309627e-05
2.104991926898946986e-05
2.104444192809751393e-05
2.103820279444335164e-05
2.103282458847388557e-05
2.102800308421137607e-05
2.102311900671338730e-05
2.102015832861070521e-05
2.101545578625518829e-05
2.101072259392822229e-05
2.100660512951435657e-05
2.100261162922833978e-05
2.099800540236174264e-05
2.099060402542818270e-05
2.098447475873399526e-05
2.097672877425793491e-05
2.096950338454917141e-05
2.096285106745199300e-05
2.095657328027300537e-05
2.094844476232538135e-05
2.093974317176616886e-05
2.092952036036876962e-05
2.092043960146838935e-05
2.091299138555768810e-05
2.090496900564176030e-05
2.089756580971880020e-05
2.088841192744439536e-05
2.088234568873303807e-05
2.087676712108077414e-05
2.087338980345521190e-05
2.087059729092288627e-05
2.086936783598503233e-05
2.086635768137057176e-05
2.085962096316507154e-05
2.085086289298487759e-05
2.084364705297048271e-05
2.083576200675452264e-05
2.082987193716689809e-05
2.082475530187366666e-05
2.081870179608813419e-05
2.081487600662512637e-05
2.081056281895143979e-05
2.080614449369022690e-05
2.080339800158981234e-05
2.079921268887119300e-05
2.079313344438560307e-05
2.078423585771815851e-05
2.077361441479297490e-05
2.076629934890661524e-05
2.075653574138413979e-05
2.075231313938275115e-05
2.074028998322319239e-05
2.073569539788877524e-05
2.072817669613868997e-05
2.072019397019175745e-05
2.071210346912266822e-05
2.070696900773327730e-05
2.069939082502969405e-05
2.069204510917188532e-05
2.068723879347089814e-05
2.068119101750198752e-05
2.067632904072524912e-05
2.067169289148296162e-05
2.066786073555704138e-05
2.066136739813373356e-05
2.065476764983031831e-05
2.064545060420641676e-05
2.063617193925892934e-05
2.062404546450125121e-05
2.061618179141078280e-05
2.060925544355995953e-05
2.060313545371172950e-05
2.059639809885993532e-05
2.059219259535893730e-05
2.058029676845763014e-05
2.057544570561731302e-05
2.056756475212751092e-05
2.056102930509951033e-05
2.055445638688979738e-05
2.055217355518834733e-05
2.054808901448268511e-05
2.054426277027232640e-05
2.054253545793471993e-05
2.053612570307450369e-05
2.053326716122683138e-05
2.052766321867238595e-05
2.052430472758714973e-05
2.051636365649755909e-05
2.050844977929955348e-05
2.050187877102871561e-05
2.049534632533323155e-05
2.048834394372533871e-05
2.048261721938615733e-05
2.047668231170973808e-05
2.047154503088677370e-05
2.046517602138919756e-05
2.046028075710637630e-05
2.045249457296449827e-05
2.044902121269842745e-05
2.044296161329839379e-05
2.043451968347653747e-05
2.042491469183005325e-05
2.041483330685878308e-05
2.040810577454976873e-05
2.039904775301692940e-05
2.039028822764521465e-05
2.038390393863664804e-05
2.037341300820116885e-05
2.036794558080146089e-05
2.036349687841721015e-05
2.036199393842253038e-05
2.035369006989640048e-05
2.034828175965230776e-05
2.034261669905390726e-05
2.033621713053435019e-05
2.033169694186653874e-05
2.032261936619761468e-05
2.031317044384195605e-05
2.030288560490589657e-05
2.029213901550974765e-05
2.028918261203216321e-05
2.027983264270005815e-05
2.026887150350375897e-05
2.026430993282701685e-05
2.025836556640570052e-05
2.025210096689988859e-05
2.024599725700681894e-05
2.024097575485939092e-05
2.023294282480492121e-05
2.022347216552589156e-05
2.021495747612789341e-05
2.020724405156215721e-05
2.019953462877310745e-05
2.019632238443591700e-05
2.018921186390798471e-05
2.018593877437524362e-05
2.017957031057448990e-05
2.017652941503911211e-05
2.016919188463361934e-05
2.016747348534409092e-05
2.016040352827985907e-05
2.015636309806723283e-05
2.015193413171800649e-05
2.014516558119794422e-05
2.014394822253962115e-05
2.013939574680989676e-05
2.013599169004010037e-05
2.013476650972734070e-05
2.013267730944790014e-05
2.013095181609969722e-05
2.012717177422018586e-05
2.012275872402824394e-05
2.011607530221226557e-05
2.011175729421665892e-05
2.010955631703836843e-05
2.010386542679043554e-05
2.009787949646124549e-05
2.009099571296246587e-05
2.008538931477232972e-05
2.007456196224666268e-05
2.006895192607771605e-05
2.005863134399987622e-05
2.005097330766148002e-05
2.004089674301212654e-05
2.003731678996700861e-05
2.003164518100675263e-05
2.002792552957544103e-05
2.002172805077862062e-05
2.001529237531940385e-05
2.001034945351420766e-05
2.000781732931500369e-05
2.000093900278443471e-05
1.999811975110787831e-05
1.999532851186813719e-05
1.998848001676378704e-05
1.998362931772135266e-05
1.997537710849428414e-05
1.997113940888084471e-05
1.996179562411270900e-05
1.995797520066844367e-05
1.995086131501011550e-05
1.994938720599748126e-05
1.994457034015795216e-05
1.993911500903777846e-05
1.993370451600639945e-05
1.993020368900033578e-05
1.992636916838819297e-05
1.991881999856559492e-05
1.991217395698186078e-05
1.990784803638234599e-05
1.990149266930529983e-05
1.989111106013296968e-05
1.988294579859939539e-05
1.987053428820217960e-05
1.986299757845699855e-05
1.985287153729586998e-05
1.984625505428994007e-05
1.983633992495015128e-05
1.982964931812603027e-05
1.982182584470137954e-05
1.981429413717705824e-05
1.980926863325294039e-05
1.980804972845362499e-05
1.980572433240013129e-05
1.980282204385730573e-05
1.979279322767979533e-05
1.978562431759200990e-05
1.977647725652786835e-05
1.977046658794279075e-05
1.976428329726331935e-05
1.975347186089493334e-05
1.974436690943548456e-05
1.973229709619772756e-05
1.971811216208152608e-05
1.970452631212538176e-05
1.969191962416516752e-05
1.967950720427324995e-05
1.966953623195877366e-05
1.966716017705039189e-05
1.966298332263249972e-05
1.965959872904931991e-05
1.965920819202437997e-05
1.965953215403715081e-05
1.965693681995617361e-05
1.965645915333879976e-05
1.965200444828951596e-05
1.964900629900512150e-05
1.964207731361966445e-05
1.963986906048375978e-05
1.963105814866139486e-05
1.962609212569077499e-05
1.961998714250512421e-05
1.961365342140197754e-05
1.960731460712849958e-05
1.960169029189273579e-05
1.959709416041732630e-05
1.959358105523278869e-05
1.958601351361721890e-05
1.957727727130986750e-05
1.957255226443521746e-05
1.956629594133118963e-05
1.955843208634178154e-05
1.955292664206353880e-05
1.954779945663176545e-05
1.954097579073277438e-05
1.953363298525801064e-05
1.952459233507397652e-05
1.951690965142916092e-05
1.950888299688813209e-05
1.950257492353557473e-05
1.949591814991435900e-05
1.948987601281260208e-05
1.948289809661218897e-05
1.947404680322506329e-05
1.946470338225481033e-05
1.945793528648209894e-05
1.945062194863567129e-05
1.944438436112250134e-05
1.944142113643465699e-05
1.943446159202721901e-05
1.942735252669081092e-05
1.942208900800323977e-05
1.941217014973517575e-05
1.940643560374155776e-05
1.940273868967779048e-05
1.939596786542097039e-05
1.938966888701543076e-05
1.938665081979706883e-05
1.938349432748509435e-05
1.938221384989446960e-05
1.937741672008996829e-05
1.937171127792680704e-05
1.936702201419393396e-05
1.936011740326648510e-05
1.935517266247188537e-05
1.934947385962004773e-05
1.934486072059371576e-05
1.933677904162322967e-05
1.932898503582691842e-05
1.932268023665528880e-05
1.931763563334243372e-05
1.931067390614771284e-05
1.930363960127578981e-05
1.929699401443940655e-05
1.928900255734333904e-05
1.928296833284548348e-05
1.927693656398332542e-05
1.926952054418506897e-05
1.926748091136687503e-05
1.926452814586809769e-05
1.926126533362548731e-05
1.925880151247838444e-05
1.925428432514308952e-05
1.925180904436274296e-05
1.924614862218731947e-05
1.924026728374883668e-05
1.923849358718143641e-05
1.923555646499153227e-05
1.922767751239007339e-05
1.922374194691656225e-05
1.921961165862740017e-05
1.921625371323898299e-05
1.921004331961739808e-05
1.920714776133536429e-05
1.919894511956954239e-05
1.919349815580062433e-05
1.919215828820597313e-05
1.918701354952645488e-05
1.917792460517375866e-05
1.917571589729050310e-05
1.916811561386566609e-05
1.916315723065053976e-05
1.915872981044230915e-05
1.915496177389286391e-05
1.914878630486782572e-05
1.914307931656367213e-05
1.913725564008928040e-05
1.912566003738902645e-05
1.911752660817001083e-05
1.910984028654638813e-05
1.909965576487593488e-05
1.909569891722640023e-05
1.909137681650463559e-05
1.908450612972956015e-05
1.908092963276430964e-05
1.907913956529228084e-05
1.907616842800052837e-05
1.907364367070840672e-05
1.907070236484287307e-05
1.906739971673232435e-05
1.905990066006779535e-05
1.904751334222964807e-05
1.903509164549177648e-05
1.902436060845502584e-05
1.901466866911505417e-05
1.900588704302208566e-05
1.899952949315775321e-05
1.899311582747031867e-05
1.898647260532015799e-05
1.897820393423898941e-05
1.896920375656918758e-05
1.896343692351365326e-05
1.895960213005309924e-05
1.895546402010950395e-05
1.894919923870474896e-05
1.894472297863103382e-05
1.894106853796984205e-05
1.893970393211929991e-05
1.893840890261344679e-05
1.893219969133497148e-05
1.893007674880209379e-05
1.892375476018059863e-05
1.891668416647007621e-05
1.891264873847830973e-05
1.890547819130006382e-05
1.890217272375593825e-05
1.889692321128677645e-05
1.889478498924290829e-05
1.889006953206262687e-05
1.888746774056926234e-05
1.888159249574528076e-05
1.887721082312055000e-05
1.887010912469122423e-05
1.886749487312044948e-05
1.886278605525149168e-05
1.885857200250029496e-05
1.885524907265789942e-05
1.885383335320511833e-05
1.885043520815088346e-05
1.884693765532574752e-05
1.884164885268546641e-05
1.883571248981752297e-05
1.882796232166583650e-05
1.900250153994420408e-05
1.946779293575673296e-05
1.917670142574934221e-05
1.893765756904031082e-05
1.890907306005828946e-05
1.891549891297472641e-05
1.888481056084856459e-05
1.883957411337178268e-05
1.880377858469728313e-05
1.877922286439570463e-05
1.875243624454014867e-05
1.873375040304381265e-05
1.871713602668023600e-05
1.871119256975362145e-05
1.870672049335553243e-05
1.870557516667758910e-05
1.870710048024193384e-05
1.871000231403741190e-05
1.871234326245030388e-05
1.871291169663891196e-05
1.871460526672308469e-05
1.871290178314666399e-05
1.871112390290363760e-05
1.870581054390640862e-05
1.870173327915836058e-05
1.870022524599335292e-05
1.870074765975004993e-05
1.869852294476004182e-05
1.869507232186151533e-05
1.868910394478007355e-05
1.868684739747550339e-05
1.868130693765124238e-05
1.867698429123265533e-05
1.867108076112344726e-05
1.866533630163758130e-05
1.866272068582475050e-05
1.866359943960560621e-05
1.866416851044050486e-05
1.866226039055618525e-05
1.865812137111788480e-05
1.865395297500071979e-05
1.864606001618085497e-05
1.864088180809631080e-05
1.863953066276735558e-05
1.863741472334368087e-05
1.863370580394985087e-05
1.862929275375790894e-05
1.862692624854389578e-05
1.862239914771634950e-05
1.861426135292276808e-05
1.860969523477251709e-05
1.860639486039872281e-05
1.860173933891928687e-05
1.860124139057006619e-05
1.859949625213630362e-05
1.859314770626952076e-05
1.858729656305513277e-05
1.858288924267981269e-05
1.857990218923077919e-05
1.857612514868378775e-05
1.857376719271996990e-05
1.857043444033479454e-05
1.856873923316015794e-05
1.856293556556920521e-05
1.856022308857063898e-05
1.855764612628263354e-05
1.855607879406306757e-05
1.855744294516625882e-05
1.855378341133473577e-05
1.855069967859890312e-05
1.854807687777792967e-05
1.854627898865146427e-05
1.854432957770768553e-05
1.854216880019521273e-05
1.853900976129807600e-05
1.853809071690193445e-05
1.853438407124485888e-05
1.853399307947256467e-05
1.853039302659453960e-05
1.852552331911283613e-05
1.724074982121237418e-05
1.682324091234477237e-05
1.674760005698772147e-05
1.679706174400052919e-05
1.674552368058357388e-05
1.673878468864131583e-05
1.674142486081109450e-05
1.672923426667694138e-05
1.672975085966754840e-05
1.672410617175046287e-05
1.671857571636792137e-05
1.671727131906663931e-05
1.671311665631947243e-05
1.670949959589052150e-05
1.670725614530965550e-05
1.670315687078982524e-05
1.670066467340802774e-05
1.669706480242893896e-05
1.669562889219378257e-05
1.669122393650468507e-05
1.668983777562971159e-05
1.668652821535943144e-05
1.668393215368268876e-05
1.668246031840681234e-05
1.667876003921264918e-05
1.667775704845553332e-05
1.667464248384931193e-05
1.667397255005198463e-05
1.667058977545821176e-05
1.667103797444724613e-05
1.666778634898946485e-05
1.666796624704147621e-05
1.666430107434280284e-05
1.666455318627413362e-05
1.666097778070252456e-05
1.666144571572658674e-05
1.665788668105960959e-05
1.665944282649434307e-05
1.665500294620869546e-05
1.665716463321587003e-05
1.665249910729471459e-05
1.665480685915099525e-05
1.664984974922845005e-05
1.665316867729416253e-05
1.664791061557480202e-05
1.665145955485058813e-05
1.664551991780172034e-05
1.664934170548804172e-05
1.664602104938239723e-05
1.664786341279977797e-05
1.664614374021766843e-05
1.664670780883170732e-05
1.664646088102017597e-05
1.664679602981777929e-05
1.664552892179926993e-05
1.664721830820781314e-05
1.664626342972041971e-05
1.664797373450710370e-05
1.664509591137175448e-05
1.664754454395733841e-05
1.664479013925301910e-05
1.664749142946675284e-05
1.664646279095904766e-05
1.664727305978885920e-05
1.664729725234792432e-05
1.664751334828906693e-05
1.664845221966970780e-05
1.665092440816806629e-05
1.664951832935912535e-05
1.665200034040026367e-05
1.665272548052598790e-05
1.665449990468914688e-05
1.665553400016506270e-05
1.665632553340401636e-05
1.665847739786841111e-05
1.666018042669748092e-05
1.666252228460507467e-05
1.666484840825433047e-05
1.666758826104342142e-05
1.667031483520986512e-05
1.667227170401020111e-05
1.667582782829413326e-05
1.667811484367120943e-05
1.668118657107697935e-05
1.668561626502196440e-05
1.668765344220446423e-05
1.669099056016420878e-05
1.669546591074322215e-05
1.669945586399989998e-05
1.670166448093368740e-05
1.670573346927994794e-05
1.671162872298737192e-05
1.671540940151317045e-05
1.671946392889367417e-05
1.672377420618431575e-05
1.672870903348666751e-05
1.673247661528876187e-05
1.673689948802348362e-05
1.674282329986453852e-05
1.674759150773752616e-05
1.675229823376866921e-05
1.675607209108420783e-05
1.676065321589703807e-05
1.676757910900050706e-05
1.677186201050062732e-05
1.677748286965652369e-05
1.678246562732965821e-05
1.678772996456245960e-05
1.679120714470627718e-05
1.679654769759508781e-05
1.680277555351494947e-05
1.680647037574090199e-05
1.681162384556955522e-05
1.681945532254758223e-05
1.682342981439432993e-05
1.682844040260533667e-05
1.683546443018712899e-05
1.684028775343904204e-05
1.684562248556176268e-05
1.684998896962497451e-05
1.685507231741212308e-05
1.686114837866625681e-05
1.686668565525906160e-05
1.686939904175232960e-05
1.687540097918827222e-05
1.687776257313089377e-05
1.688236843619961156e-05
1.688414267846383087e-05
1.688829179329331896e-05
1.688987249508500031e-05
1.689570017333608188e-05
1.689710352366091751e-05
1.690239378149271943e-05
1.690449153102235869e-05
1.691025217951391688e-05
1.691018405836075544e-05
1.691415327513823218e-05
1.691530051175505058e-05
1.691681227384833687e-05
1.692097630439093269e-05
1.692451287453877672e-05
1.692433916105073809e-05
1.692374016784015247e-05
1.692651903795194812e-05
1.692913210717961328e-05
1.692907608230598271e-05
1.693261910986621068e-05
1.693131207503029145e-05
1.693346675892826305e-05
1.693236945357057401e-05
1.693424555924138850e-05
1.693600970611442016e-05
1.693533822617610053e-05
1.693629292276455089e-05
1.693935946605051800e-05
1.693689646344864876e-05
1.693515550869051232e-05
1.693501208137604340e-05
1.693510275799780949e-05
1.693425901976297542e-05
1.693449639788013815e-05
1.693301155683002570e-05
1.693401600277866237e-05
1.693562871878384545e-05
1.693547446848242679e-05
1.693383874226128818e-05
1.693486656222375973e-05
1.693369395070476322e-05
1.693563544904464060e-05
1.693426384008489549e-05
1.693583544692955911e-05
1.693549975243513337e-05
1.693415124464081533e-05
1.693272215561591885e-05
1.693480462563457103e-05
1.693288659225800007e-05
1.693296180746983601e-05
1.693042941042222083e-05
1.693169169811881012e-05
1.693072581474552727e-05
1.693179119683918611e-05
1.693015083219506710e-05
1.692829664534656331e-05
1.692917367108748362e-05
1.693052763585001230e-05
1.692802570687490651e-05
1.692393952907878042e-05
1.692358500804402865e-05
1.692637588348589042e-05
1.692640425972058506e-05
1.692283103693625890e-05
1.692255718808155371e-05
1.692496571195079149e-05
1.692585210548713736e-05
1.692320765869226442e-05
1.692013365754974007e-05
1.691852867224952206e-05
1.692228952379082465e-05
1.692588493824587271e-05
1.692331934464163943e-05
1.691906072665005922e-05
1.691707211648463272e-05
1.691821844360674596e-05
1.691807810857426511e-05
1.691585885055246763e-05
1.691563211352331496e-05
1.691674879111815244e-05
1.691555644356412813e-05
1.691194984232424758e-05
1.690691569820046289e-05
1.690604058239841766e-05
1.690661192697007074e-05
1.690661047177854993e-05
1.690169983703526668e-05
1.689785785856656662e-05
1.690090593911009045e-05
1.690162862360011718e-05
1.690049075477873111e-05
1.689802720648003607e-05
1.689428672762005522e-05
1.689313967290217988e-05
1.689437776803970405e-05
1.689441896814969504e-05
1.689013515715487301e-05
1.689031605565105429e-05
1.688816928435699083e-05
1.688681413725134917e-05
1.688656757323769717e-05
1.688544434728100760e-05
1.688156853560940227e-05
1.687912881607189639e-05
1.687922294877352989e-05
1.687928051978815279e-05
1.687875974312191965e-05
1.687811563897412135e-05
1.687594822215032832e-05
1.687221174506703392e-05
1.687180447333957932e-05
1.686993973635253361e-05
1.687144995230482756e-05
1.686875802988652275e-05
1.686758769210428067e-05
1.686611858531250618e-05
1.686330842858296751e-05
1.686338518993579918e-05
1.686254554442711970e-05
1.686025025264825604e-05
1.686027708274195834e-05
1.685803526925155961e-05
1.685701918177073957e-05
1.685510969764436731e-05
1.685560728219570524e-05
1.685595407252549194e-05
1.685345923760905726e-05
1.684940716586425105e-05
1.684925528024905497e-05
1.684771941654616831e-05
1.684827811914146810e-05
1.684648259470122866e-05
1.684465823927894370e-05
1.684177714196266674e-05
1.684000853856559775e-05
1.683907712504151413e-05
1.683772188698640093e-05
1.683814534771954776e-05
1.683554155533784001e-05
1.683453710938920335e-05
1.683294258327805573e-05
1.683251066424418173e-05
1.682957008597441018e-05
1.682880129010300084e-05
1.682817101027467220e-05
1.682995143710286424e-05
1.682768943283008344e-05
1.682569918557419306e-05
1.682451411397778294e-05
1.682319980318425291e-05
1.682092470218776793e-05
1.682180918578524210e-05
1.681845278653781726e-05
1.681994272075826438e-05
1.681724570516962490e-05
1.681910243860329434e-05
1.681591847955132699e-05
1.681445846770657362e-05
1.681056210145470686e-05
1.680972200119867989e-05
1.680701934674289010e-05
1.680898112681461430e-05
1.680664554442046142e-05
1.680798322922782972e-05
1.680550258242874406e-05
1.680463237789808705e-05
1.680165996731375344e-05
1.679607494224910557e-05
1.679759470789576813e-05
1.679760407569119707e-05
1.679748065726016716e-05
1.679529650573385947e-05
1.679278093433822370e-05
1.679507013250258616e-05
1.679289125604554943e-05
1.679233473623753593e-05
1.678801090747583590e-05
1.678574426478007808e-05
1.678712469583842971e-05
1.678731832726043581e-05
1.678344215179095112e-05
1.678043863648781417e-05
1.677997106526163474e-05
1.678142925811698796e-05
1.678242324487655424e-05
1.677954533079173348e-05
1.677406444287043861e-05
1.677554400885128348e-05
1.677852642387733659e-05
1.677934023973648369e-05
1.677723676039022258e-05
1.677495383773930439e-05
1.677080135777942040e-05
1.677093441685428707e-05
1.676983001743792692e-05
1.676979336480144479e-05
1.676740639595664174e-05
1.676695746937184527e-05
1.676659285294590586e-05
1.676745587246841683e-05
1.676584952292614616e-05
1.676304409556905603e-05
1.676124757068464668e-05
1.676242218309198642e-05
1.675779321885784157e-05
1.675376770435832305e-05
1.675247685852809945e-05
1.675090570643078671e-05
1.675115172474761629e-05
1.675036910455674069e-05
1.675314670137595521e-05
1.675196863288874806e-05
1.675415878708008541e-05
1.675422518019331484e-05
1.674686645856127007e-05
1.674339664532453821e-05
1.674412633292377131e-05
1.674268041824689203e-05
1.674164504947839169e-05
1.673942788329441236e-05
1.673893148108618402e-05
1.673769038461614332e-05
1.673828692219103822e-05
1.673809392741531929e-05
1.673843426033272543e-05
1.673676688369596445e-05
1.673825863690581173e-05
1.673896522333961776e-05
1.673680390013032593e-05
1.673210799708613262e-05
1.672874996074824729e-05
1.672687749305623651e-05
1.672683119977591424e-05
1.672573562245816060e-05
1.672623093327274411e-05
1.672509888521744802e-05
1.672392545515322126e-05
1.672210846663801863e-05
1.672332400630693815e-05
1.672610605965019339e-05
1.672353419053251923e-05
1.671818863542284884e-05
1.671690661169122837e-05
1.671644449743325958e-05
1.671424561209278046e-05
1.671420477578067221e-05
1.671538511800463379e-05
1.671685404289746521e-05
1.671435047683189555e-05
1.671186191742890514e-05
1.671189911576220630e-05
1.671170730332960375e-05
1.671068866926361807e-05
1.670761348577798412e-05
1.670683013799134642e-05
1.670390356593998081e-05
1.670240881139761701e-05
1.670456385909346796e-05
1.670688934609643319e-05
1.670621977609698525e-05
1.670422225288348408e-05
1.670034553171717697e-05
1.669873490754980526e-05
1.669741686782799661e-05
1.669499088166048886e-05
1.669631565164308927e-05
1.669647308517596752e-05
1.669780649535823478e-05
1.669533439780934782e-05
1.669177363510243527e-05
1.668739805609220571e-05
1.668652093940181725e-05
1.668822378633194739e-05
1.668598833930445767e-05
1.668485774644068578e-05
1.668455452090711265e-05
1.668446348048746721e-05
1.668822933424962617e-05
1.668360919211409122e-05
1.668079639784991877e-05
1.668148161115823314e-05
1.667715714575024254e-05
1.667588594500557519e-05
1.667838259891141342e-05
1.667404276304296082e-05
1.667327651375671713e-05
1.666875632508890568e-05
1.666834459683741375e-05
1.667210217419778860e-05
1.667283941060304709e-05
1.667048854869790375e-05
1.666776606725761802e-05
1.666642165218945457e-05
1.666420675974222967e-05
1.666135713094263202e-05
1.666105872573098236e-05
1.666087591729592600e-05
1.665639592829393223e-05
1.665601239437819526e-05
1.665713725742534870e-05
1.665355930526857400e-05
1.665153167778043940e-05
1.665211448198533617e-05
1.665126392254023880e-05
1.665008885538554818e-05
1.664929422986460985e-05
1.665178861003369025e-05
1.664714354774332470e-05
1.664517367316875607e-05
1.664327301114099032e-05
1.664315705056651428e-05
1.664161927692475593e-05
1.663890761847141995e-05
1.663973562244791605e-05
1.664088849793188138e-05
1.663881139393197508e-05
1.663445173107902655e-05
1.663186076257261515e-05
1.663059465499827571e-05
1.663274906604783610e-05
1.663406847001169740e-05
1.663373341216356561e-05
1.663189823375432752e-05
1.662659369685570845e-05
1.662217173361568847e-05
1.661988308114814504e-05
1.662233971728710525e-05
1.662235781623166918e-05
1.662535787545493872e-05
1.662240729274344766e-05
1.662178910919464989e-05
1.662039167058537579e-05
1.661774304011487334e-05
1.661800943111302467e-05
1.661804526520427316e-05
1.661955875533749485e-05
1.661891401454340599e-05
1.662121630943147601e-05
1.662097974985954352e-05
1.661935975789674626e-05
1.661830765442573465e-05
1.661478954702033729e-05
1.661419282754650272e-05
1.661272826822823709e-05
1.661286087255575626e-05
1.661443830016651326e-05
1.661780243011889979e-05
1.661782898736419088e-05
1.661352916926261969e-05
1.660908037592889741e-05
1.660787311266176538e-05
1.660785574131296016e-05
1.660904263189877383e-05
1.661091091591515511e-05
1.660835860093356906e-05
1.660451944189844585e-05
1.660161169638740966e-05
1.660049883867031895e-05
1.660282514421851442e-05
1.660202924540499157e-05
1.660132293181959675e-05
1.659976751398062198e-05
1.660107745919958621e-05
1.660311336308950491e-05
1.660094367252895744e-05
1.659707668295595863e-05
1.659362378632067770e-05
1.659284907873370685e-05
1.659320569160627337e-05
1.659442932577803731e-05
1.659393401496345042e-05
1.659306508372537792e-05
1.659425779507728158e-05
1.659395093156490475e-05
1.659256222410476902e-05
1.658807113926741430e-05
1.658595192566281185e-05
1.658406144997570528e-05
1.658433166085160337e-05
1.658617375142057291e-05
1.658697592574753663e-05
1.658621322349063189e-05
1.658282035350566798e-05
1.657897200857405551e-05
1.657796483414131352e-05
1.657962529861833968e-05
1.657871180213987692e-05
1.658046849115635133e-05
1.658149567447253571e-05
1.658169012443977544e-05
1.658012170082656802e-05
1.657780412642750754e-05
1.657474567764438824e-05
1.657407101447461241e-05
1.657221509958617321e-05
1.657200427871430157e-05
1.657237899053143202e-05
1.657365273786126500e-05
1.657437996982480399e-05
1.657410375628387623e-05
1.657087195781059428e-05
1.656529648244031840e-05
1.656427048146724701e-05
1.656877611821983010e-05
1.656920794630423256e-05
1.657008597248932279e-05
1.656992571952287108e-05
1.656718950471258722e-05
1.656066888244822621e-05
1.655868481975630857e-05
1.655968253544415347e-05
1.656183194427285411e-05
1.656302092669648254e-05
1.656278182053938440e-05
1.656005188124254481e-05
1.655926607782021300e-05
1.655582309467718005e-05
1.655379210205864957e-05
1.655449614190729335e-05
1.655439436945016631e-05
1.655598071010899798e-05
1.655456026128376834e-05
1.655359110372955775e-05
1.654996340221259675e-05
1.655186160860466839e-05
1.655333153394167311e-05
1.655501546338200569e-05
1.655258029131800868e-05
1.654873640291043693e-05
1.654451643844367868e-05
1.654660745771252618e-05
1.654810848776833086e-05
1.654668722039787099e-05
1.654358065934502587e-05
1.654273064559674754e-05
1.654106226851581664e-05
1.653788413022993928e-05
1.653549215916427648e-05
1.653652725508436561e-05
1.653828294365666671e-05
1.653997551329666613e-05
1.653977906244108318e-05
1.653685940254945240e-05
1.653258623264264383e-05
1.652739947530790097e-05
1.652474138609250144e-05
1.652649189054500312e-05
1.652956971156527424e-05
1.653110066399676590e-05
1.652772152738180012e-05
1.652408227528212728e-05
1.652027985983295434e-05
1.652078854021965662e-05
1.652242044656304507e-05
1.652353530516847900e-05
1.652341297813109054e-05
1.652363425819203258e-05
1.652059791013016365e-05
1.651894554015598192e-05
1.651666943871532702e-05
1.651291868256521547e-05
1.651392558414954624e-05
1.651543998377746970e-05
1.651688489801017568e-05
1.651827624300494858e-05
1.651711490922025269e-05
1.651594520808430456e-05
1.651283855608198792e-05
1.650913591220159879e-05
1.650622762099374018e-05
1.650734902796102620e-05
1.651131269682082415e-05
1.651377033340395428e-05
1.651512247917707942e-05
1.650930571486242251e-05
1.650352833166834966e-05
1.650192180022713593e-05
1.650207395869074322e-05
1.650547610552166453e-05
1.650760859774891423e-05
1.650327312745503082e-05
1.650155309107503854e-05
1.649908008403144641e-05
1.649769001232925802e-05
1.649617397561087409e-05
1.649399700909270905e-05
1.649788673603325219e-05
1.649617170187411965e-05
1.649762734814430723e-05
1.649581108722486669e-05
1.649007417654502273e-05
1.648742827455862561e-05
1.648881425353465602e-05
1.649286105021019466e-05
1.649447913223412023e-05
1.649322884986759028e-05
1.649113773964927464e-05
1.649095265747746385e-05
1.648472980377846533e-05
1.648433162699802846e-05
1.648521856623119675e-05
1.648760180614772117e-05
1.648517099965829334e-05
1.648329907766310498e-05
1.648127654334530167e-05
1.647696371946949444e-05
1.647426224735681763e-05
1.647496419536764666e-05
1.647455746933701448e-05
1.647887547733262114e-05
1.648061834202962928e-05
1.647974004299612784e-05
1.647214130571228317e-05
1.646855753278941847e-05
1.646898435865296119e-05
1.647254466661251946e-05
1.647351873543811826e-05
1.647133112783194655e-05
1.646598657316644608e-05
1.646486798563273691e-05
1.646639839236740954e-05
1.646658247409504703e-05
1.646501532377442413e-05
1.646534783503739028e-05
1.646431655899505131e-05
1.646433047426398911e-05
1.646226355660473860e-05
1.646004175199777887e-05
1.646000891923904351e-05
1.646108448767336153e-05
1.646034052100731128e-05
1.645811489652260139e-05
1.645826523599680513e-05
1.645619577175239237e-05
1.645260281293303841e-05
1.644923750063753551e-05
1.645037709749885699e-05
1.645209686103044146e-05
1.645525371714029529e-05
1.645647107579861835e-05
1.645582233322784305e-05
1.645477886995649829e-05
1.644988024054328115e-05
1.644764643060625531e-05
1.644935309741413221e-05
1.644754911467316560e-05
1.644797821427346275e-05
1.644704061618540301e-05
1.644621934246970205e-05
1.644520980335073410e-05
1.644529265831806697e-05
1.644639723963337019e-05
1.644644871703349189e-05
1.644544036025763354e-05
1.644431649765465341e-05
1.644669127927045406e-05
1.644653866605949588e-05
1.644354351810761795e-05
1.643601508476422101e-05
1.643524201426771402e-05
1.643585273995995454e-05
1.643760151637252420e-05
1.643807881919201531e-05
1.643756722842226804e-05
1.643430650801747242e-05
1.643030909690423733e-05
1.643133309698896550e-05
1.643244868319015814e-05
1.643026580495643497e-05
1.642852430450147949e-05
1.643127898205421001e-05
1.643127870920579880e-05
1.643131854507373714e-05
1.642708120925817706e-05
1.642532242840388790e-05
1.642790903133573011e-05
1.642632960283662988e-05
1.641973012738162584e-05
1.641993048906442709e-05
1.642252955207368291e-05
1.642297456783126108e-05
1.642626775719690932e-05
1.642648658162215725e-05
1.642370825720718063e-05
1.641928156459471211e-05
1.641438229853520102e-05
1.641392509554862045e-05
1.641787748667411438e-05
1.642118522795499438e-05
1.642316501602181098e-05
1.641997632759739509e-05
1.641571034269872917e-05
1.641410799493314834e-05
1.641162753003300235e-05
1.641388662392273478e-05
1.641301932977512614e-05
1.641399157961132140e-05
1.641677245061146028e-05
1.641444132474134812e-05
1.641137159822392142e-05
1.640663549551391043e-05
1.640308582864236222e-05
1.640298096390324713e-05
1.640430573388584754e-05
1.640622976992744817e-05
1.640851696720346741e-05
1.640739519643830203e-05
1.640237369429087402e-05
1.640348364162491634e-05
1.640001646592281827e-05
1.639540714677423307e-05
1.639516776776872711e-05
1.639448919377173297e-05
1.639307283767266131e-05
1.639367883399245329e-05
1.639364718357683092e-05
1.639629072087700546e-05
1.640022901483462192e-05
1.640173550185863724e-05
1.639958727537304959e-05
1.639874053580569899e-05
1.639346628508064964e-05
1.638602661842014708e-05
1.638279991311719641e-05
1.638445510252495161e-05
1.638914272916736081e-05
1.639279926166636734e-05
1.639361753404955515e-05
1.639069159864448011e-05
1.638904996070777997e-05
1.638377598283113844e-05
1.638242247281596065e-05
1.637885998206911609e-05
1.637969053263077445e-05
1.638151188672054627e-05
1.638408257349510745e-05
1.638647872823639637e-05
1.638832300159265219e-05
1.638459425521432287e-05
1.637855420995038070e-05
1.637427485547959940e-05
1.637430023038177751e-05
1.637789373489795388e-05
1.638311496208188920e-05
1.638497824387741411e-05
1.638039420868153548e-05
1.637216510061989403e-05
1.637158648009062677e-05
1.637205286897369660e-05
1.637404702705680528e-05
1.637342911635641872e-05
1.637264576856978102e-05
1.637284822209039703e-05
1.637072236917447434e-05
1.636977012822171809e-05
1.636918150325072794e-05
1.636852557567180998e-05
1.636952010812819868e-05
1.637055356695782393e-05
1.637065506656654315e-05
1.636874694668222354e-05
1.636340211916831186e-05
1.636128890822874247e-05
1.636194629099918462e-05
1.636530023461091197e-05
1.636810338823124766e-05
1.636823126318631829e-05
1.636208944546524571e-05
1.635742928556282937e-05
1.635512699067476273e-05
1.635414828342618353e-05
1.635598255234071985e-05
1.635754451854154332e-05
1.635670614632545175e-05
1.635566668483079343e-05
1.635288463148754158e-05
1.635268235986586525e-05
1.635101316423970410e-05
1.635111793802934767e-05
1.635302696740836904e-05
1.635067119423183748e-05
1.634803538763662800e-05
1.634575637581292472e-05
1.634717964407173121e-05
1.634794634810532579e-05
1.635344733585952781e-05
1.635411690585897236e-05
1.635475255170604350e-05
1.634936052141711116e-05
1.634178979657008177e-05
1.634190466575091637e-05
1.634425561860553124e-05
1.634533355172607184e-05
1.634768113945028745e-05
1.634825630389968729e-05
1.634750778976012817e-05
1.633945357752963833e-05
1.633382553336559930e-05
1.633339416002854773e-05
1.633624988244264319e-05
1.634186610317556255e-05
1.634227146496414207e-05
1.633990659684059278e-05
1.633527026569936560e-05
1.632941302887047641e-05
1.633249121368862689e-05
1.633481151657178930e-05
1.633331821722094969e-05
1.632705070733209276e-05
1.632515386518207379e-05
1.633035180930164575e-05
1.633075835343333825e-05
1.633019046494155259e-05
1.632757794141070985e-05
1.632381363378953984e-05
1.632428347875247709e-05
1.632339390198467164e-05
1.632453322599758530e-05
1.632171270102844438e-05
1.632161156521760791e-05
1.632266676097060418e-05
1.632132125450880267e-05
1.631900004213093848e-05
1.631369168535456925e-05
1.632202502150903524e-05
1.632378352951491319e-05
1.632023349884548225e-05
1.631488312341389179e-05
1.630976439628284560e-05
1.630943124837358550e-05
1.631264221941819482e-05
1.631316354178125039e-05
1.631031691431417265e-05
1.631096847631852143e-05
1.631167888263007761e-05
1.630782971915323152e-05
1.630688648219802485e-05
1.630422839298262193e-05
1.630529104659217545e-05
1.630697806831449270e-05
1.630880406082724153e-05
1.630704891795175946e-05
1.630316273804055527e-05
1.629890766707831062e-05
1.629999733268050612e-05
1.629996386327548020e-05
1.630239867154159448e-05
1.630298611416947164e-05
1.630011283850763129e-05
1.629486969250137850e-05
1.629371463423012688e-05
1.629513526495429619e-05
1.629341513762483238e-05
1.629532971492153592e-05
1.629525186217506281e-05
1.629635617064195821e-05
1.629313146622735076e-05
1.628889058338245512e-05
1.629025846341392161e-05
1.629169046282186308e-05
1.628967120268498412e-05
1.629138741918722963e-05
1.628977061045588858e-05
1.628391491976799511e-05
1.628595737201976590e-05
1.628698264539707520e-05
1.629012294870335744e-05
1.628953486942918971e-05
1.628999470995040746e-05
1.628191739655449055e-05
1.628343261472764425e-05
1.628375975997187129e-05
1.628508898647851243e-05
1.627894598641432686e-05
1.627769734113826416e-05
1.627810970603604665e-05
1.628187810638337464e-05
1.628044819881324792e-05
1.628089712539804100e-05
1.627782030482194319e-05
1.627711380933760530e-05
1.627703568374272436e-05
1.627746996746282093e-05
1.627928149900981293e-05
1.627847477720934034e-05
1.627592473596450873e-05
1.627579913474619253e-05
1.627488854865077815e-05
1.627516630833270164e-05
1.627256833671708727e-05
1.627137589821359143e-05
1.626724042580462992e-05
1.626549183129099993e-05
1.626644398129428805e-05
1.627006186026846922e-05
1.626675939405686358e-05
1.626709026822936586e-05
1.626360099180601402e-05
1.626260354896658032e-05
1.625811482881545157e-05
1.625676522962748869e-05
1.625828126634587602e-05
1.626213970666867613e-05
1.625994354981230572e-05
1.625614704607869431e-05
1.625336317374603891e-05
1.625163131393492357e-05
1.625604227228905074e-05
1.625779623282141984e-05
1.625424920348450541e-05
1.624961996640195274e-05
1.624766282475320555e-05
1.624747665118775330e-05
1.624990600248566033e-05
1.624963497306453200e-05
1.624916631044470773e-05
1.624815795366885276e-05
1.624897695364779928e-05
1.624745536901173317e-05
1.624716041987994754e-05
1.624555097805568881e-05
1.624289725441485508e-05
1.623732860025484250e-05
1.623757925699464909e-05
1.624240576347801834e-05
1.624360320420237394e-05
1.624081187401316129e-05
1.623904809093801237e-05
1.623735406610649215e-05
1.623723701413837126e-05
1.623778171051526510e-05
1.623484704396105507e-05
1.623348107386846028e-05
1.623301823201472939e-05
1.623207344891852699e-05
1.623462258066865683e-05
1.623423358978470923e-05
1.623194839339703321e-05
1.623113794266828200e-05
1.623032385396072709e-05
1.623017269594129310e-05
1.622943236725404994e-05
1.622957124709500999e-05
1.623049101908691363e-05
1.623115849724854343e-05
1.622932832106016509e-05
1.622774443603702753e-05
1.622722293177503229e-05
1.622467480046907575e-05
1.622281024538096972e-05
1.622180770937120474e-05
1.622131640033330768e-05
1.621926412553875707e-05
1.622121353648253581e-05
1.621925221115816249e-05
1.621761521164444275e-05
1.621615338081028245e-05
1.621579931452288157e-05
1.621595019969390773e-05
1.621388591956929439e-05
1.621037590666674145e-05
1.621179544599726932e-05
1.621238170628203011e-05
1.621143919692258215e-05
1.620864613869343749e-05
1.620868597456137582e-05
1.620918574190000004e-05
1.621124547455110452e-05
1.620940038264961845e-05
1.620841630938230015e-05
1.620981620362726836e-05
1.620748189452570000e-05
1.620277325855568187e-05
1.587806254974566265e-05
1.575718761159805581e-05
1.568499801578582197e-05
1.570827680552611127e-05
1.571297470945864780e-05
1.569737760291900418e-05
1.569504920553299734e-05
1.569756968820001794e-05
1.569457517689443058e-05
1.569141186337219619e-05
1.569060432302648997e-05
1.568938441778300466e-05
1.568741345181479119e-05
1.568636434967629611e-05
1.568394372952752747e-05
1.568294865137431635e-05
1.568206862430088290e-05
1.568087482155533440e-05
1.567894287290982902e-05
1.567781846461002647e-05
1.567721783430897699e-05
1.567497292853659019e-05
1.567460803926223957e-05
1.567309273013961434e-05
1.567166091263061254e-05
1.567146346133085967e-05
1.567068284202832729e-05
1.566910350447869860e-05
1.566826322232373194e-05
1.566769151395419613e-05
1.566755445310263962e-05
1.566634373375564018e-05
1.566495056977146373e-05
1.566329847264569320e-05
1.566350229040835849e-05
1.566343325976049528e-05
1.566256751175387898e-05
1.566160708534880677e-05
1.566094952067942494e-05
1.565964375913608684e-05
1.565953607496339828e-05
1.565955617479630881e-05
1.565926759212743559e-05
1.565783413752796992e-05
1.565716393088223480e-05
1.565670681884512237e-05
1.565664715599268810e-05
1.565659213156323084e-05
1.565661023050779477e-05
1.565472193760797449e-05
1.565462025610031560e-05
1.565500069773406789e-05
1.565541788295377046e-05
1.565389457027777234e-05
1.565348102303687348e-05
1.565364682392100736e-05
1.565394759381888299e-05
1.565412167110480436e-05
1.565307711643981815e-05
1.565230586493271471e-05
1.565266347824945115e-05
1.565289830978144824e-05
1.565296215630951202e-05
1.565255070090643130e-05
1.565163101986399920e-05
1.565309203215292587e-05
1.565235088492045247e-05
1.565206721352296746e-05
1.565249358463915928e-05
1.565297798151732490e-05
1.565252587170107222e-05
1.565227030368987403e-05
1.565180173201952130e-05
1.565255852256086790e-05
1.565348638905561597e-05
1.565290594953694516e-05
1.565255406603682718e-05
1.565364282214432091e-05
1.565281554576358690e-05
1.565350085002137280e-05
1.565344255141099119e-05
1.565442235005320846e-05
1.565446873428299888e-05
1.565378588566091047e-05
1.565413931530201740e-05
1.565579113957937671e-05
1.565580960232182338e-05
1.565526154081453705e-05
1.565520196891157092e-05
1.565541324453079006e-05
1.565697057230863652e-05
1.565764005135861293e-05
1.565789361848146790e-05
1.565670918353134834e-05
1.565700449646101333e-05
1.565917063999222524e-05
1.565936918268562295e-05
1.565923084854148193e-05
1.565987095091259039e-05
1.566013543197186664e-05
1.566001019455143318e-05
1.566025666761561365e-05
1.566253868077183007e-05
1.566290993650909649e-05
1.566326009196927906e-05
1.566204455230035955e-05
1.566228193041752228e-05
1.566456467116950080e-05
1.566572273077326895e-05
1.566523769724881276e-05
1.566505170558230020e-05
1.566593282404937849e-05
1.566693845234112814e-05
1.566848441143520244e-05
1.566746877870173329e-05
1.566918772368808412e-05
1.566899536555865915e-05
1.566998753332882188e-05
1.567043163959169828e-05
1.567077733852784014e-05
1.567209747008746354e-05
1.567352683196077123e-05
1.567270264786202528e-05
1.567368117321166142e-05
1.567432300362270190e-05
1.567558119859313660e-05
1.567483695907867514e-05
1.567693079778109609e-05
1.567657182022230700e-05
1.567791441630106352e-05
1.567687695569475181e-05
1.567927756696008146e-05
1.567916933709057048e-05
1.568003935972228782e-05
1.568004472574102692e-05
1.568110701555269770e-05
1.568137149661197395e-05
1.568230964039685272e-05
1.568228581163566695e-05
1.568324814797961085e-05
1.568373727423022501e-05
1.568504967508488335e-05
1.568425586810917526e-05
1.568463103467365659e-05
1.568542465975042500e-05
1.568733277963474461e-05
1.568628667882876606e-05
1.568719171700649827e-05
1.568685347592691027e-05
1.568852212585625239e-05
1.568926300024031797e-05
1.568918933116947436e-05
1.568819589010672712e-05
1.569057403685292365e-05
1.569068235767190277e-05
1.569119785926886834e-05
1.569089417898794772e-05
1.569225269122398526e-05
1.569255346112186089e-05
1.569364076203783043e-05
1.569287906022509560e-05
1.569409805597388253e-05
1.569405176269356026e-05
1.569418163853697411e-05
1.569486303196754171e-05
1.569519426993793012e-05
1.569539772390271605e-05
1.569646265124902061e-05
1.569592022860888459e-05
1.569577116242726198e-05
1.569644218761823072e-05
1.569688647578004680e-05
1.569736950841615976e-05
1.569835603731917217e-05
1.569684627611422911e-05
1.569738742546178401e-05
1.569766063767019524e-05
1.569914893480017849e-05
1.569857668073382364e-05
1.569854930494329892e-05
1.569826217746594989e-05
1.569925843796227060e-05
1.569891210237983479e-05
1.569945143273798613e-05
1.569916948938043653e-05
1.569904961797874556e-05
1.569861124153249101e-05
1.569949517943314277e-05
1.569884598211501657e-05
1.569972664583474398e-05
1.569919313624268262e-05
1.569976375321857699e-05
1.569962760186172226e-05
1.569826727063627778e-05
1.569896494402200915e-05
1.569904688949464025e-05
1.570004678796976805e-05
1.569912856211885674e-05
1.569873757034656592e-05
1.569871337778749740e-05
1.569960586493834785e-05
1.569902588016702794e-05
1.569882688272627934e-05
1.569819469295907901e-05
1.569801843288587474e-05
1.569864762132056193e-05
1.569908909004880115e-05
1.569815849506994777e-05
1.569731966810650192e-05
1.569688638483057865e-05
1.569824207763303935e-05
1.569760124766617218e-05
1.569808682688744739e-05
1.569665992064983720e-05
1.569780906720552729e-05
1.569666310388129340e-05
1.569730557093862444e-05
1.569737933095893958e-05
1.569749019836308435e-05
1.569606956763891503e-05
1.569490104884607650e-05
1.569632813698262975e-05
1.569700489199021696e-05
1.569757159813889302e-05
1.569659007145674036e-05
1.569527803439996138e-05
1.569512123751337708e-05
1.569570549690979465e-05
1.569517953612375869e-05
1.569583646414684995e-05
1.569547830513329110e-05
1.569469659443711726e-05
1.569395299156894975e-05
1.569340383866801858e-05
1.569477126395213418e-05
1.569406867929501459e-05
1.569370806464576162e-05
1.569278374518034912e-05
1.569341029608040252e-05
1.569334453961346366e-05
1.569287405800423585e-05
1.569241121615050496e-05
1.569138430568273179e-05
1.569235992064932293e-05
1.569264477438991754e-05
1.569214400660712340e-05
1.569128107803408056e-05
1.569032510815304568e-05
1.569131245560129173e-05
1.569126588947256163e-05
1.569080986882909066e-05
1.569071964695467546e-05
1.568877523823175647e-05
1.568927427797461860e-05
1.568977913848357411e-05
1.568939069329644553e-05
1.568926791151170619e-05
1.568779516674112461e-05
1.568846155350911295e-05
1.568862289786920951e-05
1.568837551531032727e-05
1.568686539030750147e-05
1.568798725202213837e-05
1.568572479300201007e-05
1.568744210089789703e-05
1.568651850902824663e-05
1.568584257256588966e-05
1.568574016346246868e-05
1.568600737300585024e-05
1.568460729686194235e-05
1.568431798659730703e-05
1.568472607686999186e-05
1.568475054227747159e-05
1.568473608131171136e-05
1.568378729643882252e-05
1.568450234117335572e-05
1.568330917507410117e-05
1.568198231325368261e-05
1.568266779941041158e-05
1.568354682603967512e-05
1.568326797496411018e-05
1.568084699101746218e-05
1.568081179357250086e-05
1.568238321851822480e-05
1.568163997944793664e-05
1.568033703733817539e-05
1.568008601680048606e-05
1.568071220390265672e-05
1.567937979416455938e-05
1.568048528497456437e-05
1.567956305734696663e-05
1.567981416883412749e-05
1.567889767102315158e-05
1.567905383126344532e-05
1.567846456964616799e-05
1.567758408782538027e-05
1.567829704072209871e-05
1.567776080264593542e-05
1.567849212733562900e-05
1.567750950925983489e-05
1.567758208693703704e-05
1.567687695569475181e-05
1.567761637488729320e-05
1.567614899613545412e-05
1.567716708450461738e-05
1.567537065056967617e-05
1.567635590618010746e-05
1.567538620292907445e-05
1.567553445056546344e-05
1.567515819260734066e-05
1.567481149322702549e-05
1.567395820529782281e-05
1.567428034832119010e-05
1.567405852256342904e-05
1.567411027281195857e-05
1.567322178743779795e-05
1.567277658978128010e-05
1.567299186717718907e-05
1.567237168274004808e-05
1.567176668686442941e-05
1.567184663144871728e-05
1.567146591696655378e-05
1.567142753629013964e-05
1.567050348967313834e-05
1.567105418871506185e-05
1.567014423926593804e-05
1.567006729601416669e-05
1.566919872857397354e-05
1.566814116813475131e-05
1.566975006426218762e-05
1.566909440953168087e-05
1.566813452882343107e-05
1.566747741890140013e-05
1.566822038512327708e-05
1.566778582855476930e-05
1.566655009810347110e-05
1.566706532685202546e-05
1.566696164445602335e-05
1.566613918839720941e-05
1.566665423524682410e-05
1.566504661241196892e-05
1.566517603350803188e-05
1.566559667480760186e-05
1.566480559631599909e-05
1.566498440297436900e-05
1.566423279655282521e-05
1.566408909638994509e-05
1.566401806485373527e-05
1.566447535878978737e-05
1.566337750773527592e-05
1.566332566653727486e-05
1.566256123624043471e-05
1.566324954183073714e-05
1.566218088555615395e-05
1.566236769576789676e-05
1.566175260450109044e-05
1.566179616929730400e-05
1.566195842315209894e-05
1.566197497595567392e-05
1.566088785693864406e-05
1.566054652357706800e-05
1.566084592923289097e-05
1.566065666338545406e-05
1.566027558510541120e-05
1.565960419611655971e-05
1.565928732816246338e-05
1.565944949106779017e-05
1.565993588883429901e-05
1.565893417136976428e-05
1.565830261824885451e-05
1.565867842145962641e-05
1.565820266478112763e-05
1.565701795698260025e-05
1.565879892950761132e-05
1.565788525113020888e-05
1.565753891554777646e-05
1.565676584505126947e-05
1.565689926792401888e-05
1.565553602631552941e-05
1.565613483762717874e-05
1.565529373692697845e-05
1.565501161167048917e-05
1.565526108606718616e-05
1.565515194670297341e-05
1.565433212817879326e-05
1.565411512274295227e-05
1.565277370900730535e-05
1.565496568218804964e-05
1.565312368256854825e-05
1.565439679325209067e-05
1.565163429404492354e-05
1.565249540362856283e-05
1.565206348459469222e-05
1.565297197885229185e-05
1.565078919156803682e-05
1.565295133332256228e-05
1.565067495903349617e-05
1.565175389259820668e-05
1.565066622788435780e-05
1.565109396324260228e-05
1.564956901347614029e-05
1.565025340823922442e-05
1.564933154440950602e-05
1.564916883580736020e-05
1.564778949614265002e-05
1.564997673995094238e-05
1.564798203617101467e-05
1.564942494951537743e-05
1.564727972436230630e-05
1.564867570778005621e-05
1.564659014547942274e-05
1.564784306538058309e-05
1.564673075336031480e-05
1.564732019687653519e-05
1.564570229675155269e-05
1.564639533171430366e-05
1.564548774695140242e-05
1.564563972351607003e-05
1.564498816151171787e-05
1.564547246744041196e-05
1.564374624649644694e-05
1.564390659041237018e-05
1.564340500408434241e-05
1.564368958497652920e-05
1.564293024785001694e-05
1.564351669003372081e-05
1.564185495226411013e-05
1.564180420245975391e-05
1.564180156492511674e-05
1.564176973261055469e-05
1.564142021379666267e-05
1.564185513416305320e-05
1.564057229188620248e-05
1.564038520882604508e-05
1.563913110658177175e-05
1.564153717481531203e-05
1.563903624628437615e-05
1.563917621751898104e-05
1.563974210512242348e-05
1.563872965562041053e-05
1.563810956213274107e-05
1.563877285661874475e-05
1.563712312417919680e-05
1.563878768138238093e-05
1.563732621434610337e-05
1.563770092616323382e-05
1.563667192385764928e-05
1.563852720209979452e-05
1.563597043059417114e-05
1.563595669722417302e-05
1.563662399348686314e-05
1.563676805744762600e-05
1.563465812068898095e-05
1.563580899528460645e-05
1.563429777888813920e-05
1.563578762215911479e-05
1.563452342452365041e-05
1.563399646329344115e-05
1.563387531859916567e-05
1.563392252137418972e-05
1.563358264320413447e-05
1.563297219036030515e-05
1.563273090141592412e-05
1.563335754326544567e-05
1.563293890285422230e-05
1.563153991810395247e-05
1.563214200359652615e-05
1.563233217893866822e-05
1.563162059028400244e-05
1.563104424349148622e-05
1.563136574986856295e-05
1.563068099130759947e-05
1.563018568049301258e-05
1.563038676977157593e-05
1.563130344948149151e-05
1.562991155878989957e-05
1.562829284011968344e-05
1.562937413837062330e-05
1.562983097755932114e-05
1.562876013849745505e-05
1.562849001857102849e-05
1.562901334182242727e-05
1.562784609632217325e-05
1.562763245601672815e-05
1.562787920192931643e-05
1.562752140671364032e-05
1.562853958603227511e-05
1.562698271300177953e-05
1.562711204314837097e-05
1.562685802127816850e-05
1.562743218528339504e-05
1.562579063829616643e-05
1.562671659485204281e-05
1.562550478411139853e-05
1.562682955409400233e-05
1.562596125950222039e-05
1.562517390993889286e-05
1.562531242598197355e-05
1.562519055369193598e-05
1.562380193718126839e-05
1.562397492307354832e-05
1.562411753184278360e-05
1.562501447551767477e-05
1.562318575452081724e-05
1.562279976496938616e-05
1.562270936119603129e-05
1.562276856930111467e-05
1.562328143336344646e-05
1.562413590363576212e-05
1.562208508403273232e-05
1.562233937875134938e-05
1.562192837809561616e-05
1.562182469569961405e-05
1.562121778988512368e-05
1.562121187816956216e-05
1.562094830660498769e-05
1.562013130751438439e-05
1.562024117447435924e-05
1.561946091896970621e-05
1.562078014103462784e-05
1.562049783387919888e-05
1.561900044180220129e-05
1.561913359182653949e-05
1.561941580803250030e-05
1.561835961183533072e-05
1.561763228892232359e-05
1.561835069878725267e-05
1.561863755341619389e-05
1.561888830110547201e-05
1.561684348416747525e-05
1.561800063427654163e-05
1.561693852636381052e-05
1.561744857099256546e-05
1.561689196023508043e-05
1.561750832479447126e-05
1.561613007652340592e-05
1.561637991471798227e-05
1.561588933327584392e-05
1.561546168886707097e-05
1.561513563501648537e-05
1.561543831485323608e-05
1.561599801789270578e-05
1.561374838274787045e-05
1.561528679303591935e-05
1.561423614475643195e-05
1.561513154229032739e-05
1.561292629048693925e-05
1.561497701914049753e-05
1.561336202939856002e-05
1.561471717650420168e-05
1.561200651849503561e-05
1.561345652589807287e-05
1.561281887916265851e-05
1.561259487061761455e-05
1.561110811962862364e-05
1.561218014103360610e-05
1.561176504765171490e-05
1.561169319757027484e-05
1.561036369821522249e-05
1.561108601890737326e-05
1.561123108331230605e-05
1.561085000503226319e-05
1.560910459375008941e-05
1.561085382491000996e-05
1.561030012453556992e-05
1.561004655741271495e-05
1.560867913212859935e-05
1.560945811434066787e-05
1.560891305416589467e-05
1.560956934554269537e-05
1.560823820909717916e-05
1.560726486786734245e-05
1.560749078635126488e-05
1.560771706863306327e-05
1.560762993904063614e-05
1.560618966323090717e-05
1.560581404191907495e-05
1.560609407533774948e-05
1.560656492074486004e-05
1.560624605190241709e-05
1.560505061206640811e-05
1.560481468914076618e-05
1.560561931910342401e-05
1.560483115099486963e-05
1.560467590024927767e-05
1.560458140374976143e-05
1.560385053380741873e-05
1.560387927383999272e-05
1.560386044729966670e-05
1.560389873702661270e-05
1.560369610160705701e-05
1.560343071105307899e-05
1.560282407808699645e-05
1.560244963911827721e-05
1.560257060191361301e-05
1.560311657158308798e-05
1.560358095957781120e-05
1.560183554829564081e-05
1.560303016958641955e-05
1.560095461172750220e-05
1.560238706588279456e-05
1.560115497341030345e-05
1.560186519782291658e-05
1.560087412144639529e-05
1.560167156640091047e-05
1.560118544148281284e-05
1.560109576530521668e-05
1.559998318043653718e-05
1.560108576086349718e-05
1.559955890115816011e-05
1.559964557600323974e-05
1.559976044518407434e-05
1.559959482619888014e-05
1.559899192216107622e-05
1.559838719913386875e-05
1.559796673973323845e-05
1.559816173539729721e-05
1.559855081723071635e-05
1.559789207021822154e-05
1.559692200316931257e-05
1.559831580379977958e-05
1.559697284392314032e-05
1.559685779284336604e-05
1.559688025736249916e-05
1.559730962981120751e-05
1.559580077810096622e-05
1.559698130222386748e-05
1.559523880132473870e-05
1.559625416120980003e-05
1.559593983984086595e-05
1.559598267704132081e-05
1.559550928504904800e-05
1.559536676722928086e-05
1.559450811328133568e-05
1.559515303597436422e-05
1.559456468385178528e-05
1.559591937621007606e-05
1.559435941089759581e-05
1.559462716613779640e-05
1.559352658659918302e-05
1.559525644552195512e-05
1.559226802783086896e-05
1.559450884087709778e-05
1.559273077873513170e-05
1.559227575853583403e-05
1.559263719173031724e-05
1.559251713842968321e-05
1.559181418997468427e-05
1.559132379043148898e-05
1.559122401886270517e-05
1.559110569360200316e-05
1.559161419208976576e-05
1.559022621222538874e-05
1.559050297146313892e-05
1.558950425533112071e-05
1.559085067128762738e-05
1.558961257615010322e-05
1.558950471007847159e-05
1.558835347168496674e-05
1.558924404889694551e-05
1.558816593387746184e-05
1.559003039801609635e-05
1.558824014864512787e-05
1.558902740725898048e-05
1.558790336275706068e-05
1.558844869578024508e-05
1.558642843519919620e-05
1.558841659061727182e-05
1.558628155180485987e-05
1.558716130602988550e-05
1.558653866595705040e-05
1.558684971314505674e-05
1.558604053570889004e-05
1.558584126541973024e-05
1.558472740725846961e-05
1.558620033392799087e-05
1.558461681270273267e-05
1.558434832986676998e-05
1.558345420562545904e-05
1.558459262014366754e-05
1.558343155920738287e-05
1.558364720040117458e-05
1.558261601530830376e-05
1.558317098897532492e-05
1.558216954435920478e-05
1.558285039209294996e-05
1.558304938953369856e-05
1.558285157443606295e-05
1.558168696647044271e-05
1.558202875457936966e-05
1.558092708364711143e-05
1.558221247250912779e-05
1.558090543767320856e-05
1.558099702378967641e-05
1.558072799525689469e-05
1.558140875204117173e-05
1.557994701215647957e-05
1.558015192131278969e-05
1.558021403980092146e-05
1.558126741656451418e-05
1.557890291223884425e-05
1.557906361995265023e-05
1.557868627060088261e-05
1.557929253976908580e-05
1.557843161208438619e-05
1.557893865538062460e-05
1.557793984829913825e-05
1.557693622089573182e-05
1.557687110107508352e-05
1.557796449560555765e-05
1.557770619911025414e-05
1.557674067953485064e-05
1.557584309921367229e-05
1.557606801725341803e-05
1.557647965455544181e-05
1.557613823024439761e-05
1.557574223625124364e-05
1.557460382173303515e-05
1.557451269036391818e-05
1.557567165946238810e-05
1.557543655508197980e-05
1.557396553835133023e-05
1.557378509460249983e-05
1.557291798235382749e-05
1.557390969537664273e-05
1.557300520289572955e-05
1.557332552692969330e-05
1.557299101477838054e-05
1.557199830131139538e-05
1.557185996716725776e-05
1.557303849040181241e-05
1.557208724989322945e-05
1.557157665956765549e-05
1.557033374410821125e-05
1.557111518195597387e-05
1.557146870254655233e-05
1.557041605337872170e-05
1.556972047183080509e-05
1.556951310703880086e-05
1.557081404826021889e-05
1.556978004373377121e-05
1.556765937493764795e-05
1.556924962642369792e-05
1.556874931338825128e-05
1.556828428874723749e-05
1.556760644234600545e-05
1.556889556013629704e-05
1.556703109599766254e-05
1.556898605485912345e-05
1.556742381580988877e-05
1.556814650029991889e-05
1.556591851112898304e-05
1.556740380692644976e-05
1.556653669467778081e-05
1.556767738293274374e-05
1.556624301883857629e-05
1.556616880407091366e-05
1.556501183586078696e-05
1.556595152578665807e-05
1.556569877720903673e-05
1.556525739943026565e-05
1.556335364512051523e-05
1.556391243866528317e-05
1.556508823341573589e-05
1.556457291371770999e-05
1.556363367853918976e-05
1.556294564579729854e-05
1.556221359351184287e-05
1.556408942633424953e-05
1.556230827191029540e-05
1.556263623569975607e-05
1.556189308757893606e-05
1.556195866214693524e-05
1.556107818032614751e-05
1.556310835439944775e-05
1.556165125293773599e-05
1.556117094878572835e-05
1.556025408717687309e-05
1.555987810206715813e-05
1.555991166242165559e-05
1.556124934722902389e-05
1.555913186166435345e-05
1.556040051582385854e-05
1.555809449200751328e-05
1.556076995257171802e-05
1.555826547701144659e-05
1.555967692183912664e-05
1.555785174787160805e-05
1.555851831653853946e-05
1.555717271912726641e-05
1.555860271764686467e-05
1.555780072521884062e-05
1.555844301037723199e-05
1.555705739519908093e-05
1.555689432279905237e-05
1.555546832605614395e-05
1.555725311845890179e-05
1.555693925183732198e-05
1.555725730213453130e-05
1.555598591949092089e-05
1.555707713123410872e-05
1.555466251375037313e-05
1.555525423100334457e-05
1.555393673697835834e-05
1.555620792714762501e-05
1.555461894895415618e-05
1.555612598167499392e-05
1.555412518428056501e-05
1.555484632262959941e-05
1.555238613946130364e-05
1.555384314997354387e-05
1.555338840262265740e-05
1.555420776639948667e-05
1.555179633214720389e-05
1.555389790155459331e-05
1.555250109959160977e-05
1.555190810904605382e-05
1.554977407067781179e-05
1.555219914735062116e-05
1.555078579258406603e-05
1.555220542286406203e-05
1.554941791255259954e-05
1.555031221869285354e-05
1.554869404571945644e-05
1.555044482302036932e-05
1.554719856358133392e-05
1.555042390464222854e-05
1.554893760840059190e-05
1.555028784423484535e-05
1.554682658024830879e-05
1.554916379973292215e-05
1.554686059535015374e-05
1.554742102598538554e-05
1.554636437504086508e-05
1.554701548229786635e-05
1.554639266032609157e-05
1.554821492391056517e-05
1.554512891743797809e-05
1.554601340103545226e-05
1.554572172608459436e-05
1.554650771140586585e-05
1.554395303173805723e-05
1.554579339426709475e-05
1.554478885736898655e-05
1.554555801703827523e-05
1.554395503262640045e-05
1.554476248202263513e-05
1.554348946228856085e-05
1.554504642626852796e-05
1.554147665956406922e-05
1.554336940898792683e-05
1.554306463731336475e-05
1.554307837068335949e-05
1.554189584567211501e-05
1.554151167511008748e-05
1.554149375806446323e-05
1.554209184178034707e-05
1.554127184135723063e-05
1.554062037030235001e-05
1.554016798763768612e-05
1.554144755573361248e-05
1.554064310766989433e-05
1.554042710267822326e-05
1.553943693579640375e-05
1.553931697344523787e-05
1.553890197101281820e-05
1.553875026729656519e-05
1.553833599245990762e-05
1.553829170006792857e-05
1.553890051582129740e-05
1.553827960378839770e-05
1.553856254759011722e-05
1.553806559968506985e-05
1.553805441290023737e-05
1.553605870867613635e-05
1.553723277538665706e-05
1.553702741148299605e-05
1.553880219944403439e-05
1.553538959342404269e-05
1.553706397317000665e-05
1.553420561322127401e-05
1.553800020701601034e-05
1.553570136820781112e-05
1.553735328343464197e-05
1.553456550027476488e-05
1.553419460833538459e-05
1.553491219965508343e-05
1.553494894324103370e-05
1.553392366986372440e-05
1.553400452394271405e-05
1.553185811644652994e-05
1.553315987621317482e-05
1.553299507577321424e-05
1.553292195239919306e-05
1.553135907670366442e-05
1.553184711156063713e-05
1.553193824292975410e-05
1.553241536385030553e-05
1.553153651911998168e-05
1.553210668134852177e-05
1.553035099277622066e-05
1.553270130898454159e-05
1.553027868794742972e-05
1.553157444504904493e-05
1.553024085296783461e-05
1.553106194478459588e-05
1.552853655084618367e-05
1.553068923385580866e-05
1.552960166009143130e-05
1.553096408315468715e-05
1.552824260215857134e-05
1.552973317302530564e-05
1.552841476950561763e-05
1.552989160700235380e-05
1.552772710056160577e-05
1.552858584545901909e-05
1.552661697132862037e-05
1.552762787468964098e-05
1.552627809360274181e-05
1.552700441607157564e-05
1.552637440909165821e-05
1.552589401399018243e-05
1.552465282657067359e-05
1.552671274112071774e-05
1.552599278511479632e-05
1.552496551084914380e-05
1.552400945001863739e-05
1.552433532197028331e-05
1.552441235617152280e-05
1.552552075736457618e-05
1.552351568534504622e-05
1.552469120724708773e-05
1.552369167256983928e-05
1.552469584567006813e-05
1.552232088215532780e-05
1.552223875478375703e-05
1.552216335767298141e-05
1.552341109345434234e-05
1.552194489704561284e-05
1.552216008349205367e-05
1.552078483655350147e-05
1.552164085296681286e-05
1.552110288685071418e-05
1.552286412334069745e-05
1.552067278680624373e-05
1.552086869196500765e-05
1.552144831293844482e-05
1.552137646285700476e-05
1.551737041154410622e-05
1.551917821416281959e-05
1.552002122480189495e-05
1.551947607367765023e-05
1.551918594486778466e-05
1.551807799842208556e-05
1.551729938000789979e-05
1.551879049657145651e-05
1.551790892335702733e-05
1.551832037876010805e-05
1.551497443870175698e-05
1.551640443722135523e-05
1.551630057292641005e-05
1.551714403831283630e-05
1.551557861603214541e-05
1.551542809465900199e-05
1.551616096548968791e-05
1.551635386931593530e-05
1.551574941913713566e-05
1.551387631479883431e-05
1.551364357510465197e-05
1.551368277432629974e-05
1.551527975607314147e-05
1.551408631712547571e-05
1.551364239276153899e-05
1.551162586110876873e-05
1.551333944007638046e-05
1.551530958749936030e-05
1.551227896925411323e-05
1.551248715259134769e-05
1.551230607219622335e-05
1.551264449517475441e-05
1.551295090393978036e-05
1.551152290630852871e-05
1.551163732074201243e-05
1.551081741126836413e-05
1.551171426399378038e-05
1.551037994431681135e-05
1.551051145725068568e-05
1.551021314298850416e-05
1.551038167235674337e-05
1.550916413179948062e-05
1.550983342895051397e-05
1.550898705318104611e-05
1.550940623928909190e-05
1.550887536723166772e-05
1.550789893371984295e-05
1.550817833049222691e-05
1.550789520479156771e-05
1.550739398226141930e-05
1.550695642436039499e-05
1.550728620713925920e-05
