1.709110008960124214e-04
5.084578078822233054e-05
4.004721304227132215e-05
3.457072380115277794e-05
3.263797407271340489e-05
3.094753246841719103e-05
2.991288838529726626e-05
2.935827305918792398e-05
2.888487197196809710e-05
2.849280299415113337e-05
2.806445991154760122e-05
2.767372370726661757e-05
2.726693983277072994e-05
2.689350039872806384e-05
2.655582429724745588e-05
2.629300433909520507e-05
2.610460815049009330e-05
2.594200286694103920e-05
2.579481169959762929e-05
2.566525781730888276e-05
2.556475556048098952e-05
2.544378094171406701e-05
2.535949188313679702e-05
2.526928983570542186e-05
2.521516053093364394e-05
2.510531667212490128e-05
2.501628405298106305e-05
2.494351720088161460e-05
2.484108645148808001e-05
2.479416434653103352e-05
2.469551182002760334e-05
2.466569694661302628e-05
2.456142374285263941e-05
2.447304887027712607e-05
2.440949065203312852e-05
2.436324703012360124e-05
2.426221471978351406e-05
2.417294381302781471e-05
2.411233963357517564e-05
2.407408010185463354e-05
2.398301894572796232e-05
2.389156124991131811e-05
2.381946032983251052e-05
2.377727505518123372e-05
2.370396032347343862e-05
2.360906346439151161e-05
2.353663494432112270e-05
2.346275832678657161e-05
2.340105693292571164e-05
2.334275595785584436e-05
2.326700268895365298e-05
2.318744427611818673e-05
2.313372515345690840e-05
2.308001803612569279e-05
2.302237608091672815e-05
2.297381543030496619e-05
2.294004807481542365e-05
2.287629704369465025e-05
2.279670297866687179e-05
2.273782538395607708e-05
2.268013813591096686e-05
2.264150616611004875e-05
2.257995529362233220e-05
2.251234645882504924e-05
2.245657406092505038e-05
2.240422727481927587e-05
2.235114952782169052e-05
2.229781421192456037e-05
2.224845720775192468e-05
2.220207807113183662e-05
2.214101323261274956e-05
2.208735841122688590e-05
2.206808949267724529e-05
2.204206857641111060e-05
2.201528859586687826e-05
2.191968469560379095e-05
2.182020889449631660e-05
2.177487349399598451e-05
2.175924055336508900e-05
2.175156050725490718e-05
2.172123513446422429e-05
2.167084167012944682e-05
2.160487374567310190e-05
2.153457735403207994e-05
2.149083165932097540e-05
2.144821046385914155e-05
2.142874491255497492e-05
2.142386902050930211e-05
2.140709329978562891e-05
2.137972714990610392e-05
2.131461969838710434e-05
2.121227189491037415e-05
2.115399938702466965e-05
2.110919558617752045e-05
2.110667310262215324e-05
2.109390188707038625e-05
2.109100096276961335e-05
2.106669417116790942e-05
2.099892053593066589e-05
2.089175613946281441e-05
2.080918420688249171e-05
2.076944820146309280e-05
2.078011111734667861e-05
2.084166826534783603e-05
2.089014287776080891e-05
2.088938144879648530e-05
2.080441863654414124e-05
2.162750988645712049e-05
2.224474392278352888e-05
2.185273024224443361e-05
2.140770893674925765e-05
2.094188048431533524e-05
2.067858813461498493e-05
2.063244537566788630e-05
2.061637733277166398e-05
2.050873090411187285e-05
2.042648793576518074e-05
2.041598418145440519e-05
2.039609798885066858e-05
2.035445750152575716e-05
2.033422770182369345e-05
2.028052094829036058e-05
2.022271119130891883e-05
2.011587394008529440e-05
2.004422340178280070e-05
1.999817541218362613e-05
2.000805516217951731e-05
2.001533812290290371e-05
2.003895651796483367e-05
2.001295297304750420e-05
1.999412661461974426e-05
1.991480312426574664e-05
1.985329809031100148e-05
1.976427392946789041e-05
1.970399534911848605e-05
1.964006014532060362e-05
1.959529972737072831e-05
1.958201391971670091e-05
1.956082151082227870e-05
1.958753055077977614e-05
1.963143486136686853e-05
1.966342242667451636e-05
1.969746435861452618e-05
1.966441341210156611e-05
1.954104463948169791e-05
1.936678554557147300e-05
1.920178801810834489e-05
1.911326826302683844e-05
1.907499081426067210e-05
1.913486239573103308e-05
1.921171824506018446e-05
1.935174550453666530e-05
1.945415542650153065e-05
1.947569126059534028e-05
1.940430629474576427e-05
1.910890805447707088e-05
1.889140094135655090e-05
1.882455308077624068e-05
1.877720005722949349e-05
1.880230574897723340e-05
1.886023474071407555e-05
1.887896823973278651e-05
1.898909386000013910e-05
1.901678479043766856e-05
1.903753836813848533e-05
1.887445032480172948e-05
1.863202141976216740e-05
1.845401102400501191e-05
1.841125240389374220e-05
1.843727441155351834e-05
1.848503379733301835e-05
1.860686788859311627e-05
1.871297445177333429e-05
1.883364120658370666e-05
1.892126456368714435e-05
1.878401790236239457e-05
1.845507267717039213e-05
1.819396584323840216e-05
1.811666825233260034e-05
1.810502726584672928e-05
1.817357906475081109e-05
1.822521589929238030e-05
1.833285541579243659e-05
1.852122550189960816e-05
1.859679450717521899e-05
1.851913602877175300e-05
1.819783601604285718e-05
1.789608440958545408e-05
1.783245543265366131e-05
1.789982352420338565e-05
1.809195100577198900e-05
1.824695918912766569e-05
1.826285770221147551e-05
1.835505308918072910e-05
1.834976064856164090e-05
1.815287214412819594e-05
1.787442915883730098e-05
1.785756403478444622e-05
1.996018709178315543e-05
1.910738992592086880e-05
1.867740829766262458e-05
1.842311849031830207e-05
1.834107169997878508e-05
1.819069184421095929e-05
1.787873879948165200e-05
1.757324234858970226e-05
1.744976270856568590e-05
1.744551846059039100e-05
1.754949735186528279e-05
1.771036850186647051e-05
1.782270373951178044e-05
1.793958817870589041e-05
1.789314637790084817e-05
1.760856384862563505e-05
1.729320947561063668e-05
1.714024974717176384e-05
1.711839113340829635e-05
1.711980212348862551e-05
1.724340963846770911e-05
1.743206294122501141e-05
1.759263759595342116e-05
1.766247869454673424e-05
1.768562297002063268e-05
1.750242827256442843e-05
1.715937360131647506e-05
1.690498138486873494e-05
1.692603291303385049e-05
1.698054747976129739e-05
1.700516222626902299e-05
1.711476616037543728e-05
1.729067680571461029e-05
1.745417266647564315e-05
1.742045569699257748e-05
1.722381812214735032e-05
1.691392044449457831e-05
1.675109324423829161e-05
1.673228007348370738e-05
1.671618192631285502e-05
1.660849156905897097e-05
1.665068093643640236e-05
1.670595356699777699e-05
1.677676818871986984e-05
1.694488355497014709e-05
1.718929788694367609e-05
1.728148872643942081e-05
1.722366823742049746e-05
1.693322001301567138e-05
1.674814120633527637e-05
1.662622908042976565e-05
1.646129376240423745e-05
1.634027357795275816e-05
1.633559531910577789e-05
1.640631680857041055e-05
1.649963669478893145e-05
1.662533941271249205e-05
1.675780495133949308e-05
1.688021384325111149e-05
1.698648356978082962e-05
1.702272056718356840e-05
1.673764845691039362e-05
1.644646163185825639e-05
1.620700932107865743e-05
1.617251737116020969e-05
1.619751046746387282e-05
1.619703825781470960e-05
1.629301650609704801e-05
1.636850993236294016e-05
1.640317250348743847e-05
1.635844500924577005e-05
1.628492682357318564e-05
1.630950000617303750e-05
1.626985149414394847e-05
1.618352725927252187e-05
1.592045864526880770e-05
1.582117693033069372e-05
1.582469658387708342e-05
1.585073678143089502e-05
1.585906775289913504e-05
1.591689360793680088e-05
1.603683604116667926e-05
1.618135802345932529e-05
1.635010930840508149e-05
1.659209428908070685e-05
1.688257543719373643e-05
1.668759214226156609e-05
1.610549170436570285e-05
1.578334085934329846e-05
1.572001983731752397e-05
1.566572454976267249e-05
1.571633183630183475e-05
1.578367582624196210e-05
1.584993169672088630e-05
1.588232544236234389e-05
1.602408192411530627e-05
1.611358602531254224e-05
1.601091298653045669e-05
1.567984400026034632e-05
1.547040847071912140e-05
1.542417476230184548e-05
1.544679034850560264e-05
1.551664117869222401e-05
1.561759254400385679e-05
1.568606021464802460e-05
1.572348064655670964e-05
1.576635559104033814e-05
1.588912673469167338e-05
1.596946467543603057e-05
1.587670958542730727e-05
1.569442501931916990e-05
1.552675212224130519e-05
1.534397579234791987e-05
1.514747582405107164e-05
1.510232359578367357e-05
1.514407285867491669e-05
1.527244812677963705e-05
1.547380406918819062e-05
1.570949680171906813e-05
1.571808725202572464e-05
1.587739598107873462e-05
1.602180591362411952e-05
1.609288392501184717e-05
1.597362552274717018e-05
1.557943687657825649e-05
1.535798819531919570e-05
1.514623854745877941e-05
1.513729330326896161e-05
1.519201205155695822e-05
1.526881715108174831e-05
1.533764216219424135e-05
1.535671990495757335e-05
1.531519401396508193e-05
1.518815224699210376e-05
1.511242944616242346e-05
1.507089637016179108e-05
1.492785713708144613e-05
1.483040659877588041e-05
1.478753483752370812e-05
1.483670748712029342e-05
1.484223821535124443e-05
1.480435685152770020e-05
1.485940010752528838e-05
1.501527567597804523e-05
1.519770967206568457e-05
1.539770328236045384e-05
1.559263055241899700e-05
1.585937598065356792e-05
1.599582983544678292e-05
1.566167984492494860e-05
1.506210319348610904e-05
1.160937245003879070e-04
1.766945028066402355e-04
4.864927541348151863e-05
3.708712974912486835e-05
3.419815548113547401e-05
3.204640397598268193e-05
3.063083204324357212e-05
3.007712202816037326e-05
2.971287613036111065e-05
2.928753565356601030e-05
2.899968494602944770e-05
2.875028858397854628e-05
2.849344982678303360e-05
2.828330470947548612e-05
2.808055851346580447e-05
2.788757064990932054e-05
2.772203151835128665e-05
2.755601544777164100e-05
2.740577710937941582e-05
2.727509727264987440e-05
2.714476049732184105e-05
2.703058107726974345e-05
2.691681092983344705e-05
2.681646546989213811e-05
2.671432757779257440e-05
2.663317536644171923e-05
2.654420768521958962e-05
2.645942458912031725e-05
2.637611432874109460e-05
2.630347244121367180e-05
2.624189492053119601e-05
2.616659749037353254e-05
2.610883875604486161e-05
2.604910332593135536e-05
2.599172439659014276e-05
2.593269709905143827e-05
2.587110357126220993e-05
2.581417702458566122e-05
2.576482711447170004e-05
2.571659115346847102e-05
2.567479077697498724e-05
2.563191865192493559e-05
2.558787600719369880e-05
2.553772246756125309e-05
2.548791762819746577e-05
2.545553197705885260e-05
2.541860721976263381e-05
2.536949959903722697e-05
2.533324095566058531e-05
2.530658293835585869e-05
2.525945183151634410e-05
2.522124323149910129e-05
2.519514364394126324e-05
2.515399082767544179e-05
2.511878847144544125e-05
2.509092300897464292e-05
2.504986441635992310e-05
2.501701910659903525e-05
2.498835692676948383e-05
2.495307144272373921e-05
2.491663253749720684e-05
2.492159837856888703e-05
2.490665410732617670e-05
2.480021885276073590e-05
2.478334899933542921e-05
2.477826674294192208e-05
2.473628974257735468e-05
2.470692234055604650e-05
2.471071420586668090e-05
2.465426568960538202e-05
2.462063039274653284e-05
2.461759468133095787e-05
2.458601356920553439e-05
2.455143330735154314e-05
2.453324214002350345e-05
2.450383435643743791e-05
2.447534970997367190e-05
2.444740839564474367e-05
2.442726363369729234e-05
2.439568270347081193e-05
2.436688810121268102e-05
2.434867910778848522e-05
2.432925666653318466e-05
2.430421536701032756e-05
2.428076440992299535e-05
2.426224382361397079e-05
2.423999794700648771e-05
2.421486788080073961e-05
2.419150659989100017e-05
2.417109226371394470e-05
2.414919345028465614e-05
2.412925277894828469e-05
2.411011046206113019e-05
2.408134987490484423e-05
2.406456424068892307e-05
2.404495662631234019e-05
2.401671408733818545e-05
2.399834611424012245e-05
2.398054548393702270e-05
2.395865794824203476e-05
2.393907616351498426e-05
2.392232090642210096e-05
2.389858382230158963e-05
2.388136381341610036e-05
2.386193773418199271e-05
2.384749241173267297e-05
2.382738384767435627e-05
2.380735641054343364e-05
2.379141769779380275e-05
2.377129294472979382e-05
2.375058229517890005e-05
2.373267889197449996e-05
2.371693553868681057e-05
2.369779667787952349e-05
2.367802699154708534e-05
2.365975942666409673e-05
2.364511874475283548e-05
2.362174818699713864e-05
2.360824018978746743e-05
2.359380741836503284e-05
2.357381599722430178e-05
2.355369215365499123e-05
2.354111438762629405e-05
2.352459123358130591e-05
2.350741342524997754e-05
2.349457372474716976e-05
2.347734553040936454e-05
2.345826305827358738e-05
2.344674048799788647e-05
2.343001997360261022e-05
2.340763567190151797e-05
2.339221318834461136e-05
2.338061858608853072e-05
2.336704237677622654e-05
2.335487715754425153e-05
2.333830361749278314e-05
2.331670420971931754e-05
2.330379320483189212e-05
2.328984828636748716e-05
2.327398669876856729e-05
2.325676632608519867e-05
2.324244451301638037e-05
2.322956188436364620e-05
2.321589181519811973e-05
2.319638151675462655e-05
2.318314254807774045e-05
2.316841364518040723e-05
2.315544588782358915e-05
2.314225439477013492e-05
2.312281285412609713e-05
2.310234121978282996e-05
2.309032824996393038e-05
2.307496724824886837e-05
2.305742182215908407e-05
2.303962010046234287e-05
2.302899865753715926e-05
2.301247714058263160e-05
2.299853840668219937e-05
2.297933297086274319e-05
2.296364673384232582e-05
2.295582326041767509e-05
2.294317255291389301e-05
2.292329354531830244e-05
2.290824231749866226e-05
2.289132662554038756e-05
2.287898805661825328e-05
2.286595390614820576e-05
2.285234277223935486e-05
2.283886879013152861e-05
2.282727909914683618e-05
2.281314464198658311e-05
2.279716845805523985e-05
2.278419051435775919e-05
2.277180574310477755e-05
2.276040722790639712e-05
2.274121943628415398e-05
2.272215224365936728e-05
2.271094672323670238e-05
2.269383330713026361e-05
2.267717263748636469e-05
2.265794446429936080e-05
2.264146423840429566e-05
2.263200858578784527e-05
2.261433164676418663e-05
2.259975772176403417e-05
2.258388067275518416e-05
2.256215684610651874e-05
2.254949795315042070e-05
2.254063383588800207e-05
2.252421727462206104e-05
2.250856341561302475e-05
2.249611679872032255e-05
2.248039290861924975e-05
2.246210151497507536e-05
2.244583192805293880e-05
2.242913778900401735e-05
2.241466627310728587e-05
2.240236117359018089e-05
2.238567649328615652e-05
2.236931413790443912e-05
2.235407373518683016e-05
2.234186704299645634e-05
2.232114657090278275e-05
2.230456393590429662e-05
2.228683306384482557e-05
2.227373042842373387e-05
2.225713042207644253e-05
2.224561594630358605e-05
2.223184274043887989e-05
2.220702408521901748e-05
2.219157095169066519e-05
2.217660567112034254e-05
2.216236698586726493e-05
2.214739524788456173e-05
2.212202507507754558e-05
2.210305192420492084e-05
2.208855357821448706e-05
2.207188645115820759e-05
2.205608707299688763e-05
2.203758976975222982e-05
2.202266887252335437e-05
2.201027800765587152e-05
2.199434784415643594e-05
2.197625217377208241e-05
2.195953020418528535e-05
2.193564396293368326e-05
2.192663914684089764e-05
2.190755039919167622e-05
2.189506603826885044e-05
2.187755590057349899e-05
2.185697285312926464e-05
2.184232507715932889e-05
2.182832477046758732e-05
2.181053960157441771e-05
2.179018938477384062e-05
2.178215172534692237e-05
2.176000216422835229e-05
2.174534183723153479e-05
2.173969514842610942e-05
2.171844389522448318e-05
2.169928866351256079e-05
2.168351566069759564e-05
2.166927079088054530e-05
2.165835921914549612e-05
2.163951648981310427e-05
2.161907978006638722e-05
2.160730537070776336e-05
2.159803098038537360e-05
2.158085053451941484e-05
2.155817928723990985e-05
2.154970197807415253e-05
2.153868863388197632e-05
2.151629560103174231e-05
2.150176223949529366e-05
2.149040119547862560e-05
2.146603483197395554e-05
2.144775671695242500e-05
2.144161207979777896e-05
2.143145502486731857e-05
2.139636162610258772e-05
2.138958443538285860e-05
2.137552510248496993e-05
2.135819213435752453e-05
2.134127516910666532e-05
2.133479401891236329e-05
2.131032797478837757e-05
2.129978684024536119e-05
2.128523483406752280e-05
2.126676708940067261e-05
2.126414001395460150e-05
2.125269147654762356e-05
2.122757932738750309e-05
2.121140696544898809e-05
2.120462322636740350e-05
2.118744387189508280e-05
2.118578950103255785e-05
2.118359598171082461e-05
2.115452170983189852e-05
2.113159516738960655e-05
2.112270094585255787e-05
2.112154597853077440e-05
2.109963379552937045e-05
2.107244545186404207e-05
2.105496259900974042e-05
2.104025697917677394e-05
2.104444683936890215e-05
2.102539365296252140e-05
2.099618059219210341e-05
2.096801872539799525e-05
2.096227326546795598e-05
2.096646276186220483e-05
2.095950503644417040e-05
2.093765097015420838e-05
2.091249825753038749e-05
2.089070248985081048e-05
2.088198380079120398e-05
2.089254849124699831e-05
2.088856072077760337e-05
2.086207532556727393e-05
2.082063911075238206e-05
2.079528558169840903e-05
2.079646592392237061e-05
2.080835747619858012e-05
2.081772254314273596e-05
2.081023721984820508e-05
2.078580127999884940e-05
2.073896193905966424e-05
2.070550945063587143e-05
2.071108028758317368e-05
2.072464576485799626e-05
2.072658999168197557e-05
2.071595308734686182e-05
2.068064441118622199e-05
2.064000800601206788e-05
2.062446674244711176e-05
2.062751773337368058e-05
2.066221150016645037e-05
2.066939341602846845e-05
2.062214371107984402e-05
2.055886980087961866e-05
2.052717281912919066e-05
2.053949647233821384e-05
2.056022485703579218e-05
2.057450492429779707e-05
2.056857792922528596e-05
2.053901835097349249e-05
2.049810391326900707e-05
2.045814271696144783e-05
2.043498006969457424e-05
2.045101318799424984e-05
2.047285488515626639e-05
2.047591351583832875e-05
2.044724806182784960e-05
2.040678882622160153e-05
2.039247810898814418e-05
2.038255570369074121e-05
2.037875046880799481e-05
2.035782290477072820e-05
2.034987510342034579e-05
2.032900338235777007e-05
2.031988042290322550e-05
2.031293170148274065e-05
2.030548221227945828e-05
2.028896706178784303e-05
2.027467617153888501e-05
2.026895426752162030e-05
2.026629681495251134e-05
2.026615475188009509e-05
2.026803294938872433e-05
2.022537582888617045e-05
2.017719880313961699e-05
2.013125467783538760e-05
2.012618069784366458e-05
2.013656358030857586e-05
2.015464360738405958e-05
2.016173948504729196e-05
2.014991350733907826e-05
2.012466511587263153e-05
2.010577445616945692e-05
2.008697929340996847e-05
2.007562898143078201e-05
2.005620590352919088e-05
2.003518529818393222e-05
2.001726543312543207e-05
2.000930553549551541e-05
1.998083953367313235e-05
1.996613918890943683e-05
1.995164930121973021e-05
1.995487709791632234e-05
1.995580405491637202e-05
1.996751816477626427e-05
1.996974351641256294e-05
1.996610171772772446e-05
1.994432250285171904e-05
1.990191130971652320e-05
1.987150426430162042e-05
1.983734082386945239e-05
1.982290768864913844e-05
1.980905299205915207e-05
1.981445002456894077e-05
1.981770510610658608e-05
1.980796751013258608e-05
1.977840565814403817e-05
1.976701023522764580e-05
1.977488818738493137e-05
1.977242500288411907e-05
1.976111980184214190e-05
1.975394297915045172e-05
1.973351390915922821e-05
1.971725578187033534e-05
1.972501504496903955e-05
1.973056851056753658e-05
1.972192267203354344e-05
1.968280012079049037e-05
1.963250560947926647e-05
1.960553645403706536e-05
1.959426663233898580e-05
1.960177905857563019e-05
1.961176567419897629e-05
1.960597783181583644e-05
1.958314251169212958e-05
1.956476025952724604e-05
1.956035957846324959e-05
1.954441158886766129e-05
1.952594802787643722e-05
1.951809372258139774e-05
1.953147857420845025e-05
1.956969863385893337e-05
1.961962043424137004e-05
1.962124124474939755e-05
1.958648344952962429e-05
1.952478905877797069e-05
1.944203777384245904e-05
1.940737074619392001e-05
1.938356153914355741e-05
1.937943980010459064e-05
1.940309912242810377e-05
1.942341623362153769e-05
1.943550596479326554e-05
1.945230978890322217e-05
1.943512643265421502e-05
1.940375514095648988e-05
1.936121170729165761e-05
1.933055427798535607e-05
1.928050014612381482e-05
1.923926693052635460e-05
1.921450611916952631e-05
1.920404220072668909e-05
1.921095408761175214e-05
1.925450806083972566e-05
1.931159267769544318e-05
1.936217468028189547e-05
1.940053680300479823e-05
1.938784062076592750e-05
1.932488357851980186e-05
1.921428693094639903e-05
1.913529267767444321e-05
1.908501462821732275e-05
1.904633172671310536e-05
1.902384610730223358e-05
1.903322809084784375e-05
1.903875800053356283e-05
1.907163696159841628e-05
1.910144846988259747e-05
1.913309188239509240e-05
1.917439885801286437e-05
1.918991292768623544e-05
1.918339203257346661e-05
1.914865470098447986e-05
1.909777547552948750e-05
1.906470424728468060e-05
1.902585891002672860e-05
1.900188144645653801e-05
1.894203587653464570e-05
1.892199561552843011e-05
1.891405718197347664e-05
1.890917992568574778e-05
1.890534449557890320e-05
1.890655003080610321e-05
1.893704875328694538e-05
1.897016445582266761e-05
1.897977090266067602e-05
1.901238920254400000e-05
1.901617597468430312e-05
1.901324658319936066e-05
1.898798218462616137e-05
1.894802753668045761e-05
1.889699960884172537e-05
1.883876493593561599e-05
1.882448505057254738e-05
1.875798661785665764e-05
1.872776356321992420e-05
1.869452516984893077e-05
1.869598590928944624e-05
1.868162189566646703e-05
1.868295130407204784e-05
1.869858660938916592e-05
1.872090961114736342e-05
1.875441521406173842e-05
1.879221081253490479e-05
1.888167917059036040e-05
1.896257817861623994e-05
1.905735725813428736e-05
1.921434031828539582e-05
1.936039607244311036e-05
1.927617904584622011e-05
1.929269055835902826e-05
1.928110286826267906e-05
1.929344089148799093e-05
1.929104155351524241e-05
1.926639379234984517e-05
1.907120076793944463e-05
1.878984794529969872e-05
1.864059440777055056e-05
1.862034905570908517e-05
1.864220266725169630e-05
1.863035786300315657e-05
1.861069449660135433e-05
1.858346622611861608e-05
1.857423203546204740e-05
1.854811525845434381e-05
1.851046617957763442e-05
1.848626943683484501e-05
1.847249459387967499e-05
1.845596107159508460e-05
1.843299578467849574e-05
1.839873693825211308e-05
1.836715346144046702e-05
1.832894067774759470e-05
1.831474401114974171e-05
1.831319232223904556e-05
1.832552034102263793e-05
1.833217193052405424e-05
1.833993637774256126e-05
1.836255751186399721e-05
1.840653385443147272e-05
1.846779578045243330e-05
1.898239597721840390e-05
1.857216393545968390e-05
1.846949571699951843e-05
1.830105502449441769e-05
1.822863750930991820e-05
1.818979426388978095e-05
1.815568921301746605e-05
1.817454340198310160e-05
1.817296088120201670e-05
1.820317074816557443e-05
1.823053689804510281e-05
1.826507541409228065e-05
1.831333393056411432e-05
1.836436404119012945e-05
1.838791031332220814e-05
1.841132852860027992e-05
1.843602340159122968e-05
1.843736636146786555e-05
1.837409299696446261e-05
1.832533343986142359e-05
1.828219164963229627e-05
1.829110660764854266e-05
1.826675679694744758e-05
1.820142106225830638e-05
1.815096220525447279e-05
1.809579753171419793e-05
1.802384458642336472e-05
1.799090123313362846e-05
1.800138643375248580e-05
1.804081302907434224e-05
1.810404901334550096e-05
1.819191174945444800e-05
1.822334488679189370e-05
1.827633004722883789e-05
1.833350879678619230e-05
1.859054546002880535e-05
1.881402740764315105e-05
1.872408556664595448e-05
1.846473405748838627e-05
1.820044508349383250e-05
1.783127618182334118e-05
1.765685447026044198e-05
1.766112673067254878e-05
1.771801789800519987e-05
1.779913891368778355e-05
1.785049889804213443e-05
1.787656356100342236e-05
1.788111694622784853e-05
1.784736305125988952e-05
1.780104685167316347e-05
1.773272088030353256e-05
1.767857102095149322e-05
1.762984429660718956e-05
1.757812260620994426e-05
1.754294544298318215e-05
1.752081434460706213e-05
1.750924047883017920e-05
1.749630773701937937e-05
1.747568439895985580e-05
1.747428232192760469e-05
1.748084869177546217e-05
1.749055800246423906e-05
1.750355950207449428e-05
1.751771005729096806e-05
1.755008734107832560e-05
1.759470897013670900e-05
1.760493078108993494e-05
1.763875152391847088e-05
1.769261907611507787e-05
1.774974516592919759e-05
1.785157137419446439e-05
1.795521102394559488e-05
1.801729758881265230e-05
1.801716089175897515e-05
1.793836454453412308e-05
1.788557437976123765e-05
1.774846050466294333e-05
1.765272900229319998e-05
1.755983057591947591e-05
1.742165295581799001e-05
1.737423181111807799e-05
1.739203389661270194e-05
1.742073172863456556e-05
1.742264093991252661e-05
1.741825062708812901e-05
1.740916723065311157e-05
1.739182998790056512e-05
1.739435365379904532e-05
1.741468713589711115e-05
1.747348969729500958e-05
1.747546866681659594e-05
1.751315312503720634e-05
1.750355222611688010e-05
1.750556912156753310e-05
1.749665661918697743e-05
1.755560351739404655e-05
1.763968766681500643e-05
1.771611205185763470e-05
1.771203387761488489e-05
1.761983639880781993e-05
1.738420605761348202e-05
1.714631216600537436e-05
1.703789039311232181e-05
1.702258632576558874e-05
1.704975538814324022e-05
1.710958640614990077e-05
1.714672953312401660e-05
1.713555257083498941e-05
1.712196553853573210e-05
1.717766062938608365e-05
1.725255060591734946e-05
1.737274842525948635e-05
1.745384397509042038e-05
1.748693102854304016e-05
1.752153166307834976e-05
1.750657984302961403e-05
1.745426779962144657e-05
1.734843926897155985e-05
1.721521584840957075e-05
1.710789420030778409e-05
1.703912203083746203e-05
1.697060788501403227e-05
1.694182928986265392e-05
1.696223052931600183e-05
1.698952082733740031e-05
1.705521117401076481e-05
1.705605554889188944e-05
1.697875386525993303e-05
1.693558651822968454e-05
1.689749606157420068e-05
1.689019618424936333e-05
1.686092509771697155e-05
1.688039028522325544e-05
1.682555011939257383e-05
1.689280697974027067e-05
1.706773664409411004e-05
1.692796040515531854e-05
1.681110752542735941e-05
1.669777993811294369e-05
1.664515757511253536e-05
1.660637108216178739e-05
1.658974888414377414e-05
1.659193212617538006e-05
1.659412255321512862e-05
1.659521585679613122e-05
1.660645657466375405e-05
1.660387379160965861e-05
1.658249848333070850e-05
1.658574747125385261e-05
1.657868951951968348e-05
1.656004542383016087e-05
1.651654238230548664e-05
1.647955568842007914e-05
1.646327127673430301e-05
1.644696412768098593e-05
1.644648582441732152e-05
1.645809979891055399e-05
1.646447863095090657e-05
1.646854279897525043e-05
1.647786220928537795e-05
1.647653834879747592e-05
1.648239704081788591e-05
1.648934212425956367e-05
1.650447857173276269e-05
1.650982849241699888e-05
1.651181328270467862e-05
1.650039775995537571e-05
1.651212296565063230e-05
1.648422612561262280e-05
1.644452604523394392e-05
1.641082590140285766e-05
1.637985642446437986e-05
1.635805856494698809e-05
1.634467025724006817e-05
1.634797345104743591e-05
1.635565040487563305e-05
1.636577007957384922e-05
1.637058003325364688e-05
1.636714196138200215e-05
1.635504968362511203e-05
1.634754225960932740e-05
1.636250299270614118e-05
1.634824338907492279e-05
1.634906466279062375e-05
1.636352753848768838e-05
1.636933202462387136e-05
1.635838571019121513e-05
1.635279004403855719e-05
1.635717271710746126e-05
1.636440665606642006e-05
1.638226140130427530e-05
1.638521134736947580e-05
1.638566236579208703e-05
1.637228206163854338e-05
1.633881338420906172e-05
1.631467330298619345e-05
1.627889023438911089e-05
1.626080975256627290e-05
1.625333197807776742e-05
1.624763490326586179e-05
1.626031144041917287e-05
1.624836258997675167e-05
1.625172690182807788e-05
1.626611174287972972e-05
1.627621604711748727e-05
1.626564926482387818e-05
1.625101904210168733e-05
1.622953550395322964e-05
1.620538305360241929e-05
1.619800050320918536e-05
1.619322101760190048e-05
1.620349657969199917e-05
1.620500261196866699e-05
1.621395476831821793e-05
1.618342339497758008e-05
1.618773821974173053e-05
1.617731732039828785e-05
1.617279094716650366e-05
1.618766673345817321e-05
1.623230182303814353e-05
1.621327337488765033e-05
1.622124855202855407e-05
1.622255649635917507e-05
1.624015612833318301e-05
1.628426880415645292e-05
1.634322188692749478e-05
1.636221013541217030e-05
1.633578167457016981e-05
1.628816235097474283e-05
1.620143275431473672e-05
1.614429847904830104e-05
1.609796781849581816e-05
1.609571827430045097e-05
1.611858042451786013e-05
1.616802146600093828e-05
1.621385436010314016e-05
1.623377575015183470e-05
1.618488786334637417e-05
1.616236877453047647e-05
1.609838600415969403e-05
1.603210839675739543e-05
1.600139839865733074e-05
1.596538504600175656e-05
1.595876219653291763e-05
1.594655695953406461e-05
1.595167159393895282e-05
1.595953590367571519e-05
1.595165394974173978e-05
1.595953790456405841e-05
1.595769799678237177e-05
1.596682168383267844e-05
1.597909067641012371e-05
1.599216448084916987e-05
1.601813246452365866e-05
1.604658937139902399e-05
1.605903453310020200e-05
1.605805973667884110e-05
1.603786104169557735e-05
1.602724232725449906e-05
1.600312743903486922e-05
1.595006979187019102e-05
1.593916176716447740e-05
1.592154931131517650e-05
1.589320472703548013e-05
1.587420501891756430e-05
1.586647467775037377e-05
1.585067420819541575e-05
1.585351119501865333e-05
1.586810521985171295e-05
1.589718040122534081e-05
1.589221164977061562e-05
1.592639973750919967e-05
1.599852730578277328e-05
1.600021651029237682e-05
1.602109732630197027e-05
1.598507969902129844e-05
1.594164550624555112e-05
1.587295546414679983e-05
1.581799406267236783e-05
1.578472301844158210e-05
1.578752599016297473e-05
1.580067764734849402e-05
1.583134180691558732e-05
1.582199329277500646e-05
1.584168740009772591e-05
1.583299208505195430e-05
1.582498198331450044e-05
1.578817646077368544e-05
1.578307001182110980e-05
1.580762318553752266e-05
1.585519576110527986e-05
1.594598770680022290e-05
1.605586157893412746e-05
1.615204073459608616e-05
1.625721297386917218e-05
1.630624446988804130e-05
1.627986221137689494e-05
1.626469884286052547e-05
1.630235756238107502e-05
1.630251908864011124e-05
1.630598289921181344e-05
1.616578438188298470e-05
1.602619968252838454e-05
1.593220204085809974e-05
1.583541961736045778e-05
1.580348289280664108e-05
1.577862776684923961e-05
1.570093691043439253e-05
1.566134287713794173e-05
1.561409699206706069e-05
1.558827334520174258e-05
1.558511585244559818e-05
1.557450377731584013e-05
1.557276855237432891e-05
1.557558098284061863e-05
1.557165396661730619e-05
1.556342658659559675e-05
1.557294435770017891e-05
1.558298990858020396e-05
1.560346763653797233e-05
1.561223944008816101e-05
1.562769157317234339e-05
1.561835751999751597e-05
1.560066175443353131e-05
1.558059893795871108e-05
1.556355682623688995e-05
1.555296603328315541e-05
1.554304963065078550e-05
1.554492046125233241e-05
1.560053460707422278e-05
1.563118339618085748e-05
1.568540774314897067e-05
1.569656051287893274e-05
1.569100995766348070e-05
1.567340832480112954e-05
1.567011177030508542e-05
1.587379738339223035e-05
1.574327279740828089e-05
1.569584683238645220e-05
1.569207606735290164e-05
1.573921881572459960e-05
1.574151892782538333e-05
1.573444642417598584e-05
1.570391077621025033e-05
1.565881839269422790e-05
1.561475710332160816e-05
1.560821947350632467e-05
1.558515705255558579e-05
1.557181340103852427e-05
1.556515726406359910e-05
1.553778420202433927e-05
1.552358689878019572e-05
1.551892828501877510e-05
1.548547097627306222e-05
1.543019889140851000e-05
1.540068824397167259e-05
1.537008274681284025e-05
1.537222387923975340e-05
1.537399293738417327e-05
1.538750475447159125e-05
1.541165966045809910e-05
1.540860112072550827e-05
1.541279116281657615e-05
1.541875008115312085e-05
1.540295252198120444e-05
1.537060579721583121e-05
1.535314895591000163e-05
1.534259963591466590e-05
1.536887211841531233e-05
1.543469579701195471e-05
1.544700826343614540e-05
1.551485875097569214e-05
1.552324356453027644e-05
1.551528566778870299e-05
1.559484544486622191e-05
1.553279917061445371e-05
1.546321473142597689e-05
1.546469147797324830e-05
1.550741690152790330e-05
1.551608138470328277e-05
1.555480412207543850e-05
1.554579503135755523e-05
1.545449531477061168e-05
1.544709930385579423e-05
1.547894853501929766e-05
1.548729205751442283e-05
1.552714993522385931e-05
1.558284011480281925e-05
1.563716177770402215e-05
1.574759689901838875e-05
1.581637170602334799e-05
1.580905700393486768e-05
1.563606347190216319e-05
1.543465723443660089e-05
1.533627082608291083e-05
1.526736550658824718e-05
1.525602929177693989e-05
1.529677419966901788e-05
1.533225631646928513e-05
1.533159329483169267e-05
1.529618439235491814e-05
1.523413839095155776e-05
1.517018081358401037e-05
1.514225796199752881e-05
1.510803849669173360e-05
1.508642326371045851e-05
1.509586963948095150e-05
1.511310974819934961e-05
1.514282503194408423e-05
1.517367591077345390e-05
1.520318446637247655e-05
1.517819573564338430e-05
1.516484426247188788e-05
1.515563653811113875e-05
1.510609990873490460e-05
1.507828064859495532e-05
1.506491626059869270e-05
1.505762911619967849e-05
1.506937633166671731e-05
1.505301579527440515e-05
1.504932706666295383e-05
1.505304126112605479e-05
1.504589272371958941e-05
1.503803014202276245e-05
1.501401839050231569e-05
1.500999705967842669e-05
1.500342041254043511e-05
1.501494198237196610e-05
1.503369303463841856e-05
1.503690382378408651e-05
1.506588951087905958e-05
1.509139474364928901e-05
1.512705748609732803e-05
1.513314009571331553e-05
1.515186368123977513e-05
1.518078015578794361e-05
1.514043478891835514e-05
1.512149901827797294e-05
1.512454728072043474e-05
1.523603168607223779e-05
1.527606691524851999e-05
1.532346823296393268e-05
1.530293438918306560e-05
1.529774181108223274e-05
1.524997496744617888e-05
1.518813360235071741e-05
1.519562083558412337e-05
1.520452951808692887e-05
1.524602193967439268e-05
1.530476556581561386e-05
1.530356321381987005e-05
1.531442367195268026e-05
1.538020287625840730e-05
1.538528622404555926e-05
1.523235760032548637e-05
1.512199405624414862e-05
1.508903105786885101e-05
1.498158426329609904e-05
1.494564539825660210e-05
1.495291953688138198e-05
1.488533216615906053e-05
1.484774211348849315e-05
1.483369760535424575e-05
1.485231550759635832e-05
1.485029961258987862e-05
1.486484006818500347e-05
1.485433922425727292e-05
1.487003100919537246e-05
1.490103013566113111e-05
1.488381312810815837e-05
1.484683671151287820e-05
1.483233982071396861e-05
1.478295644119498320e-05
1.478446629334939610e-05
1.476002289564348825e-05
1.476904526498401538e-05
1.481462795709376156e-05
1.485874436184531010e-05
1.488322513978346217e-05
1.495026654083631035e-05
1.495523365520057336e-05
1.489314909122185748e-05
1.481068657085415873e-05
1.477506984883802909e-05
1.475312037655385245e-05
1.474141317885368995e-05
1.476217867093509961e-05
1.478062149544712088e-05
1.481960944147431326e-05
1.489553042119951021e-05
1.498206747783115168e-05
1.515042476967209882e-05
1.532907308501307988e-05
1.544954375276574865e-05
1.542398595120175606e-05
1.518618082627654110e-05
1.489485530328238349e-05
1.479885040680528585e-05
1.476732923038070954e-05
1.478465655964100801e-05
1.476308107157819972e-05
1.469496764912037247e-05
1.461549509258475222e-05
1.456981090086628683e-05
1.458729011574177969e-05
1.460247603972675211e-05
1.464052484152489410e-05
1.467247711843810908e-05
1.472016256229835596e-05
1.473084776080213521e-05
1.468518794354167801e-05
1.463998733015614629e-05
1.462974587411736070e-05
1.464925153413787518e-05
1.467196243538637713e-05
1.471991608923417550e-05
1.467555421186261810e-05
1.463519311073468998e-05
1.462948739572311752e-05
1.463771686758264002e-05
1.464392662455793436e-05
1.465660188841866262e-05
1.462041118429624442e-05
1.460339080949779600e-05
1.462018726670066860e-05
1.461636793465004303e-05
1.462274822188191979e-05
1.463359130866592818e-05
1.468884429414174486e-05
1.472992325943778303e-05
1.478856311223353225e-05
1.487382824052474428e-05
1.492085420977673426e-05
1.497843741162796471e-05
1.493474564995267428e-05
1.491432676630210995e-05
1.474441987738828141e-05
1.460119974581175518e-05
1.454642388125648654e-05
1.452895485272165456e-05
1.455801520933164284e-05
1.457538355680298924e-05
1.465970872231991894e-05
1.469097951485309818e-05
1.472642679800628684e-05
1.473471884310129031e-05
1.480686205468373373e-05
1.490843815190601129e-05
1.491211314714746617e-05
1.480307300880667787e-05
1.457289909012615681e-05
1.447813110644347034e-05
1.445961925128358416e-05
1.448116508981911499e-05
1.450663085051928715e-05
1.456051722925622016e-05
1.459032837374252199e-05
1.453948225389467620e-05
1.443070323148276657e-05
1.439238703824230504e-05
1.435968488294747658e-05
1.434690266250982017e-05
1.435756839782698114e-05
1.436814463886548731e-05
1.441917293050210059e-05
1.450077124900417369e-05
1.447948743589222499e-05
1.446468568246928010e-05
1.439293364455807057e-05
1.433744328096508946e-05
1.430763513781130246e-05
1.428494670108193532e-05
1.426999860996147652e-05
1.426252392775495571e-05
1.426840562999132123e-05
1.429700005246559226e-05
1.431460677849827300e-05
1.435937392670894008e-05
1.442291877538082224e-05
1.447214626750792343e-05
1.451378338970243897e-05
1.453781560485367731e-05
1.449277269784943167e-05
1.445338084522518397e-05
1.439369871150120128e-05
1.431985465387697264e-05
1.431028267688816346e-05
1.441587291992618736e-05
1.442357106498093310e-05
1.443822220608126304e-05
1.441531476302770830e-05
1.438028366465005058e-05
1.435843123545055244e-05
1.435583480997593210e-05
1.438339622836792875e-05
1.449022365704877336e-05
1.458568285670480725e-05
1.465898376409313608e-05
1.479085449318517931e-05
1.487457302573602647e-05
1.487596045990358107e-05
1.478635977036901750e-05
1.467175952711841024e-05
1.461862484575249255e-05
1.451072694180766121e-05
1.441216345483553664e-05
1.443114333596895483e-05
1.443591490897233666e-05
1.438725239495397613e-05
1.432055432815104723e-05
1.433181005268124931e-05
1.432367480447283015e-05
1.432793196727288955e-05
1.426491198799340021e-05
1.421427277819020606e-05
1.412727788192569346e-05
1.411359799021738547e-05
1.410673139616846971e-05
1.413800282534793951e-05
1.414376829416141778e-05
1.419068094037356719e-05
1.417953917552949793e-05
1.419871896359836649e-05
1.422105278834351372e-05
1.419426389475120164e-05
1.420172629877924851e-05
1.428051236871397157e-05
1.431219761798274636e-05
1.429928670404478908e-05
1.437038008589297533e-05
1.447371087124338407e-05
1.456150994272320531e-05
1.460092016714042984e-05
1.455444844395970062e-05
1.437333430658327348e-05
1.427533024980220910e-05
1.420836415491066839e-05
1.416602026438340545e-05
1.415996412106323919e-05
1.418024166923714768e-05
1.430586280548595823e-05
1.450110403311555274e-05
1.436413449482643079e-05
1.419278114553890225e-05
1.409921660524560105e-05
1.404924814778496444e-05
1.401571735186735100e-05
1.401372255713795346e-05
1.405190678269718808e-05
1.403277574354433421e-05
1.403376945745549097e-05
1.402144698658958077e-05
1.400428982378798537e-05
1.400484079567832009e-05
1.402528814651304890e-05
1.407960999131319147e-05
1.414702837791992284e-05
1.421771166860708103e-05
1.421675005985889584e-05
1.421300103174871799e-05
1.426734497727011263e-05
1.426395419912296347e-05
1.432063718311837840e-05
1.440047972209868055e-05
1.444535937480395626e-05
1.455408719266415540e-05
1.464708238927414675e-05
1.474532818974694305e-05
1.461469710193341632e-05
1.438836625311523676e-05
1.430052589057595469e-05
1.419180080119986087e-05
1.415162223565857790e-05
1.420109838363714584e-05
1.412876126778428511e-05
1.403826336172642254e-05
1.395634217260521837e-05
1.390709330735262551e-05
1.389893623127136379e-05
1.392020094499457695e-05
1.392755193592165665e-05
1.395228027831763063e-05
1.398144268023315885e-05
1.396678890159819343e-05
1.397995602019363947e-05
1.397715304847224683e-05
1.398031599819660187e-05
1.396110128553118489e-05
1.400219271090463667e-05
1.399689081154065139e-05
1.407325153195415556e-05
1.400913024554029073e-05
1.401997869834303822e-05
1.406703240718343227e-05
1.408007974532665719e-05
1.408011667081154883e-05
1.404155855198041570e-05
1.400807850586716018e-05
1.402488705934956704e-05
1.403077967552235384e-05
1.411717639712151106e-05
1.412708088537328809e-05
1.403157211825600757e-05
1.396031375406892107e-05
1.396268480675644309e-05
1.396840061715920490e-05
1.398261865688255125e-05
1.399749698975938305e-05
1.397449450450949303e-05
1.400254477630369433e-05
1.400284627379733206e-05
1.404724962412728996e-05
1.416083714502747137e-05
1.416170898664859056e-05
1.412991969118593261e-05
1.414091748301871053e-05
1.419070549673051506e-05
1.418440460838610374e-05
1.408563348377356373e-05
1.398516587869380601e-05
1.390746192555525306e-05
1.385840696457307752e-05
1.383977978548500755e-05
1.383136841468513046e-05
1.385561854476691156e-05
1.390968282066751271e-05
1.390544366586254910e-05
1.389307699355413138e-05
1.385710866088629666e-05
1.383876060572219945e-05
1.382331256536417675e-05
1.383418712066486444e-05
1.382779801133437946e-05
1.386434851156082038e-05
1.385606556141283295e-05
1.381305373797658763e-05
1.382281134283403002e-05
1.386212506986339509e-05
1.390102697769180008e-05
1.392314807162620059e-05
1.387811907989089445e-05
1.386993681080639430e-05
1.381075344397686422e-05
1.386304911648039638e-05
1.387273805448785492e-05
1.387813845212804120e-05
1.382004502374911613e-05
1.374431985823321156e-05
1.373014420096296749e-05
1.374196790493442677e-05
1.376125601382227615e-05
1.379656105200410888e-05
1.381209840474184670e-05
1.386266749250353280e-05
1.387094980600522797e-05
1.384619445161661201e-05
1.377497319481335513e-05
1.376112895741243914e-05
1.378839324388536557e-05
1.379360619466751848e-05
1.390214329148875482e-05
1.404634413120220348e-05
1.417442508682142875e-05
1.420134185536880977e-05
1.404861450282623991e-05
1.385617460982757587e-05
1.374852245135116459e-05
1.370215195493074168e-05
1.370278441754635491e-05
1.373674349451903186e-05
1.369675410387571935e-05
1.372267261103843305e-05
1.377995713482960093e-05
1.374094717903062633e-05
1.372186561638955095e-05
1.370066984236473285e-05
1.369019455523812178e-05
1.369642895951983553e-05
1.375138190269353867e-05
1.377663556922925636e-05
1.379031164105981588e-05
1.382088139507686787e-05
1.388470536767272279e-05
1.390509769407799434e-05
1.380783487547887489e-05
1.369923502352321453e-05
1.366634123769472319e-05
1.366165015497244827e-05
1.364229447062825818e-05
1.366203614452388104e-05
1.373241029796190628e-05
1.378845736326184056e-05
1.379546110911178436e-05
1.368325874864240143e-05
1.360934447802719660e-05
1.355937538392026943e-05
1.352653353023924899e-05
1.353037350781960413e-05
1.358029094262747162e-05
1.368370740237878669e-05
1.380647163387038711e-05
1.386490075674373623e-05
1.394822165821096894e-05
1.390320558130042560e-05
1.378954420943045921e-05
1.376724558213027160e-05
1.369395986330346170e-05
1.359849748041597161e-05
1.356148368358844891e-05
1.355615777356433648e-05
1.354222868030774441e-05
1.381001848130836185e-05
1.405211432938813198e-05
1.380530202368390713e-05
1.370140907965833287e-05
1.358864892608835362e-05
1.351873797830194201e-05
1.347461502518854138e-05
1.344663251074962386e-05
1.344137908745324205e-05
1.341902770946035162e-05
1.344008724117884345e-05
1.343332432952593148e-05
1.347017278021667119e-05
1.347723582512116991e-05
1.353762199869379469e-05
1.357840374112129279e-05
1.356719731120392612e-05
1.355915792373707586e-05
1.352846375084482066e-05
1.351605733361793614e-05
1.351569635517080382e-05
1.352547151327598772e-05
1.355912618237198364e-05
1.354743499177857370e-05
1.351152668576105430e-05
1.345053124168771319e-05
1.339106429441017133e-05
1.344401998721878112e-05
1.343156054645078257e-05
1.342502973784576238e-05
1.349380654573906145e-05
1.349663425571634502e-05
1.351391711068572477e-05
1.352900835627224296e-05
1.342860614386154305e-05
1.334145035798428648e-05
1.333169284407631562e-05
1.329378292211913538e-05
1.331884432147489793e-05
1.333038580924039639e-05
1.349802196273230914e-05
1.358035251541878097e-05
1.349863559880759635e-05
1.344673546554986387e-05
1.343407730018952794e-05
1.340690560027724098e-05
1.343832518614362993e-05
1.353188126813620397e-05
1.364988447676296278e-05
1.383661774525535259e-05
1.408188554705702734e-05
1.428548721378319965e-05
1.406374640282592668e-05
1.357837882096646387e-05
1.342841278528794646e-05
1.336005925622885115e-05
1.337384674116037786e-05
1.340550870736478760e-05
1.337014964519767091e-05
1.332542688032845103e-05
1.333530344709288261e-05
1.338470883638365194e-05
1.339190930593758821e-05
1.342281602774164707e-05
1.344075708402669921e-05
1.350244019704405218e-05
1.350097973045194454e-05
1.345743812635191648e-05
1.345952532574301552e-05
1.345088185189524665e-05
1.346758999716257744e-05
1.350113325315760449e-05
1.354868845737655647e-05
1.349618860331247628e-05
1.342481536994455348e-05
1.334587159362854436e-05
1.336996183454175480e-05
1.337240692009800148e-05
1.334775406576227464e-05
1.337450521532446146e-05
1.334837243121000870e-05
1.338061547357938320e-05
1.348766199953388355e-05
1.347081006315420449e-05
1.346969111182261258e-05
1.343032117802067728e-05
1.338599922746652805e-05
1.334481685262289897e-05
1.329674587395857021e-05
1.326804895143141005e-05
1.327244599451660111e-05
1.329096658082562567e-05
1.330313634753110785e-05
1.336908117082202739e-05
1.343661024293396554e-05
1.355466338281985372e-05
1.367789818687015179e-05
1.371448342979419976e-05
1.357093888145755011e-05
1.343447156614274650e-05
1.332132696916232851e-05
1.328250918959383921e-05
1.327898780800751410e-05
1.330495360889472000e-05
1.336373052254202742e-05
1.339944574283435975e-05
1.340580056421458687e-05
1.344463171335519325e-05
1.345405171377933652e-05
1.342781579296570237e-05
1.330835666522034478e-05
1.326290430370136164e-05
1.320144629062269747e-05
1.318522799920174293e-05
1.318786353294854120e-05
1.325311259279260446e-05
1.344476413578377105e-05
1.351196624455042183e-05
1.344142519883462296e-05
1.328880889559513923e-05
1.325092589468113113e-05
1.339838918283930912e-05
1.339618575002532452e-05
1.329239630649681271e-05
1.327761137872585062e-05
1.325399543929961476e-05
1.323486876572133008e-05
1.326974861513008397e-05
1.325096836808370494e-05
1.324361282968311638e-05
1.326414449067669887e-05
1.329894339505699497e-05
1.330110781054827317e-05
1.324584436588338610e-05
1.320425990343210355e-05
1.317451142313075252e-05
1.310303414356894825e-05
1.308138607782893780e-05
1.309884064539801295e-05
1.312139393121469698e-05
1.320802221016492695e-05
1.323811466136248782e-05
1.329545766566298038e-05
1.333906466243206456e-05
1.332056153842131675e-05
1.320502497037523426e-05
1.315674526267685030e-05
1.312635458816657774e-05
1.308170503762085059e-05
1.308917235292028568e-05
1.345178106930688887e-05
1.452681672162725624e-05
1.403499190928414532e-05
1.373212999169481884e-05
1.366985370623297024e-05
1.366689275528187864e-05
1.355206049993284944e-05
1.353086836388683844e-05
1.340993512712884660e-05
1.322565012742415968e-05
1.316006801062030785e-05
1.310938459937460788e-05
1.311428995904862017e-05
1.311571686528623036e-05
1.320363198828999918e-05
1.319957946179783869e-05
1.317588676101877286e-05
1.317527412538765896e-05
1.316760053668986109e-05
1.313254178967326913e-05
1.309236004090052995e-05
1.302733571719727445e-05
1.302979226238676313e-05
1.342968271274003268e-05
1.364262489005341127e-05
1.359117941319709711e-05
1.349063832094543546e-05
1.346067829217645407e-05
1.344070587947499041e-05
1.338752099400153384e-05
1.325290686509106240e-05
1.313706879955134388e-05
1.310660982198896852e-05
1.310283851125859723e-05
1.310138923145132207e-05
1.311709957008133642e-05
1.314907840423984419e-05
1.313566262979293310e-05
1.317481719524948790e-05
1.325218481724732623e-05
1.331329985987395048e-05
1.336450959570356577e-05
1.337716230409569107e-05
1.331304038103553399e-05
1.329111355516943183e-05
1.320758465226390433e-05
1.314365299549535916e-05
1.314228447881760042e-05
1.312935683017713018e-05
1.310580046265386045e-05
1.314328937951358967e-05
1.315999534199363586e-05
1.321302843280136619e-05
1.325740495303762179e-05
1.325669154539355077e-05
1.322282732871826772e-05
1.315461777267046205e-05
1.309659101025317762e-05
1.307718666794244268e-05
1.301649144807015478e-05
1.306850263063097339e-05
1.303868730246904374e-05
1.305517189393867806e-05
1.305323958149528994e-05
1.300510648434283280e-05
1.294775001952075332e-05
1.288387784370570444e-05
1.285940188608947244e-05
1.289227120651048574e-05
1.291316666538477909e-05
1.295275696975295466e-05
1.297840053666732342e-05
1.299480582019896213e-05
1.301241809414932504e-05
1.304513043578481268e-05
1.300663943766267107e-05
1.296603386435890570e-05
1.290836216867319376e-05
1.286378064833115820e-05
1.284932568523800001e-05
1.297529179282719202e-05
1.979161124836536988e-05
2.455050962453242459e-05
2.128449741576332463e-05
1.863301758930901997e-05
1.772641471688985029e-05
1.698600372037617625e-05
1.650240337767172469e-05
1.627787160032312521e-05
1.594648547325050391e-05
1.569030264363391257e-05
1.552990852360380813e-05
1.538437454655650004e-05
1.527775693830335377e-05
1.518061753813526593e-05
1.503701196270412765e-05
1.492914398113498498e-05
1.483883133914787288e-05
1.476399929742910933e-05
1.469311810069484568e-05
1.462119316784082946e-05
1.455309202356147614e-05
1.449240753572666984e-05
1.444406780137796886e-05
1.442347320335102268e-05
1.434961195627693019e-05
1.430538814020110260e-05
1.428811538062291220e-05
1.424068605047068593e-05
1.423543099008384195e-05
1.422437935616471805e-05
1.421358383595361307e-05
1.414425669281626984e-05
1.408690814059809849e-05
1.403746564392349615e-05
1.398711365254712257e-05
1.395477611367823522e-05
1.393956927131512202e-05
1.393037855450529537e-05
1.395143553963862326e-05
1.391697842336725410e-05
1.387870270264102146e-05
1.384994066029321470e-05
1.385703153573558734e-05
1.388476393913151730e-05
1.384700035487185266e-05
1.380329495077603564e-05
1.376936479573487236e-05
1.373323884763522141e-05
1.373482509734458324e-05
1.371268826915183968e-05
1.369309466099366613e-05
1.371337148157181252e-05
1.373515751765808124e-05
1.370351292280247503e-05
1.370102791042882018e-05
1.367906079394742880e-05
1.366970209346618537e-05
1.368327702948590673e-05
1.363578539894660901e-05
1.355781778329401345e-05
1.351275877823354710e-05
1.347855077256099389e-05
1.345211076113628156e-05
1.344320698990486596e-05
1.341940815109410391e-05
1.341827801297767951e-05
1.343804078715038452e-05
1.339214259132859297e-05
1.371104435747838511e-05
1.393623524563736215e-05
1.362678267469163984e-05
1.350514148725778762e-05
1.343504309261334095e-05
1.335805372946197201e-05
1.329993719991762157e-05
1.325565945080597817e-05
1.323581809629104134e-05
1.321438903687521849e-05
1.319190969297778759e-05
1.318222857662476565e-05
1.317150909017073024e-05
1.316581556238816187e-05
1.316815232712542604e-05
1.316022362516378086e-05
1.317592750638141297e-05
1.318528893534676172e-05
1.319567390964948606e-05
1.317624819421325776e-05
1.318584700129576925e-05
1.317273899985593676e-05
1.319964349022484384e-05
1.322600382991367951e-05
1.335416754955076613e-05
1.340350218015373684e-05
1.318573731623473577e-05
1.320826568189659088e-05
1.318955837632529505e-05
1.320122619290486842e-05
1.318105778409517438e-05
1.317970618401886828e-05
1.320230494457064264e-05
1.321980780630838160e-05
1.322695852650212988e-05
1.323272499575978145e-05
1.324289059994043715e-05
1.326239671470830251e-05
1.328769822066533311e-05
1.332905076196766526e-05
1.336233453912427581e-05
1.338673910140642033e-05
1.344381662420346334e-05
1.351873897874611362e-05
1.356536922685336254e-05
1.370274339933530360e-05
1.384391807732754421e-05
1.405973762302892283e-05
1.434898995285038904e-05
1.486884884798200733e-05
1.559289694341714494e-05
1.680250343270017630e-05
1.851860051829135181e-05
1.874694180514779873e-05
1.590892261447151987e-05
1.416366712874150767e-05
1.379306731905671802e-05
1.426200897185481086e-05
1.477205059927655418e-05
1.476378029110492173e-05
1.436938209735671922e-05
1.401985837219399468e-05
1.392100020893849399e-05
1.396740572090493515e-05
1.405883640472893569e-05
1.407786994604975849e-05
1.405580233040382120e-05
1.397514042764669318e-05
1.389906838085153208e-05
1.381248839606996592e-05
1.378170736643369310e-05
1.379576824547257241e-05
1.383230237479438142e-05
1.383987355438876000e-05
1.379808145429706201e-05
1.373878749291179668e-05
1.368309331155614860e-05
1.368037928841658834e-05
1.370058698739739998e-05
1.369812734992592663e-05
1.366690075883525491e-05
1.361423192065558464e-05
1.359770085400668836e-05
1.361665235890541192e-05
1.362302418783656321e-05
1.362620905638323233e-05
1.361938302579801530e-05
1.359032976324669983e-05
1.351989994873292676e-05
1.350760658169747330e-05
1.352802000837982700e-05
1.355106232949765365e-05
1.356005959678441218e-05
1.354798432657844455e-05
1.349909125565318458e-05
1.345904820482246578e-05
1.342971136182313853e-05
1.343868289040983621e-05
1.347351499134674702e-05
1.351132505078567192e-05
1.351980063191149384e-05
1.348290279565844719e-05
1.341511569989961504e-05
1.336047462245915017e-05
1.335920596829964847e-05
1.337950843662838418e-05
1.342439372820081189e-05
1.343498161077150144e-05
1.343753519904566861e-05
1.341259785476722822e-05
1.335855849902145598e-05
1.332165911662741530e-05
1.330652476099203273e-05
1.332055535385734402e-05
1.334500002485583469e-05
1.337062985840020701e-05
1.339289156021550298e-05
1.336839477517060004e-05
1.331729190496844307e-05
1.327278287135413814e-05
1.326598712694249082e-05
1.326006877206964486e-05
1.329730175712029484e-05
1.331112680418300375e-05
1.333389036517473869e-05
1.333738264293060706e-05
1.332808060396928306e-05
1.327670424871030196e-05
1.323820461038849350e-05
1.319467410212382640e-05
1.319638531640521217e-05
1.321553054367541336e-05
1.325978319073328816e-05
1.328827065663062933e-05
1.330268441961379654e-05
1.328905418631620671e-05
1.326991141468170133e-05
1.321098643529694460e-05
1.317870082857552984e-05
1.316702910116873648e-05
1.318905078733223423e-05
1.320945430052233826e-05
1.324204040429322083e-05
1.325308512605260990e-05
1.324232480328646455e-05
1.321902636846061728e-05
1.318412987529882196e-05
1.313788761763134903e-05
1.311846581302233904e-05
1.310335383095662143e-05
1.312628810410387848e-05
1.315481631536385976e-05
1.318655477007268996e-05
1.322708212683210116e-05
1.323505075561115450e-05
1.322957214142661576e-05
1.321808531429269351e-05
1.314202854700852118e-05
1.311190990236355026e-05
1.309187764491070925e-05
1.310852640017401359e-05
1.310640118390438147e-05
1.315171593887498568e-05
1.317867408943129737e-05
1.319460898230317980e-05
1.319220482400851290e-05
1.315922727371798862e-05
1.309334675170248374e-05
1.305022415181156180e-05
1.301823331232299131e-05
1.303921544604236260e-05
1.304372899539885043e-05
1.307618522332631915e-05
1.310747920797439360e-05
1.314562123297946561e-05
1.314795381404110197e-05
1.313794236921239678e-05
1.309071376454085112e-05
1.305490523009211722e-05
1.301063830396742526e-05
1.299907080465345643e-05
1.301363608945393867e-05
1.304373327002394978e-05
1.307100264966720749e-05
1.309439585384097882e-05
1.311586420342791758e-05
1.313561579081579179e-05
1.309016233790316551e-05
1.306899775954661891e-05
1.302533792113536038e-05
1.298665065405657549e-05
1.296331711273524013e-05
1.298369934374932234e-05
1.299800196647993357e-05
1.304137595070642419e-05
1.310107745666755363e-05
1.315675963269313730e-05
1.311839514528401196e-05
1.307537622778909213e-05
1.304016614085412652e-05
1.297785356655367684e-05
1.294374196731951155e-05
1.293023542530136115e-05
1.296154296142049066e-05
1.298369752475991879e-05
1.301774700550595231e-05
1.303907520195934989e-05
1.306738167841103825e-05
1.305746336583979496e-05
1.302957307416363585e-05
1.296955142606748234e-05
1.293780705964309231e-05
1.292019242100650512e-05
1.290187628910643980e-05
1.289729480049572851e-05
1.293122513743583147e-05
1.296679820370627601e-05
1.299045061387005262e-05
1.300922276641358554e-05
1.301038500969298150e-05
1.300211615671287325e-05
1.297243788940250010e-05
1.293931654799962416e-05
1.290078316742437858e-05
1.287808836423209902e-05
1.286548858843161792e-05
1.297583712585037642e-05
1.301636493735713850e-05
1.300285020988667384e-05
1.302403907175175880e-05
1.303182916672085344e-05
1.300991762036574005e-05
1.300027079196297597e-05
1.295885122090112384e-05
1.292870292672887377e-05
1.288771645704400692e-05
1.288248968194238774e-05
1.288927478526602499e-05
1.289742494918755188e-05
1.292713704970083199e-05
1.293875011469935931e-05
1.294999310630373657e-05
1.296859145440976102e-05
1.300735293625621193e-05
1.301593520111055079e-05
1.301097954637953148e-05
1.298089255215018124e-05
1.295548636335297522e-05
1.289901410927996039e-05
1.286768601858057116e-05
1.284960590055561591e-05
1.287810691792401553e-05
1.288093262701295248e-05
1.290579375563538701e-05
1.289990650548133931e-05
1.290935961151262745e-05
1.291828139073913883e-05
1.289803958570701070e-05
1.290979380428325419e-05
1.287827954001841101e-05
1.283972424062085304e-05
1.278709914913633771e-05
1.274369624297833002e-05
1.274326978091267005e-05
1.273436137125827406e-05
1.274727283089305206e-05
1.274260839636553976e-05
1.274210453630075756e-05
1.274554279007134028e-05
1.275669164897408404e-05
1.275890044780680944e-05
1.275191334570990875e-05
1.275581626032362760e-05
1.274982078030006892e-05
1.272660947506665218e-05
1.270481934625422548e-05
1.267961852136068046e-05
1.269680578843690421e-05
1.265052542294142836e-05
1.266087592739495517e-05
1.272210884053492885e-05
1.276857919947360710e-05
1.274067089980235391e-05
1.272532590519404107e-05
1.269529420824255760e-05
1.269546037292457253e-05
1.266345798285328851e-05
1.265435867026099004e-05
1.263543763343477588e-05
1.265304481421480921e-05
1.262664191017392989e-05
1.263772182937827859e-05
1.262774185306625441e-05
1.263714630113099769e-05
1.260649414689396542e-05
1.263581270904978737e-05
1.264590609935112365e-05
1.268120904569514164e-05
1.270283228222979300e-05
1.272168146897456541e-05
1.271411356356111287e-05
1.274487540285917863e-05
1.270034490516991388e-05
1.270854745598626255e-05
1.268178339159931124e-05
1.267592397198313915e-05
1.266507160835317336e-05
1.266556528207729638e-05
1.269368567591300234e-05
1.272893296118127250e-05
1.277238297916483100e-05
1.282912699025473625e-05
1.289422907575499334e-05
1.288662479055346989e-05
1.287485620196093771e-05
1.283521587538416464e-05
1.279549278478953022e-05
1.279593070648843389e-05
1.283779502045945298e-05
1.286616252400563166e-05
1.288797411689301987e-05
1.294644698646152392e-05
1.299206332987523570e-05
1.299944015045184608e-05
1.297688640988781117e-05
1.292406686843605780e-05
1.288745515921618857e-05
1.289321435251622427e-05
1.293248960791970535e-05
1.300218518736073815e-05
1.309013141508330523e-05
1.311941596213728223e-05
1.307293023273814537e-05
1.298505785598535988e-05
1.293907544095418450e-05
1.290970631089294262e-05
1.292103761443286169e-05
1.289974334213184261e-05
1.290078071178868447e-05
1.288963958359090577e-05
1.285743610424106009e-05
1.279147909372113645e-05
1.269986623810837011e-05
1.260729341083788245e-05
1.254585886272252470e-05
1.251890462299343131e-05
1.251495186807005632e-05
1.252540459972806275e-05
1.253092714250669781e-05
1.249857150469324484e-05
1.246243418790982173e-05
1.243160795638686977e-05
1.240244600921869244e-05
1.237330807271064225e-05
1.236135740327881581e-05
1.234953670063987307e-05
1.234513829331262935e-05
1.235307490787818097e-05
1.235491790794185397e-05
1.236487496498739415e-05
1.238428740180097520e-05
1.241055169884930399e-05
1.240235360455699265e-05
1.242101343450485661e-05
1.239147704836796004e-05
1.236995758517878062e-05
1.234520168509334394e-05
1.233589646290056374e-05
1.233305183632182923e-05
1.234453829965787042e-05
1.236535026691854034e-05
1.235942663697642342e-05
1.238439090229803764e-05
1.250876148333190873e-05
1.259426680917386033e-05
1.253774507858906873e-05
1.246483680006349459e-05
1.239913844983675551e-05
1.238019031006842784e-05
1.235116515090339749e-05
1.234402361660613678e-05
1.234569635926163688e-05
1.235854279002523981e-05
1.236917569258366711e-05
1.236285952472826534e-05
1.236583593708928708e-05
1.236014022651943412e-05
1.235524496223661117e-05
1.234877590832184001e-05
1.234030369232641567e-05
1.235154959431383793e-05
1.236965081261587363e-05
1.238008499058196355e-05
1.237666265296866186e-05
1.237812894032685950e-05
1.238751410710392588e-05
1.241102372659952414e-05
1.240254414369701408e-05
1.239949806404183686e-05
1.246857482328778133e-05
1.318227905358071405e-05
1.290010059165069800e-05
1.268212645300081931e-05
1.255178885912755572e-05
1.249350980287999914e-05
1.240418041561497341e-05
1.239932707903790355e-05
1.237859605680569143e-05
1.236704501934582435e-05
1.237058850165340152e-05
1.236306616192450747e-05
1.236194812008761733e-05
1.235238278241013177e-05
1.237572487298166413e-05
1.237199267052346908e-05
1.241014515471761149e-05
1.240482906723627888e-05
1.241447735083056546e-05
1.242512944372720153e-05
1.242363896380993538e-05
1.242608313987148028e-05
1.246134070242987946e-05
1.246006895598838969e-05
1.248204198418534429e-05
1.246363490281510167e-05
1.249393662874354016e-05
1.246136935151298530e-05
1.249461583938682486e-05
1.252702277270145647e-05
1.257257399629452334e-05
1.258996044271043536e-05
1.261004663319909048e-05
1.265470373255084303e-05
1.268106580027961240e-05
1.274597989322501201e-05
1.279901980524300564e-05
1.285837397517752766e-05
1.295818829021300121e-05
1.303523376918747056e-05
1.320274550380418009e-05
1.340680437351693467e-05
1.366087335554766435e-05
1.387420143146300756e-05
1.400838418703642742e-05
1.395852495988947339e-05
1.378870401822496239e-05
1.359057860099710456e-05
1.346711742371553487e-05
1.329151655227178708e-05
1.296592026847065393e-05
1.267538227693876184e-05
1.251405901712132652e-05
1.244604845851426944e-05
1.246914871444460005e-05
1.252421570825390585e-05
1.253686623385874487e-05
1.249976021426846205e-05
1.246684005309361931e-05
1.244925333594437756e-05
1.245393532371963307e-05
1.246560896106529981e-05
1.249827128049218993e-05
1.253736872968147441e-05
1.254620538020390018e-05
1.254054077435284887e-05
1.251585708814673160e-05
1.247724594577448443e-05
1.244550940100452930e-05
1.242446132891927778e-05
1.242907246705726653e-05
1.242191783603629995e-05
1.245309676960459843e-05
1.244742470589699156e-05
1.245295288754277863e-05
1.244649711225065470e-05
1.240624396814382635e-05
1.237337537531857345e-05
1.233663788298145004e-05
1.231940714205848087e-05
1.230205307365395163e-05
1.229354011229588718e-05
1.228696573889465003e-05
1.227845978064579026e-05
1.230478701472748105e-05
1.232250760949682478e-05
1.232695121871074594e-05
1.234036644746083800e-05
1.234008186656865291e-05
1.231860269399476271e-05
1.231362311955308609e-05
1.228265673489659127e-05
1.226695867444504916e-05
1.223477411258500103e-05
1.223893459609826129e-05
1.222193677676841583e-05
1.223291710630292039e-05
1.225995956701808575e-05
1.227254897457896800e-05
1.231396990988287110e-05
1.233489465448656086e-05
1.231839405591017567e-05
1.227154789376072552e-05
1.224151801579864730e-05
1.223070776177337427e-05
1.221185721078654751e-05
1.231523619935615022e-05
1.243803453689906712e-05
1.242251992152887363e-05
1.234262972502619993e-05
1.228733653988456387e-05
1.226636068167863346e-05
1.225300629812409204e-05
1.223662720803986337e-05
1.220447866217000342e-05
1.218926154251676121e-05
1.217269773405860110e-05
1.218372672155965052e-05
1.218560919369338080e-05
1.220211916006519493e-05
1.223302697326289524e-05
1.225253117809188552e-05
1.228057763000833836e-05
1.230202296937932328e-05
1.230130646945326589e-05
1.228552473548916236e-05
1.226778367708902874e-05
1.219675013999221813e-05
1.221019665536004982e-05
1.218073421114240807e-05
1.220288404510938596e-05
1.218207971760421128e-05
1.220315170940011672e-05
1.223707013195962679e-05
1.225916375915403444e-05
1.229928138855029863e-05
1.228916171385208077e-05
1.224289426318136941e-05
1.220045314767048660e-05
1.217132339661475237e-05
1.217596563947154277e-05
1.218812367369537174e-05
1.221005304614664123e-05
1.220022177221835523e-05
1.223657773152808659e-05
1.224096504301996936e-05
1.225716923727304641e-05
1.225624746439279955e-05
1.224326833835220930e-05
1.222888913616770946e-05
1.263995081899338436e-05
1.250248024007305537e-05
1.234298188137472573e-05
1.241070167452562668e-05
1.244534450961509719e-05
1.237867645613732680e-05
1.231407195518841103e-05
1.230488451255951043e-05
1.221897691721096567e-05
1.221184802489005994e-05
1.218712914123898304e-05
1.220260792251792804e-05
1.219809018948581070e-05
1.219739515363471650e-05
1.221984011863241971e-05
1.222102782776346362e-05
1.223299195771687698e-05
1.223742356160073541e-05
1.222483197125257027e-05
1.219503774336772107e-05
1.217973776874714599e-05
1.216628761540050551e-05
1.216595483128912815e-05
1.216963828483130851e-05
1.218538191096740741e-05
1.220157619172823649e-05
1.223256176672293838e-05
1.226854938067845001e-05
1.229507142852526158e-05
1.230913285326096161e-05
1.228838063980219920e-05
1.230102006957167726e-05
1.223998406203463741e-05
1.223635508722509190e-05
1.220511048813932609e-05
1.223759445565519888e-05
1.231657033713418127e-05
1.240060810232535072e-05
1.237657224919530529e-05
1.236818598044919849e-05
1.237375881828484058e-05
1.235568634001538225e-05
1.234514174939249676e-05
1.230760735779767890e-05
1.226727326866239275e-05
1.225872656505089287e-05
1.228069149874499965e-05
1.235183717653853785e-05
1.236612797583802603e-05
1.240026440427755040e-05
1.244769136974355240e-05
1.246462461494957029e-05
1.248064772880752639e-05
1.245433713847887702e-05
1.244807417606352896e-05
1.246656102011911639e-05
1.253958980669267543e-05
1.263336371266632409e-05
1.270290858883527040e-05
1.284632107854122330e-05
1.675821413300582276e-05
1.850998360168887235e-05
1.691452098384615965e-05
1.581706746947020428e-05
1.524209828858147443e-05
1.497582534284447286e-05
1.462458203604910523e-05
1.437840246580890312e-05
1.418118627043440870e-05
1.404666018061106957e-05
1.392481963193858940e-05
1.383815506414976005e-05
1.373449731545406394e-05
1.363751398457679830e-05
1.356402472083573263e-05
1.350058391835773364e-05
1.340550106760929406e-05
1.332297324552200735e-05
1.325108369201188873e-05
1.320489891440956887e-05
1.311849937337683480e-05
1.303819472013856217e-05
1.296404934691963717e-05
1.289669153266004354e-05
1.283930623685591854e-05
1.280549658986274187e-05
1.278661848118645071e-05
1.271993578484398381e-05
1.266604040210950121e-05
1.263022841158090159e-05
1.260596009160508334e-05
1.258341380889760398e-05
1.256335790458251688e-05
1.252447782462695614e-05
1.249685183211113360e-05
1.246876081495429389e-05
1.246204064955236356e-05
1.244887534994631938e-05
1.243016749867820113e-05
1.240191313627292334e-05
1.239012453879695386e-05
1.237557962667778998e-05
1.238001741512562114e-05
1.236324424098711529e-05
1.234372130056726712e-05
1.233162838616408475e-05
1.236459074789309011e-05
1.238881941389990970e-05
1.234381015819963136e-05
1.230585130542749505e-05
1.228127421200042658e-05
1.226047706950339455e-05
1.225384075951296870e-05
1.224890747835161097e-05
1.224936622747918557e-05
1.224045308845234104e-05
1.225208343385020203e-05
1.225129062731866725e-05
1.225868754772818647e-05
1.226115282406681183e-05
1.229868721566162970e-05
1.231546611961675740e-05
1.227384545927634530e-05
1.223046419909223880e-05
1.221089078171644394e-05
1.219790146933519281e-05
1.219348014274146340e-05
1.217988237840472788e-05
1.216761465911986374e-05
1.215044339915039086e-05
1.214716930917347815e-05
1.212948445754591308e-05
1.213988643939956159e-05
1.215236388816265423e-05
1.216783493873663247e-05
1.218603038068977151e-05
1.219391615450149368e-05
1.219282949023181640e-05
1.215737747770617750e-05
1.213273608300369267e-05
1.212589831993682242e-05
1.210233012898242965e-05
1.210748314406373538e-05
1.209591428050771390e-05
1.213727609865600175e-05
1.216241298607201315e-05
1.216481841765926287e-05
1.214382382386247627e-05
1.211747785418992930e-05
1.207453678944148089e-05
1.207461964440881207e-05
1.206013876071665504e-05
1.206661509058903869e-05
1.207217574119567837e-05
1.208038502227282219e-05
1.208429384860210087e-05
1.207380037158145603e-05
1.205179360113106600e-05
1.203271285703522085e-05
1.200402912218123641e-05
1.201226441480685059e-05
1.199677717522718012e-05
1.201216446133912541e-05
1.201967570523265681e-05
1.204294503622804735e-05
1.204040518132387660e-05
1.204756272272788987e-05
1.202754910991643522e-05
1.203076089950627647e-05
1.200406059069791741e-05
1.200303404402802698e-05
1.197358851641183787e-05
1.198988020405522480e-05
1.197085166495526176e-05
1.196510902445879765e-05
1.200349861392169327e-05
1.203771753353066776e-05
1.203191313834395294e-05
1.201810673592262867e-05
1.199836933665210347e-05
1.201141340061440065e-05
1.196596340378164348e-05
1.194287478938349455e-05
1.194623346236767213e-05
1.196851308122859404e-05
1.195616932818666033e-05
1.194551832668366910e-05
1.198212476083426736e-05
1.199589059979189120e-05
1.195870227093109793e-05
1.193683847304782762e-05
1.190483599202707376e-05
1.190404163935454495e-05
1.188497844850644469e-05
1.187688385471119579e-05
1.188171345347654972e-05
1.189223530673189089e-05
1.189557251564110697e-05
1.191343963000690598e-05
1.192549616462201744e-05
1.192300596812856316e-05
1.190643088193610243e-05
1.188067126349778778e-05
1.187526167996111394e-05
1.187678271890035763e-05
1.186284252980840460e-05
1.185880846605869078e-05
1.185739156426279839e-05
1.186956915262271718e-05
1.185339524454320815e-05
1.188068426927202381e-05
1.191463088616728715e-05
1.190958328152191893e-05
1.187471843877574429e-05
1.189211343444185331e-05
1.188986361739807830e-05
1.186509989565820501e-05
1.184757920782430995e-05
1.183653885163948837e-05
1.183118183689657599e-05
1.185425608127843622e-05
1.184282918984536115e-05
1.185053197332308560e-05
1.184139246106496944e-05
1.181868810817832127e-05
1.181495008495403454e-05
1.184898019346292131e-05
1.184762477350886843e-05
1.182256355605204556e-05
1.182084788524662077e-05
1.181093894047080471e-05
1.180095950985560126e-05
1.177351186925079606e-05
1.177121630462352119e-05
1.177121666842140223e-05
1.177254180220188539e-05
1.179736618723836795e-05
1.179672908619977602e-05
1.180378649223712273e-05
1.178232678284985081e-05
1.176462928924593075e-05
1.175669685835600864e-05
1.177985550384619239e-05
1.176657087853527628e-05
1.177151343654259142e-05
1.177763051600777476e-05
1.176965970444143682e-05
1.176740452137892101e-05
1.175232100649736788e-05
1.175963643618160859e-05
1.175783800135832246e-05
1.175091401819372516e-05
1.175415409306879121e-05
1.174665467260638286e-05
1.174889566755155135e-05
1.175009147118544138e-05
1.174516846731421605e-05
1.176482155642588589e-05
1.173885575553868000e-05
1.174978078779531609e-05
1.174867229565279626e-05
1.174993085442110862e-05
1.172182510345010087e-05
1.169375600511557355e-05
1.168336539194569889e-05
1.168264043371891603e-05
1.169264287455007502e-05
1.170460745925083756e-05
1.172606835098122247e-05
1.171027679447433911e-05
1.171174844785127755e-05
1.172249867522623356e-05
1.172914662674884278e-05
1.173107875729328953e-05
1.172627517007640597e-05
1.174732506115105934e-05
1.175498800876084715e-05
1.176928935819887556e-05
1.173692908196244389e-05
1.174331046058796380e-05
1.172908132502925650e-05
1.171538051494280774e-05
1.171278772744699449e-05
1.172339771073893610e-05
1.173909959106822498e-05
1.236936659552156959e-05
1.246896899829153005e-05
1.216817481690668433e-05
1.194115093312575550e-05
1.184132715934538316e-05
1.177351578007801436e-05
1.172169959318125620e-05
1.170082168755470775e-05
1.167320524473325383e-05
1.166082711279159412e-05
1.164821524071157876e-05
1.163866127171786536e-05
1.163695833383826539e-05
1.164342811534879695e-05
1.163997703770291958e-05
1.163987635663943399e-05
1.162941116490401395e-05
1.163529304903931916e-05
1.164635832537896965e-05
1.166148476841044578e-05
1.167751552202389542e-05
1.168995677289785851e-05
1.169341994682326845e-05
1.168413591585704193e-05
1.170438890767400085e-05
1.168888884421903572e-05
1.169173347079777193e-05
1.168235021395958063e-05
1.171596322819823467e-05
1.171579469882999547e-05
1.175945708382641964e-05
1.174042199636460282e-05
1.174745420939871110e-05
1.171419226011494141e-05
1.167922182503389127e-05
1.167140444522374343e-05
1.167743812402477488e-05
1.167077152786077932e-05
1.166148667834931917e-05
1.167394611911731772e-05
1.163829374490887926e-05
1.164090072052203982e-05
1.163398083008360050e-05
1.163892738986760378e-05
1.163707547675585442e-05
1.165021249107667211e-05
1.166270185422035933e-05
1.169324923466774635e-05
1.166345573437865756e-05
1.163772258223616586e-05
1.165647099696798284e-05
1.168780700027127682e-05
1.168987510027363862e-05
1.170242494481499375e-05
1.167987156804883819e-05
1.164160012194770321e-05
1.161119926109677147e-05
1.161042100648046505e-05
1.161673990281997215e-05
1.161739210147061317e-05
1.160764995802310262e-05
1.161252921519917470e-05
1.162277230832842246e-05
1.160039055321249247e-05
1.159524026661529206e-05
1.161304953711805865e-05
1.162819098681211404e-05
1.161433410743484307e-05
1.163076622106018408e-05
1.163968263426795636e-05
1.161435729954973828e-05
1.160064011855865761e-05
1.159251769422553480e-05
1.159364310296950896e-05
1.158100913016823984e-05
1.156662792709539678e-05
1.157227579824393683e-05
1.157518881882424399e-05
1.155604059022152796e-05
1.155186728283297304e-05
1.155767176896915771e-05
1.155060708697419681e-05
1.154716774180997095e-05
1.155872323579387705e-05
1.158654440587270141e-05
1.178484080810449086e-05
1.223955705427215502e-05
1.214367666761972874e-05
1.193165608128765564e-05
1.175759098259732127e-05
1.165115627372870289e-05
1.161178670372464694e-05
1.155800709966570071e-05
1.153591056208824807e-05
1.152738695964217186e-05
1.152060167441959493e-05
1.151933511209790629e-05
1.151857595687033541e-05
1.151984661191818372e-05
1.152155709860380739e-05
1.152765944425482269e-05
1.154648816736880690e-05
1.155619156634202227e-05
1.156855041699600338e-05
1.157752521976362880e-05
1.158321047114441137e-05
1.162195394499576651e-05
1.164801697086659226e-05
1.167904283647658337e-05
1.166692927654366974e-05
1.161040527222212370e-05
1.158523664344102178e-05
1.155346608356922001e-05
1.154624305854667909e-05
1.153585499196196839e-05
1.153745915871695615e-05
1.152936374637647532e-05
1.152233962784521316e-05
1.151256119555910152e-05
1.151362948803580366e-05
1.151284204752300798e-05
1.152546783487196114e-05
1.155423587988479926e-05
1.159061748694511994e-05
1.161018544735270586e-05
1.162042199212009985e-05
1.162112293968675726e-05
1.163117212854558602e-05
1.157072492787847262e-05
1.153649918705923483e-05
1.150741627498064190e-05
1.150268190031056292e-05
1.148721003119135275e-05
1.147148677773657221e-05
1.148560186265967854e-05
1.148917353930301067e-05
1.149786512542050366e-05
1.155784866568865255e-05
1.158456188932177611e-05
1.156355619968962856e-05
1.152932454715482924e-05
1.153331622845144079e-05
1.153682987933279913e-05
1.151489923358894851e-05
1.150871667050523751e-05
1.150734124166774563e-05
1.250412578883697211e-05
1.538419892312958972e-05
1.467320798838045516e-05
1.649281921345391311e-05
1.621128758415579728e-05
1.627063211344648085e-05
1.515794920123880763e-05
1.473188312957063385e-05
1.396533625666052069e-05
1.342422137895482592e-05
1.305892146774567664e-05
1.281304294025176137e-05
1.263833692064508830e-05
1.248728694918099723e-05
1.237874039361486211e-05
1.228548317158129032e-05
1.220462727360427346e-05
1.213658051710808684e-05
1.207091490869061158e-05
1.201772993226768517e-05
1.197072033392032541e-05
1.193602001876570352e-05
1.189580452773952891e-05
1.187194056910811856e-05
1.183532285722321797e-05
1.180962772195925936e-05
1.178789962068549290e-05
1.176015493911108900e-05
1.173494483737158657e-05
1.170853538496885516e-05
1.170497580460505560e-05
1.168114768006489544e-05
1.166373422165634144e-05
1.164722452813293853e-05
1.163300103144138154e-05
1.161094050985411707e-05
1.160560123025788926e-05
1.160648398581542972e-05
1.159322082457947511e-05
1.156757143689901636e-05
1.157322021754225648e-05
1.155731551989447393e-05
1.154481133198714883e-05
1.154561223302152973e-05
