1.714483410978573320e-04
1.727054387705114543e-05
1.334645307451864998e-05
1.372677298983641430e-05
1.327632764741792973e-05
1.282707781001590829e-05
1.265913424428314678e-05
1.254948435265153760e-05
1.252169943654735182e-05
1.215268874564875001e-05
1.200332379388176737e-05
1.190179909372090986e-05
2.679657800247999393e-05
1.172823779067281677e-05
1.161150362956201743e-05
1.167981572242145695e-05
1.170676463781698427e-05
1.160461382823996232e-05
1.138953049197273998e-05
1.137621284897249932e-05
1.142235111956324592e-05
1.140592288341698207e-05
1.128406185027112464e-05
1.123782262311578920e-05
1.123417671465176641e-05
1.113863764089728627e-05
1.110966298332035272e-05
1.105910989091777693e-05
1.099068554215894736e-05
1.095644202299202721e-05
1.088932216248394953e-05
1.089323265925183152e-05
1.090690076731940898e-05
1.081152870218223394e-05
1.081299332289139098e-05
1.078975218736862440e-05
1.075069992187612373e-05
1.069980131774172985e-05
1.066519724759018613e-05
1.071434699118375104e-05
1.067121338868067427e-05
1.063145216069945850e-05
1.060296601319047676e-05
1.058680021894057647e-05
1.055679705852223012e-05
1.060050889047185266e-05
1.052023729963972711e-05
1.050193535775178962e-05
1.049815675438973527e-05
1.512251401815471256e-05
1.089786790013628623e-05
1.065532661073120801e-05
1.066684591933153495e-05
1.073924292237885929e-05
1.074921349186297522e-05
1.074247660729573352e-05
1.072544800535979441e-05
1.070746146713948564e-05
1.068713847985236424e-05
1.065767804523905676e-05
1.063135650838375989e-05
1.060245964898361688e-05
1.056963884593642433e-05
1.054603336380447835e-05
1.051893518592805783e-05
1.051413996113599989e-05
1.048387276379495831e-05
1.045462311708433878e-05
1.224728200933592892e-05
1.160492307349159145e-05
1.125739644900628936e-05
1.122411054173729458e-05
1.104309864748150440e-05
1.095225714569399614e-05
1.088735937173623791e-05
1.085872248495434158e-05
1.083380509764234966e-05
1.080077016467839692e-05
1.077664546642154103e-05
1.075527616383927349e-05
1.072514641502190633e-05
1.069818111204767822e-05
1.063045616357764304e-05
1.056506371507263440e-05
1.051318833333425648e-05
1.045684940284748594e-05
1.042409313148103470e-05
1.040019381548518140e-05
1.038805858380934921e-05
1.036351586435557672e-05
1.035717605645913938e-05
1.031876601814474223e-05
1.031378679613226187e-05
1.028840489955958524e-05
1.028435471160567757e-05
1.030896651210847905e-05
1.025466247900415829e-05
1.026473565805948429e-05
1.024928184582070924e-05
1.022536692289577338e-05
1.020700404410490558e-05
1.022562968008363272e-05
1.018009091088363960e-05
1.017214637575610372e-05
1.016470427619727494e-05
1.014503113462221085e-05
1.014235359169409392e-05
1.012311478727194000e-05
1.010531888634128879e-05
1.010255557882070892e-05
1.008315695571582257e-05
1.007793703517260613e-05
1.006070224169282727e-05
1.005995377378591545e-05
1.004612217646657224e-05
1.004673918714615791e-05
1.002319738897009865e-05
1.002060799047891646e-05
1.001050619720444882e-05
1.000622931352760744e-05
9.988767675395138890e-06
3.926826391155676304e-05
1.223690539897385495e-05
1.140025635208985409e-05
1.134072054469470391e-05
1.123908850407436474e-05
1.113706163399304672e-05
1.110611614952479905e-05
1.107426147655132741e-05
1.101134279717067974e-05
1.097147431892153724e-05
1.099670904523009119e-05
1.101730087308775732e-05
1.104971519301519303e-05
1.105446078440763867e-05
1.104378347955995732e-05
1.103780884250227286e-05
1.101499232921317703e-05
1.099368608227753924e-05
1.097595445874806752e-05
1.095999663334623579e-05
1.094753131989515840e-05
1.093952819587684590e-05
1.093497872981667332e-05
1.091533829101839206e-05
1.090905014621057544e-05
1.089666865482286139e-05
1.088390349991641361e-05
1.086508993921597687e-05
1.078738418035148569e-05
1.063486742774936510e-05
1.054723667948564906e-05
1.047240459115528244e-05
1.043715362470720740e-05
1.040272967278118249e-05
1.037739215954995137e-05
1.034170256313397319e-05
1.032023583737403299e-05
1.028957554808585055e-05
5.300865338009922930e-05
1.239264376332963916e-05
1.187220388904582495e-05
1.170104882703526501e-05
1.160923744237152203e-05
1.147622250376419600e-05
1.139704617950580256e-05
1.137833152824896415e-05
1.136453223807620802e-05
1.134759760816450587e-05
1.132046394028899782e-05
1.129303510045550295e-05
1.125061488892242832e-05
1.111727423449337867e-05
1.079190463428858459e-05
1.070270603122480720e-05
1.061985984392776946e-05
1.056959343865552611e-05
1.052426586018858300e-05
1.048952518317491875e-05
1.044695440365709764e-05
1.041350528339535190e-05
1.037482112678844701e-05
1.034862160016321807e-05
1.032361481255369070e-05
1.029974476826585867e-05
1.028091977483806292e-05
1.050023191244993839e-05
1.024471820035917870e-05
1.055121680375729399e-05
1.025311760751416610e-05
1.013311480771032315e-05
1.195873486494747306e-05
1.024461907453163226e-05
1.010848106223723613e-05
1.008640516147352200e-05
1.007126617082576599e-05
1.005559662871746736e-05
1.004482108404166194e-05
1.002461011277470476e-05
1.001845063835086536e-05
9.995307578189265279e-06
9.982404745869644577e-06
9.979615787945779956e-06
9.964943398775479168e-06
9.953907757941730995e-06
9.929369008811287715e-06
9.913224422462008282e-06
9.894172219067817042e-06
9.891580133777704269e-06
9.871383591265233469e-06
9.860070317699864837e-06
9.855418879851640058e-06
9.842087415563582637e-06
9.837245955850449418e-06
9.835465626035026223e-06
9.845228136479515288e-06
9.802467244526269971e-06
9.788773987414363398e-06
9.788516237752749598e-06
9.788865382157988998e-06
9.779329737208778686e-06
9.770219808539574313e-06
9.767916866394443854e-06
9.747665283915315902e-06
9.749588844745934042e-06
9.738513690535909614e-06
9.725998373445084109e-06
9.737590913421930109e-06
9.718256487000569212e-06
9.705883043504096527e-06
9.692964898704303371e-06
9.687071468533758889e-06
9.690764633205617632e-06
9.688797291952747645e-06
9.676394764710494065e-06
9.668316689612765777e-06
9.661614867961058613e-06
9.657157061913797393e-06
9.643893744168963031e-06
9.634450443627428382e-06
9.629045255981811977e-06
9.625534739067613047e-06
9.619269550285025142e-06
9.616363824610137326e-06
9.606882501884683802e-06
9.598516329181923119e-06
9.592424352907377355e-06
9.592265592649104386e-06
9.580938838856430456e-06
9.581847337282548569e-06
9.574461412285017878e-06
9.568749480498202218e-06
9.562525918151246760e-06
9.560365948573234328e-06
9.551272349881400356e-06
9.547805974155683124e-06
9.543534409128066266e-06
9.538611878573041218e-06
9.539692012670760037e-06
9.534057777121537745e-06
9.534126287083684393e-06
9.531694261492400561e-06
9.557976609357865460e-06
9.532550974806023255e-06
9.525755507790259705e-06
9.520803369014174474e-06
9.515352145399447113e-06
9.519867754761435005e-06
9.519710437947045674e-06
9.529766415046954047e-06
9.527722484108381350e-06
9.538386451974171850e-06
9.541032841298147782e-06
9.548202414938108455e-06
9.565909447625623867e-06
9.571073823432622242e-06
9.575111866979569544e-06
9.580015464128639689e-06
9.576041687751057771e-06
9.571420552371515822e-06
9.566955242614009211e-06
9.567739243342050589e-06
9.565171749272849885e-06
9.555545054430088168e-06
9.570129104001049241e-06
9.561484888915098909e-06
9.563549461593841836e-06
9.563018579304601854e-06
9.560036606520345856e-06
9.567837675300931835e-06
9.572169629260922003e-06
9.562164249246052824e-06
9.563873769972511623e-06
9.568055906280885291e-06
9.578037593958772607e-06
9.566423694877811777e-06
9.562499248355985239e-06
9.565429257160455644e-06
9.568556817309097266e-06
9.563802384491282486e-06
9.554909363487240422e-06
9.562679189987951853e-06
9.552774479288927707e-06
9.591077711850933211e-06
9.547402615150227346e-06
9.544960282710236078e-06
9.796418387774489468e-06
9.574338226154091737e-06
9.555642891806807656e-06
9.530323920519852491e-06
9.527236161375185000e-06
9.519633205930707465e-06
9.515350258576897377e-06
9.585668910858658113e-06
9.504304213502715466e-06
9.494320769363185012e-06
9.485657310506212322e-06
9.486557180101348380e-06
9.485339311368080320e-06
9.478738718750415746e-06
9.482253790717247297e-06
9.471233836772322497e-06
9.474087269154552108e-06
9.464313661358877340e-06
9.474811589219219655e-06
9.468978638930518321e-06
9.475070251407184731e-06
9.480876768369246802e-06
9.491979666336192100e-06
9.501394867281002659e-06
9.640039363603137209e-06
9.729453628703291991e-06
9.833398125541256200e-06
9.693466712406006584e-06
9.641891044793738565e-06
9.619571491536286424e-06
9.621604004147836091e-06
9.605560040881756090e-06
9.606298298194816101e-06
9.593398611211037902e-06
9.593554194680109436e-06
9.588551816553567053e-06
9.579684864320369981e-06
9.575039501517797010e-06
9.571669868364552548e-06
9.566974405667375838e-06
9.560702246365811185e-06
9.554730893341911114e-06
9.552098487877932399e-06
9.553062926291506859e-06
9.544228122422282535e-06
9.533708735034451278e-06
9.534502521167572000e-06
9.534061476491236258e-06
9.548534614320184093e-06
9.526547956966169905e-06
9.520266289655409677e-06
9.521391132238931509e-06
9.515659633052564120e-06
9.511890434623637499e-06
9.504306464881059473e-06
9.502303457414503832e-06
1.042160656273457172e-05
9.651350422169950786e-06
9.575544731887930877e-06
9.558722786853953975e-06
9.514178228376599011e-06
9.502306119581286018e-06
9.491623151613263410e-06
9.490033883139402957e-06
9.475452629506737629e-06
9.471355022772816944e-06
9.465240857480239627e-06
9.472735264353105138e-06
9.447516562583284158e-06
9.451963381176634670e-06
9.446585306704945883e-06
9.430388609340903687e-06
9.430306664626187508e-06
9.422085540791158022e-06
9.431192059234186511e-06
9.411856035891711728e-06
9.426736803561651965e-06
9.406703009062767135e-06
9.414924692237036720e-06
9.400583033235913934e-06
9.403905038425363572e-06
9.392719362040224341e-06
9.392483386439683734e-06
9.391078184535218333e-06
9.385456136593954207e-06
9.376521235632632797e-06
9.392002344460099892e-06
9.380499997557005588e-06
9.364090468579888490e-06
9.371982307963359893e-06
9.361416306319370729e-06
9.351945481057555366e-06
9.394509537514751009e-06
9.348462079212064570e-06
9.347034110002520665e-06
9.350854342452901197e-06
9.357770976521350648e-06
9.333686600333142912e-06
9.330616963628320454e-06
9.321273347495662504e-06
9.316490718447312247e-06
9.318467951591931307e-06
9.314819996006917994e-06
9.321038187787660092e-06
9.313739052079958290e-06
9.321328875178854227e-06
9.306250745642804514e-06
9.306658152278638268e-06
9.289870247357612175e-06
9.307961067482513147e-06
9.302971928946135314e-06
9.306260119501530764e-06
9.297124190652539120e-06
9.283066241323467422e-06
9.285007421719153591e-06
9.285198158674272045e-06
9.748683374558217137e-06
9.412627337421023498e-06
9.452526797228225650e-06
9.414392388862325217e-06
9.357003672979165987e-06
9.333678200770615123e-06
9.312813291823355885e-06
9.303776623710291528e-06
9.299164627236678322e-06
9.286247500691994643e-06
9.286549979681998823e-06
9.282370486592602182e-06
9.287747663317228055e-06
9.277064166326453600e-06
9.273942302267338612e-06
9.260516406281265028e-06
9.255225976024424321e-06
9.260345678588539648e-06
9.251449234473815549e-06
9.248853228124668673e-06
9.250189879897637442e-06
9.251285072574926051e-06
9.243969003591701039e-06
9.237603187178441142e-06
9.232851848916349009e-06
9.235089196787763598e-06
9.225999213337368835e-06
9.231222609666171064e-06
9.217014663439233540e-06
9.221898101259285631e-06
9.215137356098541762e-06
9.212374101252862263e-06
9.204434337182949651e-06
9.197167142929175062e-06
9.202070850354479356e-06
9.207506561021243499e-06
9.205327379504525101e-06
9.213586719170051997e-06
9.189952234767892380e-06
9.211221224253070486e-06
9.194394192869974528e-06
9.194635958162203652e-06
9.222178664458625231e-06
9.207121436626645723e-06
9.192277661516830097e-06
9.191044925197882127e-06
9.196364670363740203e-06
9.183699625812854814e-06
9.185981139504899499e-06
9.197339658915856583e-06
9.189797883285184696e-06
9.772935564266542531e-06
9.794622917524975153e-06
9.234765022938518900e-06
9.191758321094312597e-06
9.200318361687701639e-06
9.219025060929198544e-06
9.183955019125277934e-06
9.190833513154453993e-06
9.186047583398248778e-06
9.175543799149939048e-06
9.178751422875090353e-06
9.172720837492912569e-06
9.170315227038372676e-06
9.165276060609054090e-06
9.164489912715603848e-06
9.159406053337685528e-06
9.158544092997545540e-06
9.161511559341307243e-06
9.143423317254929152e-06
9.158413917020880035e-06
9.144153585414945481e-06
9.156173658008507228e-06
9.156600107189661047e-06
9.148924096962218348e-06
9.149755128419200746e-06
9.143459062670444091e-06
9.144837825563930376e-06
9.144443998441905349e-06
9.139211036123621391e-06
9.146382729265193026e-06
9.135040806995676005e-06
9.141573693417134116e-06
9.414158970078764359e-06
9.232779514907937102e-06
9.159578637157513240e-06
9.133817737089582181e-06
9.110314269946684498e-06
9.115567902047890658e-06
9.116900483832069332e-06
9.111684778417839648e-06
9.095449457845462048e-06
9.106983972060334257e-06
9.113852819003417092e-06
9.101650762962283997e-06
9.118151678345991410e-06
9.113352878102886782e-06
9.096880960062966374e-06
9.103230353275648058e-06
9.108383736323351636e-06
9.101837529215117480e-06
9.107572766803666072e-06
9.094471613479981559e-06
9.103701473046991186e-06
9.104532993736332906e-06
9.094814720356225396e-06
9.092855967764990868e-06
9.091478208726281462e-06
9.092318149820736645e-06
9.091412338951462339e-06
9.104293449126998691e-06
9.087319245963953611e-06
9.097830527859211420e-06
9.082227475497953601e-06
9.096964086741839771e-06
9.073690723653271155e-06
9.066898012785410825e-06
9.057609898187971449e-06
9.067787610774757719e-06
9.050614048267865207e-06
9.073304339608511627e-06
9.045861187360060149e-06
9.048794282004262151e-06
9.051763230824386795e-06
9.062087816952649357e-06
9.041659778858956387e-06
9.062173162798596300e-06
9.047880958329793946e-06
9.048131705640116300e-06
9.060856256534559599e-06
9.040333331237586356e-06
9.040047285301018733e-06
9.056335335344556031e-06
9.046542289373367147e-06
9.053326895885523015e-06
9.038498576122340217e-06
9.029610101833895490e-06
9.037261339320442206e-06
9.045363969638249376e-06
9.058244578454833476e-06
9.018723611688983307e-06
9.026055910984117831e-06
9.031446502376639090e-06
9.029186654364215658e-06
9.036355276445344058e-06
9.009721867793511605e-06
9.020076663925162406e-06
9.043149661920324501e-06
9.022946446748392326e-06
9.024177808214517765e-06
9.013854171750305266e-06
9.024152300677693389e-06
9.020255736989687064e-06
9.031728350237244605e-06
9.019473853110562912e-06
9.018400071075423905e-06
9.022882863215879717e-06
9.017102543869744485e-06
9.015087410944033628e-06
9.015572041638127764e-06
9.012156245944425085e-06
9.013573502822207466e-06
9.023705739915991868e-06
8.986549823551589819e-06
8.993055268244157534e-06
8.995185807331532664e-06
8.996141267516578313e-06
8.990865080704679035e-06
9.003234258292043421e-06
8.994831889594933708e-06
8.990579169297538195e-06
9.010490944092452517e-06
9.043388522134894412e-06
9.002431786484521784e-06
9.010526174506594137e-06
8.993195052653391031e-06
8.993894016763685626e-06
9.022890397621570818e-06
9.000892466701771103e-06
8.998514483664620621e-06
8.986041413739560778e-06
5.722886860515548872e-05
1.226842755765270924e-05
1.188647931788485283e-05
1.175880040743019646e-05
1.174246326778908707e-05
1.172204420223958306e-05
1.169101538683510850e-05
1.164822523909000095e-05
1.156981215369038786e-05
1.150403019323675761e-05
1.143722094942252971e-05
1.137318312051623564e-05
1.130828086691811474e-05
1.126340544639485042e-05
1.122715542351215892e-05
1.119669867269597747e-05
1.114793421531127587e-05
1.111341665440098353e-05
1.107907140105150242e-05
1.104985920354314060e-05
1.101286539437751378e-05
1.097322782887507225e-05
1.092743561798670244e-05
1.088433742211236711e-05
1.084056308779205760e-05
1.079765101205036091e-05
1.075413235677539528e-05
1.071485024567664416e-05
1.069371580077434686e-05
1.066841618239777752e-05
1.063187377705314017e-05
1.061128443287392011e-05
1.058285662149197962e-05
1.055487894821756785e-05
1.053510522145491803e-05
1.051265951180842808e-05
1.050015535762819650e-05
1.048355845568948953e-05
1.046623098848916240e-05
1.046412067845873711e-05
1.045691025865380645e-05
1.045343399937337374e-05
1.043499145718366625e-05
1.043831825275750178e-05
1.042010550577288066e-05
1.041029105219119337e-05
1.041518942088259731e-05
1.041174269706364856e-05
1.040557609447508537e-05
1.038178825827647646e-05
1.038098165622614060e-05
1.034946940990266699e-05
1.036887471286718271e-05
1.035104711680408658e-05
1.034034326304814942e-05
1.033837969051395058e-05
1.032129027862538419e-05
1.031529665813953480e-05
1.030305875929116216e-05
1.031026297823700527e-05
1.029933644986158517e-05
1.028397446930284705e-05
1.036309203338229577e-05
1.029103855823147264e-05
1.028381421103100956e-05
1.027241986472896858e-05
1.027896015936372968e-05
1.026370039767243759e-05
1.026823922302355586e-05
1.025824748959773008e-05
1.024595407974023459e-05
1.024837380176298456e-05
1.024171915181189658e-05
1.023895158975089320e-05
1.023592755548937394e-05
1.022672059548312993e-05
1.021960793612682576e-05
1.021487826695496015e-05
1.019753069082677566e-05
1.019691115478356917e-05
1.019425699458527819e-05
1.017075194719533719e-05
1.016675340565598135e-05
1.017527309196945347e-05
1.016235978264982452e-05
1.017001326848306574e-05
1.015760137534016374e-05
1.016419592967091953e-05
1.014857672998914421e-05
1.014896012103842249e-05
1.015783177535922766e-05
1.014731017941509612e-05
1.013501601354012910e-05
1.013280361651898914e-05
1.012086745314869954e-05
1.012020651349606179e-05
1.011661830981817377e-05
