1.067973899163613793e-05
9.596954785138222613e-06
2.225362843470672053e-05
1.136475394976817729e-05
1.075589397790584697e-05
1.052697680620440271e-05
1.038994202644971692e-05
1.030494330924132867e-05
1.024089560701213493e-05
1.018612417510667014e-05
1.015214704276938113e-05
1.012375123082165401e-05
1.007233644751674248e-05
1.004184653538686628e-05
1.001962432383152123e-05
9.997098621852274750e-06
9.964597466023405404e-06
9.943018077744152073e-06
9.927383590593308462e-06
9.902061926065167943e-06
9.886771483328023609e-06
9.869795168621445393e-06
9.848042274143154731e-06
9.827681537520523971e-06
9.827872098261044296e-06
9.805017948565363604e-06
9.783008907030914575e-06
9.764174221421247294e-06
9.755176659306622893e-06
9.744936329525444646e-06
9.735789667881059874e-06
9.721879331815822881e-06
9.709423501362835212e-06
9.696006343726064607e-06
9.683948634346962236e-06
9.675542925909514874e-06
9.675888079527795158e-06
9.665288919980714820e-06
9.663903652684287463e-06
9.654869772551441024e-06
9.650004191901946513e-06
9.634422711618148064e-06
9.627937110205191096e-06
9.620909074783413320e-06
9.615216765723743497e-06
1.033584144996287583e-05
9.690449590304220462e-06
9.668513573994156485e-06
9.636613882548771839e-06
9.621344146353294423e-06
9.609966361191860321e-06
9.592277127694614640e-06
9.592240044185018497e-06
9.581694280313968532e-06
9.568568115128073734e-06
9.556024621512431132e-06
9.548943257489857646e-06
9.548966902078367462e-06
9.551623080218026311e-06
9.541580158535604837e-06
9.535000681732223995e-06
9.531458737228603879e-06
9.520035947237677837e-06
9.517051671916002212e-06
9.508588707376475349e-06
9.493323883589255139e-06
9.494830048500565843e-06
9.491089079650312453e-06
9.485796931206399771e-06
9.474051524496947003e-06
9.693597255212200946e-06
9.477660415768696789e-06
9.460493729041748461e-06
9.461345505693923008e-06
9.445028863031742960e-06
9.439627991317441487e-06
9.432280373857792962e-06
9.425592553498063421e-06
9.417244291777629675e-06
9.413306877377180810e-06
9.406435393657375718e-06
9.410216097194280105e-06
9.403478288732004030e-06
9.398577097575373739e-06
9.392943978051941295e-06
9.394111774933359282e-06
9.382159325165654530e-06
9.384164333141597629e-06
9.378422545296416434e-06
9.381088456924165786e-06
9.384831716564198250e-06
9.384026750088499813e-06
9.393624710961981462e-06
9.391325654254009377e-06
9.395183298389989677e-06
9.408079529293900462e-06
9.424979893992712645e-06
9.479926264930326832e-06
9.622856753897697320e-06
9.702312357073120209e-06
9.585706571518433914e-06
9.547283481576110894e-06
9.531801781577087308e-06
9.522448659330014299e-06
9.513211023583305529e-06
9.511463953610170677e-06
9.545079114256320362e-06
9.523433680745559612e-06
9.504383049640333859e-06
1.000305814992922702e-05
9.535959277021296344e-06
9.491343478202907203e-06
9.500125001219809556e-06
9.498279661481016448e-06
9.484115208048631200e-06
9.475974548725692927e-06
9.476587351855413912e-06
9.471575956846815792e-06
9.464607182583980924e-06
9.461373438170994090e-06
9.468782964177081040e-06
9.454607535038423943e-06
9.460072125572574643e-06
9.450022768836183038e-06
9.465700032175542464e-06
9.453319326363876664e-06
9.453605434449248931e-06
9.437650211339132714e-06
9.448553851522471984e-06
9.428727099323925916e-06
9.430338009982126518e-06
9.428420756118308189e-06
9.427840749367533610e-06
9.422654232290975727e-06
9.423071523618393951e-06
9.421194206424843829e-06
9.418508555730417179e-06
9.412360540181908251e-06
9.414620284360353998e-06
9.408491861222500961e-06
9.407109168175035454e-06
9.521417974838185892e-06
9.447974267307776135e-06
9.418899205684283312e-06
9.408480156404645654e-06
9.398992866257079037e-06
9.399059954754800095e-06
9.400757868813039723e-06
9.393985460898572739e-06
9.393310566565560429e-06
9.396772930282773720e-06
9.387804487535807637e-06
9.385205653037094554e-06
9.389984171548348968e-06
9.383738784360200463e-06
9.384003562521077164e-06
9.380507780178959501e-06
9.382234425932741223e-06
9.369456794653766718e-06
9.381769496409712376e-06
9.403888403009355736e-06
9.365374143044392208e-06
9.363751178928699377e-06
9.371051098696626372e-06
9.363604823420245909e-06
9.359100749103769966e-06
9.361270174395031673e-06
9.370085798536820492e-06
9.357589169288379124e-06
9.362581255724459892e-06
9.348125943612710704e-06
9.341382713804099720e-06
9.343158858049112889e-06
9.335687249555727358e-06
9.326476822479890300e-06
9.323913160415030988e-06
9.325542700935329573e-06
9.318635419125105782e-06
9.376690463417011441e-06
9.377055071884873025e-06
9.328557001708760022e-06
9.323901628780126001e-06
9.320026313920000359e-06
9.394495400935435074e-06
9.310502667479643931e-06
9.303532887088294211e-06
9.309405791858201617e-06
9.308483800320270361e-06
9.307474862225717245e-06
9.307936886671086879e-06
9.302295702582340806e-06
9.304579753006692790e-06
9.294567656752405292e-06
9.299724797150095231e-06
9.300510896916117662e-06
9.278709434662838764e-06
9.280298634545639804e-06
9.288978927391630579e-06
9.277817334426193008e-06
9.278630975965522487e-06
9.062945751641867723e-06
9.026549894315395085e-06
9.028405781918990447e-06
9.018492293080270796e-06
9.015038067445857179e-06
9.019880225575131535e-06
9.022068533113269137e-06
9.029287281615931885e-06
9.025165668011443394e-06
9.028000344339185218e-06
9.025723714254734237e-06
9.023419187315084516e-06
9.022272539217132253e-06
9.019446020677908483e-06
9.020843112921283639e-06
9.014253068168424706e-06
9.014510993665680871e-06
9.009996031939712568e-06
9.009793039543486368e-06
9.005044484335182134e-06
9.004952007292861898e-06
9.201345246765413186e-06
9.052396818939694150e-06
9.025397777122634173e-06
9.014224612731899089e-06
9.009418292104480193e-06
9.010412422867375833e-06
9.007108389672187094e-06
9.006883379925056604e-06
9.001735048741465339e-06
9.005190581395556990e-06
8.998977702579699555e-06
8.998682810291332778e-06
9.016674043399083353e-06
9.007899188873125579e-06
8.988457927898707838e-06
8.996521033092601588e-06
8.993874676358851883e-06
8.989513187316333507e-06
8.990087665855147684e-06
8.989174330811996384e-06
8.987828947889890934e-06
8.982905671928165925e-06
8.982953765250083200e-06
9.014913409070383899e-06
8.990073617951565307e-06
8.978546188700420791e-06
8.974538872053017258e-06
8.974297197331300514e-06
8.971903268199336518e-06
8.973925496699544939e-06
8.969733554901419476e-06
8.966192364141534606e-06
8.966665277891177116e-06
8.964948331519433225e-06
8.964998911551447778e-06
9.056722008153884117e-06
8.965735311979490540e-06
8.948752336361091503e-06
8.951161964887432648e-06
8.952431732798989613e-06
8.952905368839006743e-06
8.955574689177107228e-06
8.952641833654221223e-06
8.949690477493276540e-06
8.945563748360048034e-06
8.941651617533353369e-06
8.942854453456069026e-06
8.941127103601806313e-06
8.940363847311042170e-06
8.939419670165686321e-06
8.937133442638392985e-06
8.937540673438586068e-06
8.938787864281039490e-06
8.936744807594246908e-06
8.935248802875623927e-06
8.935418270160274331e-06
8.933021872887062450e-06
8.933942300852019269e-06
8.933019274763865424e-06
8.934220480038371982e-06
8.933100129221809141e-06
8.928221086534904655e-06
8.925287648935408973e-06
8.923560108466213839e-06
8.919852629484617974e-06
8.919541982853237396e-06
8.920659762452487891e-06
8.920289163067233803e-06
8.918133486304214349e-06
8.914742899529907452e-06
8.912452445883900035e-06
8.911304849258765002e-06
8.910631283166973857e-06
8.908842924408114455e-06
8.909116333294757114e-06
8.909564002124170656e-06
8.907834436892395430e-06
8.905060809259642820e-06
8.905147254457309041e-06
8.926306179925328496e-06
8.905707746483433956e-06
8.905822248455782240e-06
8.903805254476537337e-06
8.899110410614715020e-06
8.902711457873617779e-06
8.898469545783881953e-06
8.899956484356152399e-06
8.897610056995593423e-06
8.931332133291409753e-06
8.902884709414137529e-06
3.463756931372093616e-05
1.262847941385795549e-05
1.121486133797589018e-05
1.084015855629634888e-05
1.065482549620355746e-05
1.053537714483354655e-05
1.044550781254353527e-05
1.037442432865039710e-05
1.031759123028071758e-05
1.026462194886335055e-05
1.021755865319088740e-05
1.017923974321395941e-05
1.016624835642687733e-05
1.010349992460154084e-05
1.005835770873394179e-05
1.002004429703144171e-05
9.980374121975425162e-06
9.941823850946700090e-06
9.902037971490548131e-06
9.860866872865396625e-06
9.834754298860085166e-06
9.820500336369756761e-06
9.778199865877468188e-06
9.750601124854559393e-06
9.729980927583407462e-06
9.703922182400978366e-06
9.687272797312592305e-06
9.662868957320824102e-06
9.646478714557815625e-06
9.625708384722505485e-06
9.608951797493622195e-06
9.591810606555857690e-06
9.562775117425796262e-06
9.541663902155050417e-06
9.519384114658654137e-06
9.496636562668452268e-06
9.476049937878390720e-06
9.448439815666157682e-06
9.424631781485003789e-06
9.399686645868616746e-06
9.377671370126942422e-06
9.359508300879800375e-06
9.338484476681211476e-06
9.323145356650759674e-06
9.305674611823632839e-06
9.290559434778818476e-06
9.276392196776820577e-06
6.588175588452335079e-05
1.429171372516672533e-05
1.235481762705603669e-05
1.166710907530917598e-05
1.128724361099860581e-05
1.101018237174381834e-05
1.082284653724248827e-05
1.067905182253525695e-05
1.056019007099469864e-05
1.045620963585254909e-05
1.037384503395818133e-05
1.030417640284516281e-05
1.024431805793331858e-05
1.018867833370980644e-05
1.014012990594892431e-05
1.010225481422821738e-05
1.006612229540830053e-05
1.003483034423879892e-05
1.000403507949461826e-05
9.976803778878699983e-06
9.947118943500754675e-06
9.960015687511258265e-06
9.905942504625879757e-06
9.873768118874675008e-06
9.856386199847596012e-06
9.838139885308312828e-06
9.804506363479959573e-06
9.768408745761310037e-06
9.736447079452167219e-06
9.709846472105709497e-06
9.681855823373553333e-06
9.656999595411737154e-06
9.633245480623979699e-06
9.619924871913099941e-06
9.601628530996700756e-06
9.596066082243244895e-06
9.629402597587007886e-06
9.705391548398741301e-06
9.679638503333384600e-06
9.592325288470722342e-06
9.567768406668619922e-06
9.551657279871506373e-06
9.445898534371129638e-06
9.404258019003464548e-06
9.397602058243137503e-06
9.393139694869509076e-06
9.389094432966279673e-06
9.380861406119342090e-06
9.379461703626171897e-06
9.360942805945645981e-06
9.359003454013267630e-06
9.341624575730141924e-06
9.329199779131158517e-06
9.319198733995411122e-06
9.316626045953550953e-06
9.311495096350579014e-06
9.308688402901074056e-06
9.306572165617883966e-06
9.299910570537880860e-06
9.294398974664849067e-06
9.290289089752452753e-06
9.280730291720828227e-06
9.277059159558121289e-06
9.277316809554274200e-06
9.266045506137743224e-06
9.261650450677431776e-06
9.253835753497696037e-06
9.249246682353865837e-06
9.242752972795643376e-06
9.245925837149115368e-06
9.232473322147901812e-06
9.228459785314649817e-06
9.224042634059514628e-06
9.219977466348912377e-06
9.213879733351860088e-06
9.208764453963642644e-06
9.205226779158693552e-06
9.201437504771093265e-06
9.196312752237646140e-06
9.191201814928718472e-06
9.186548913930891674e-06
9.211195594313419032e-06
9.183625306832255339e-06
9.179428885014809743e-06
9.172502312443006465e-06
9.168583784078994527e-06
9.164765523716293717e-06
9.160692373673858319e-06
9.156228240196165685e-06
9.152144805663434970e-06
9.148138020691477023e-06
9.143873810823303634e-06
9.140047014473869430e-06
9.136430839665385091e-06
9.132411984182908579e-06
9.128936035267543319e-06
9.126692126149767102e-06
9.123015250906974706e-06
9.118793129800906714e-06
9.115718679974330480e-06
9.115107676128294661e-06
9.109536899813973996e-06
9.107091576652237767e-06
9.102639490947694122e-06
9.099284710600841208e-06
9.097161170454152256e-06
9.092931513047612646e-06
9.092454069635399135e-06
9.088701618414537557e-06
9.086468686897812010e-06
9.084069751755427231e-06
9.079565791883700539e-06
9.076258953655269240e-06
9.074826102353958075e-06
9.071856061382277064e-06
9.069745581200549264e-06
9.067051388835049367e-06
9.066413836838667576e-06
9.062516127566292985e-06
9.060743682312022564e-06
9.056932811972729424e-06
9.067952230073691842e-06
9.053108531513013457e-06
9.050057772507594334e-06
9.047777130414639413e-06
9.045025691799916663e-06
9.042694906232402751e-06
9.040174680497632619e-06
9.037317217159093909e-06
9.035158711488596719e-06
9.032473719419916987e-06
9.031462269604162429e-06
9.027810607828238375e-06
9.025990456545211139e-06
9.023966802033101179e-06
9.022273788256522439e-06
9.020176162266579245e-06
9.017150605738302827e-06
9.016426422476798343e-06
9.013304556901856909e-06
9.011971253964172604e-06
9.010348260668858813e-06
9.008067770916265151e-06
9.006376840261510116e-06
9.003070290797647376e-06
9.001877037538482326e-06
8.999488162923322687e-06
8.996944538921525033e-06
8.994090798447965942e-06
8.992192923263549130e-06
8.990381420517224023e-06
8.990637615321854436e-06
8.986097640596805167e-06
8.985781682516366371e-06
8.983068515059736836e-06
8.982213375929860144e-06
8.979786995647979703e-06
8.977657371739647892e-06
8.976155427641667179e-06
8.974007556616925285e-06
8.972925904799921866e-06
8.970338823625449359e-06
8.969117280533585256e-06
8.966009538274496147e-06
8.964908961388573110e-06
8.963212108028529221e-06
8.960546503355242055e-06
8.958999958016041282e-06
8.958738130407557866e-06
8.955449596517912970e-06
8.954872802936127084e-06
8.952859072905994118e-06
8.950873991201053776e-06
8.950917480585000784e-06
8.948340682006043079e-06
8.945678824829883931e-06
8.944154134269410386e-06
8.944895527444412015e-06
8.940758735889176159e-06
8.939846698391798620e-06
8.937908752765603428e-06
8.934298697719593441e-06
8.937661479725042118e-06
8.932778624360557162e-06
8.930985178494665482e-06
8.937516872341196502e-06
8.927087660974090605e-06
8.924684619463126779e-06
8.923854059427564146e-06
8.920779483787555567e-06
8.920340247489851805e-06
8.918255321456551441e-06
8.916046781071902965e-06
8.915297630665009046e-06
8.913266688447644349e-06
8.912267733573267604e-06
8.909114117159333071e-06
8.908117442085009764e-06
8.906137607406586717e-06
8.904277465262566151e-06
8.902894273129882978e-06
8.902777577001567006e-06
8.901515229808865115e-06
8.897444210257769704e-06
8.899198868827322474e-06
8.895535376420109073e-06
8.897131573727771540e-06
8.892468389755474176e-06
8.891462539774390631e-06
8.888367755920019577e-06
8.889758959564156857e-06
8.885832173367210212e-06
8.884699279481841748e-06
8.883696756356584617e-06
8.882321682979940196e-06
8.879460505113457154e-06
8.884426119190417663e-06
8.877167751582722155e-06
8.876420063188561268e-06
8.873937493945050140e-06
8.873186510527375842e-06
8.872395379739828465e-06
8.871203068186635650e-06
8.869431089427356668e-06
8.868535292094748679e-06
8.866335152030539521e-06
8.865281881753616522e-06
8.863151289991341020e-06
8.861693630706213908e-06
8.860099051162251000e-06
8.857899262390370808e-06
8.857843898037269368e-06
8.855990052249277048e-06
8.854925173409356056e-06
8.853050459644388743e-06
8.851811106751483342e-06
8.849241851294209482e-06
8.849812220432795110e-06
8.848787833812821394e-06
8.845676345572429019e-06
8.843943053686113143e-06
8.842743896290510325e-06
8.805004736511060510e-06
8.791442521669523422e-06
8.784601816008337719e-06
8.779607057931570493e-06
8.774654853975031115e-06
8.768973292111088711e-06
8.765899574048793063e-06
8.762753553052486983e-06
8.758824517371976845e-06
8.756440800728645179e-06
8.753541001927563013e-06
8.751838739347780533e-06
8.748963105063011522e-06
8.747240589173088259e-06
8.745656689370662342e-06
8.959548672464734680e-06
8.785609583128462641e-06
8.766615475224170205e-06
9.085521858954355377e-06
8.822720592813008888e-06
8.764641958123320229e-06
8.759691085818607285e-06
8.753872074673078930e-06
8.749479660536962301e-06
8.768576878234549753e-06
8.748351548319988679e-06
8.741380207387314025e-06
8.736392364880885201e-06
8.733135206284715191e-06
8.730531751173961269e-06
8.727789778125346137e-06
8.725887174326392312e-06
8.723801325534926565e-06
8.722442862942139888e-06
8.720974114263904900e-06
8.719852824015106104e-06
8.721838820520134002e-06
8.718121081680389525e-06
8.715680935059328966e-06
8.715097519598203254e-06
8.714035625416726526e-06
8.713631284914905988e-06
8.711986979127080426e-06
8.712190888218174697e-06
8.710962642150359272e-06
8.710152576819988005e-06
8.709075561152227008e-06
8.708371736171708285e-06
8.707170303902482048e-06
8.706523107093745007e-06
8.705716557339352059e-06
8.705153142803585830e-06
8.717751823041908684e-06
8.705226427991874245e-06
8.703464264954164555e-06
8.702328791135491000e-06
8.701233626500956057e-06
8.701266478586452337e-06
8.699341460669529489e-06
8.698590094885124750e-06
8.697276892917216580e-06
8.696968296438474329e-06
8.695835549967038800e-06
8.695974006135051131e-06
8.694689249750808542e-06
8.693511296466263863e-06
8.692488633338749600e-06
8.692004752219872221e-06
8.690619112788530224e-06
8.690144945452023273e-06
8.689189075236450975e-06
8.688720943913116529e-06
8.688038872530039395e-06
8.699126729728352768e-06
8.687855526735195903e-06
8.686287130027873168e-06
8.686010240808172153e-06
8.710119667891072864e-06
8.688801006731712990e-06
8.686881434414317685e-06
8.685427198997785832e-06
8.684266349519020946e-06
8.683297435254644844e-06
8.681081935340746950e-06
8.680763775146260944e-06
8.682179017114321576e-06
8.679020492460646634e-06
8.678845425341326911e-06
8.677734910331007506e-06
8.676980583004478763e-06
8.676322448006127812e-06
8.675493505734266432e-06
9.171828219223243989e-06
8.784486348455782025e-06
8.734073868102616790e-06
8.714080214910306034e-06
8.703685482866300248e-06
8.696723437727389851e-06
8.912816739060265840e-06
8.704647210606708947e-06
