9.981979537011889894e-06
8.961914474715134142e-06
9.190805670111027999e-06
9.173108108295005987e-06
9.152480766942971223e-06
9.122772968339632594e-06
9.084117818550415592e-06
9.010060162305914890e-06
8.992596600592150190e-06
8.996302206393617387e-06
8.997276025866086089e-06
9.002971123663883665e-06
9.008800185862734581e-06
9.008860360684896058e-06
8.998055705357425058e-06
8.991561169674848600e-06
9.000439824831118769e-06
8.988875608793022801e-06
9.019494599063666591e-06
8.979765217039433950e-06
8.977977560486275022e-06
8.976111809033682559e-06
8.965192060941262549e-06
8.958231815464993083e-06
8.962868579374116488e-06
8.962533669697829160e-06
8.954663691914295520e-06
8.951862313324454048e-06
8.948742466827752854e-06
8.947837904997868734e-06
8.936365619168403290e-06
8.943286707866112946e-06
9.165247110634785062e-06
9.066140142598063320e-06
8.983360312792380966e-06
8.976422842200312068e-06
8.971165158679165206e-06
8.946130259725274884e-06
8.941245768786150810e-06
8.932265330940936110e-06
8.943871735027642599e-06
8.942971259102705923e-06
8.943588025734547275e-06
8.941050603349746996e-06
8.943905908533149511e-06
8.939961957897443181e-06
8.930163137392809906e-06
8.926913584446084150e-06
8.927543325777756669e-06
8.934169402815920279e-06
8.944204027632926050e-06
8.925602664551964005e-06
8.934309008736817672e-06
8.927022862129281328e-06
8.927946410418978180e-06
8.929119508896596043e-06
8.924273705209392532e-06
8.927290796615731250e-06
8.934953183370452512e-06
8.977291188330127083e-06
8.960184724552769736e-06
8.955800097586082966e-06
8.972080642403550122e-06
9.016697485246064430e-06
9.123763342510453402e-06
9.235269041406961367e-06
9.171535900425927532e-06
9.110041294585849593e-06
9.094607857681088337e-06
9.087210823205775625e-06
9.088598860671481342e-06
9.058890176068720352e-06
9.068737402155117178e-06
9.055964094386581361e-06
9.066142032452262559e-06
9.049597535977226771e-06
9.052177607221285769e-06
9.046570386317399193e-06
9.042074250752799453e-06
9.038701360471653590e-06
9.038703679683142094e-06
9.055945135590566530e-06
9.020311763758096454e-06
9.034408693272174068e-06
9.032228300990633257e-06
9.030264813342606947e-06
9.039506324294658288e-06
9.022033169306571416e-06
9.041044354489713035e-06
9.019878300856968095e-06
9.020595749310208255e-06
9.022355853858244333e-06
9.012162859865687083e-06
9.010007598059625991e-06
9.018470941176322264e-06
9.007922078581032856e-06
9.127924336477614422e-06
9.032506072799151365e-06
8.981322680862528559e-06
8.997431577123885468e-06
8.988724797897399294e-06
8.973631432430314369e-06
8.973224695409953169e-06
8.969372144065346694e-06
8.974360744105070101e-06
8.983498007637535988e-06
8.969535368047824988e-06
8.970758717244583098e-06
8.977348581993282870e-06
8.975204086330752659e-06
8.969496487528279960e-06
8.975066903076367385e-06
8.969954961912662839e-06
8.971266071663800489e-06
8.985274343255393107e-06
8.969562273932751308e-06
8.962671749562408361e-06
8.962871963831276680e-06
8.957892600468160695e-06
8.951795328281756604e-06
8.950846332709261197e-06
8.958957125363060676e-06
1.190727521210040621e-05
1.093122716383732088e-05
1.065513702049732511e-05
1.049411317922022061e-05
1.031333935884504226e-05
1.014813501645524744e-05
1.004905018589852248e-05
9.954470893944744467e-06
9.882930826279334182e-06
9.840342449933814622e-06
9.805846891595138207e-06
9.795183707410615441e-06
9.759170573412727357e-06
9.746473701473708240e-06
9.714470829370232884e-06
9.685919796993403742e-06
9.650150087357663311e-06
9.640441446663316428e-06
9.610543743671466418e-06
9.590108339428600955e-06
9.582452592364159078e-06
9.563928803117959936e-06
9.547052372909093420e-06
9.537455030113051248e-06
9.522791474031086004e-06
9.508384384465291703e-06
9.499613339585266590e-06
9.489556524613363667e-06
9.468429291625095391e-06
9.453266946669221181e-06
9.453381635845896618e-06
9.436882353005178819e-06
9.422377446526298327e-06
9.446164878757676208e-06
9.402020918590399547e-06
9.387819055367193353e-06
9.389246090449887086e-06
9.377891283672093819e-06
9.365838585987755472e-06
9.349622263243873699e-06
9.336032053397503428e-06
9.327889022188174585e-06
9.332474888879005448e-06
9.335209408997495044e-06
9.309592001045529586e-06
9.330139138986245489e-06
9.308534524355612582e-06
9.307955504406588545e-06
9.302177246581778123e-06
9.299523110636679772e-06
9.283219806472213634e-06
9.286361753311211129e-06
9.272752456202699943e-06
9.270484068035026321e-06
9.830990173895769754e-06
9.660953140837592101e-06
9.390287175392586505e-06
9.319595129682056451e-06
9.303342039099031773e-06
9.297967835285211305e-06
9.284992523816982041e-06
9.289709802639360749e-06
9.278666309834686027e-06
9.279731695717904205e-06
9.269577055495878111e-06
9.275772223039287844e-06
9.262188186009249753e-06
9.217094296142629208e-06
9.269419542761170576e-06
9.265281636317013858e-06
9.245529774564905376e-06
9.230800852719767000e-06
9.236692997092176580e-06
9.222392099369851247e-06
9.217067590346536194e-06
9.217582627722246608e-06
9.214553005752652655e-06
9.215410453104292215e-06
9.191987890062592505e-06
9.196348179708971563e-06
9.182952632045270644e-06
9.152214100443720033e-06
9.166999486751592350e-06
9.185637550975418402e-06
9.197554014311511703e-06
9.192300141952122253e-06
9.178369801550918816e-06
9.170023857526150518e-06
9.163981879585965395e-06
9.165664379982748624e-06
9.160150301947093807e-06
9.167748398037171967e-06
9.166006127543369821e-06
9.170950447317712187e-06
9.161797037980553551e-06
9.154210312847983833e-06
9.174500383248110572e-06
9.157165173216223742e-06
9.150736564151885268e-06
9.156081656935081010e-06
9.147755564905916202e-06
9.145681248886224429e-06
9.139460059941484292e-06
9.132650304006043548e-06
9.123687650571810217e-06
9.115900043070724378e-06
9.110227349159080024e-06
9.102822803773353929e-06
9.177894926324369843e-06
9.088730148884375664e-06
9.114002015924900377e-06
9.102235443000003174e-06
9.096983258890153212e-06
9.089156147486695392e-06
9.396383780237252628e-06
9.126735184281642636e-06
9.097351564075021265e-06
9.073905306801559176e-06
9.023091958700509696e-06
9.071713905844566221e-06
9.488946329838653814e-06
9.151301043175408267e-06
9.084660201400159086e-06
9.028040146858984101e-06
9.073296643767510757e-06
9.057509243272459013e-06
1.387965609031501497e-05
1.124270533447694649e-05
1.116139538832309583e-05
1.096954243128796752e-05
1.079818649069845079e-05
1.071581644093081752e-05
1.060769511279128648e-05
1.044317342120848473e-05
1.008217930916543910e-05
9.768288192238591051e-06
9.678978650905871507e-06
9.614222451925039193e-06
9.522769538155747280e-06
9.458300954368800267e-06
9.428153033089378056e-06
9.399934123166531547e-06
9.374662949236760493e-06
9.353834259021216475e-06
9.308265588288122062e-06
1.244863050336183122e-05
1.072128516511838771e-05
1.052973170089899288e-05
1.008771536741429943e-05
9.840371889898354502e-06
9.701994353387513953e-06
9.624463837856940619e-06
9.526839774783486486e-06
9.459671203633963582e-06
9.407247412506573926e-06
9.409556729451652081e-06
9.378460087721881953e-06
9.359339171245059563e-06
9.337427577520429893e-06
9.324952775007962089e-06
9.308555662149349281e-06
9.291792614097478474e-06
9.274337589128360391e-06
9.269655528972482750e-06
9.251208653419478229e-06
9.248461377258840164e-06
9.243933801599268850e-06
9.237959649984380989e-06
9.235864250361677639e-06
9.233130951618780328e-06
9.215295629019237619e-06
9.210621322305692930e-06
9.199680011230763752e-06
9.215383444522255504e-06
9.182853284528392007e-06
9.176162819812816451e-06
9.171762389996728919e-06
9.171042157731791025e-06
9.164047727381329858e-06
9.162541319938099585e-06
9.162014100259815094e-06
9.154403663842458356e-06
9.148102758066064942e-06
9.149775784559703573e-06
9.153127228576825799e-06
1.077492546490551295e-05
9.683731778977744533e-06
9.373629900437663580e-06
9.263873985977018953e-06
9.232573601517894341e-06
9.214791026958360723e-06
9.201676095926814692e-06
9.205644200089106846e-06
9.203660973374401544e-06
9.174325318402528823e-06
9.176244326454252316e-06
9.160756695412904590e-06
9.145185425722956261e-06
9.162498085970583380e-06
9.170246179337483131e-06
9.144632280898198681e-06
9.141309649673226657e-06
9.147024514580455196e-06
9.144716820325508313e-06
9.144612013945636829e-06
9.142674307440757633e-06
9.139468396976249979e-06
9.140369855913377860e-06
9.128552282315164501e-06
9.128371220109935479e-06
9.119107652016585628e-06
9.115828523439025916e-06
9.118704249431174599e-06
9.113704704380628442e-06
9.109422182215590823e-06
9.086469166656267060e-06
9.094903898964426953e-06
9.074680014767485799e-06
9.104929533047350138e-06
9.085621304999827609e-06
9.079810848409882042e-06
9.078633044055095050e-06
9.065338484788299363e-06
9.066873253307980148e-06
9.068813266897753225e-06
9.054316511386180253e-06
9.067135275699911087e-06
9.064185694569460629e-06
9.058928842478053547e-06
9.048342504153575824e-06
9.057113789291785919e-06
9.039336614857044078e-06
9.053335547832830411e-06
9.045417906084670455e-06
9.039524196623459994e-06
9.031690725578300297e-06
9.033482562017526010e-06
9.033988813674417162e-06
9.039761807040728190e-06
9.032575445644396727e-06
9.030241349137213750e-06
9.029406555024859209e-06
9.037340363799255046e-06
9.031834536017412874e-06
9.017359448838154894e-06
9.019289850205798947e-06
9.015328831007232791e-06
9.018966972765459023e-06
9.019305774700115259e-06
9.016097191079098090e-06
9.022419889864371549e-06
9.029369070579681538e-06
9.023944265512303384e-06
9.018311545029670260e-06
9.015217547509260678e-06
9.028610400415951491e-06
9.022695312902821041e-06
9.025479318628034238e-06
9.012330289124292090e-06
9.015782064807353145e-06
9.019056971434717267e-06
9.010913015572440831e-06
9.012125633489632260e-06
9.014703495798433513e-06
9.015242552929217886e-06
9.577321250541596660e-06
9.234869302190419052e-06
9.061703527398398323e-06
9.025113609671582695e-06
9.019907114407033213e-06
9.018061134611344274e-06
9.006960461874768140e-06
8.997583831084436849e-06
8.986457245327983943e-06
8.991148572855914718e-06
8.989673558896052959e-06
8.983343532994088004e-06
8.997421089892061413e-06
8.986533224515369240e-06
8.981070729987550091e-06
8.995310702554585661e-06
8.979689460678249842e-06
8.981302739812235746e-06
8.987390694604376683e-06
8.981827863863146145e-06
8.994054196212649600e-06
8.997573948666588660e-06
8.979528253121316355e-06
9.001200436008123675e-06
8.977150736579157312e-06
8.981766868222014759e-06
8.979006145182210846e-06
8.974053916593523070e-06
8.968136916488825497e-06
8.965819004060904737e-06
8.958858415250385825e-06
8.964924259089457201e-06
8.964248679982726517e-06
8.980703862941178200e-06
8.966944438194938825e-06
8.969192768593832409e-06
8.960666043549281583e-06
8.964181143179909342e-06
9.111816869638762626e-06
8.989737914362194444e-06
8.959426916514226874e-06
8.957046430471867694e-06
8.948208253135210509e-06
8.954910648905449523e-06
8.955231910476868710e-06
8.956902058419777043e-06
8.964259959611809356e-06
8.954642097478427419e-06
8.959801443021812376e-06
8.958865289135549493e-06
8.952932259944646395e-06
8.945194842150765147e-06
8.946417143533835363e-06
8.949392812003983594e-06
8.956373232725430158e-06
8.964266029352075380e-06
8.970340710069043332e-06
8.998004688010041718e-06
8.953960099991793787e-06
8.961655613954158818e-06
8.940958105464839393e-06
8.937913109624181566e-06
8.947945964716078895e-06
8.951364209982178371e-06
8.939253765826530519e-06
8.951274487571936605e-06
8.941933515037211446e-06
8.932671249037109611e-06
8.941439065968855975e-06
8.945771822178964964e-06
8.937819650706539112e-06
9.144534479901268145e-06
8.977946089695857738e-06
8.946175951223267407e-06
8.933909017135495750e-06
8.926372725378920874e-06
8.927925990368141846e-06
8.909177875011664989e-06
8.937894053815397891e-06
8.911911196491928490e-06
8.923941644904212850e-06
8.927519721737554295e-06
8.926129065685018256e-06
9.249247516057341898e-06
9.009631357533483614e-06
8.950572118161896143e-06
8.924236156341673937e-06
8.914501441192138821e-06
8.908353185006490839e-06
8.917720118309564815e-06
8.906827782766412547e-06
8.885878577681674775e-06
8.891952910895876486e-06
8.899106494861068394e-06
8.894528014025126711e-06
8.902066374124236931e-06
8.901295549700686472e-06
8.908826809298867416e-06
8.918884290475641015e-06
8.900537034908968882e-06
8.896946123968518669e-06
8.901892229763082591e-06
8.907556764370384140e-06
8.881735296881743667e-06
8.892318496691587729e-06
8.887772721285120919e-06
8.886375230379902208e-06
8.891331941261644702e-06
8.909970702385787140e-06
8.877853008470993468e-06
8.886448063852489239e-06
8.900131194119845844e-06
8.879181887095910904e-06
8.888369605604868833e-06
8.893214730202695517e-06
8.892364657337263736e-06
8.890382615239407696e-06
8.889659728007852222e-06
8.894939660043139849e-06
8.874288972341068101e-06
8.876020386120823597e-06
1.011204002528150605e-05
9.489906023342579842e-06
9.097885664838637417e-06
9.017202769427967656e-06
8.974331821794597280e-06
8.956799437858837962e-06
8.947769722832769947e-06
8.949151808792521614e-06
8.945172390137182421e-06
8.936099821615546432e-06
8.934992226462176295e-06
8.925839566700232721e-06
8.924928110900509095e-06
8.935994634005813494e-06
8.927489496196964471e-06
8.934783834699071541e-06
8.927511884545917802e-06
8.932011337871397142e-06
8.915939926813129434e-06
8.920169389436219826e-06
8.917965604193037277e-06
8.921876235111388594e-06
8.902615841179794894e-06
8.913228797382543602e-06
8.895718899566417987e-06
8.892386423061301643e-06
8.919628323080056945e-06
8.904485294275825538e-06
8.905767628372511773e-06
8.900589111059767445e-06
8.922856445678916412e-06
8.907733991918576337e-06
8.920521604143990933e-06
8.908860494329928228e-06
8.892674167858180320e-06
3.168089542327834541e-05
1.712485755282007984e-05
1.152778250760396430e-05
1.120362411067314151e-05
1.107065488971178115e-05
1.096878666013859938e-05
1.088906355221297499e-05
1.081825596505344404e-05
1.076109028000852674e-05
1.071395311555534075e-05
1.067104029592277054e-05
1.063746359856546955e-05
1.061196586306323243e-05
1.059381517620749946e-05
1.057682554763535574e-05
1.056190221750815236e-05
1.054491164040882756e-05
1.052632410164733348e-05
1.051261127713587518e-05
1.049232485343054659e-05
1.047577130937800935e-05
1.046403924760852526e-05
1.053969503232110664e-05
1.042786222872867568e-05
1.041333293831788442e-05
1.039674569256021580e-05
1.037703013442599845e-05
1.036281986936652819e-05
1.034002255816327829e-05
1.032222080539213561e-05
1.030419294882752556e-05
1.029556445587331857e-05
1.027949171733174122e-05
1.026416062889741937e-05
1.025359594526283557e-05
1.024508608907126533e-05
1.023653781013914877e-05
1.022628723944762876e-05
1.021720377025303680e-05
1.020911311419088919e-05
1.020559957927010485e-05
1.019764690227020826e-05
1.019606662907790464e-05
1.020220864612989901e-05
1.019695552486155106e-05
1.019102347754596849e-05
1.018591042414603513e-05
1.017574075831362293e-05
1.017086641165102923e-05
1.016571227827019736e-05
1.016436924828667563e-05
1.016055456678562508e-05
1.016066025234370839e-05
1.015941920930648298e-05
1.015473384275840884e-05
1.015287790323782294e-05
1.015078617532102190e-05
1.014773099655030846e-05
1.014270292936695779e-05
1.013834217398349882e-05
1.014051789222018351e-05
1.013805059301375857e-05
1.013677720493433238e-05
1.014702065049277809e-05
1.015128515935733415e-05
1.015682358949258504e-05
1.016275330963859789e-05
1.016515503617180586e-05
1.015900562341206228e-05
1.015786179664246399e-05
1.016750176214979174e-05
1.016982499777441296e-05
1.018320133766792471e-05
1.017699871681543368e-05
1.016731802868283371e-05
1.016692843336386431e-05
1.017140786492139680e-05
1.016826700038109225e-05
1.018946955430995636e-05
1.016822535575556617e-05
1.022731986154212845e-05
1.037477481721301332e-05
1.034589009994609440e-05
1.019634570714818756e-05
1.018552485940441906e-05
1.019299917137080575e-05
1.019131175098664325e-05
1.019019585176768772e-05
1.018663148821967026e-05
1.019757077945844936e-05
1.018855986255099794e-05
1.019481535536215159e-05
1.019738738629409128e-05
1.020579068646535912e-05
1.020396856688421320e-05
1.020915601126641072e-05
1.021869403227052839e-05
1.021558771716020981e-05
1.023824707279648811e-05
1.024285286424249867e-05
1.022273545534820418e-05
1.022461932772481861e-05
1.023986168509812519e-05
1.024080396026268549e-05
1.018798913150931178e-05
1.023299793359910823e-05
1.022933012298684192e-05
1.023368893129372703e-05
1.021887114802666508e-05
1.022668251342414269e-05
1.021779609914119633e-05
1.022259529880405604e-05
1.019579101352974221e-05
1.022102486217590908e-05
1.019490026161899177e-05
1.021795908286549133e-05
1.021070556172768736e-05
1.020778000831038868e-05
1.021646417749858932e-05
1.021195766573631121e-05
1.021116059556940610e-05
1.019543901975339348e-05
1.019942811619027160e-05
1.019577649193100379e-05
1.018275552117605247e-05
1.016769374738638885e-05
1.016866650085527603e-05
1.092248641763641587e-05
1.023362481078038474e-05
1.020738024294587322e-05
1.019987352985178180e-05
1.020125949556434860e-05
1.018835062685260132e-05
1.018289555380154878e-05
1.017419559313263216e-05
1.016321534014726484e-05
1.017371287616697414e-05
1.015815344355056992e-05
1.018084485773821673e-05
1.013585838942769103e-05
1.014613015627219304e-05
1.011988353714817420e-05
1.013500584993683611e-05
1.012503474460875949e-05
1.008921715879296311e-05
1.006153877597171184e-05
1.005716638815101801e-05
1.005390508377483219e-05
1.007712827534608815e-05
1.005833028860555029e-05
1.006971240561445837e-05
1.006096382449565314e-05
1.005673176526518878e-05
1.006369885468908774e-05
1.005882185343883392e-05
1.006165744646144381e-05
1.005101608977080783e-05
1.005609343754561709e-05
1.004957560553521028e-05
1.005569359335822810e-05
1.004235751073186612e-05
1.004873894657976066e-05
1.004128839933097628e-05
1.004529164712645701e-05
1.005119811262981425e-05
1.003805262295524475e-05
1.004661208905114787e-05
1.009555943899916513e-05
1.006688033006260731e-05
1.004249562924997055e-05
1.004872700150372037e-05
1.004156236300938648e-05
1.004279333680339400e-05
1.004301175422976139e-05
1.005192916181840626e-05
1.004402317751858703e-05
1.003781894610256104e-05
1.004424269467563115e-05
1.003708764907666367e-05
1.002859295378281447e-05
1.003981198967570293e-05
1.003504874840170100e-05
1.003326156478578998e-05
1.003377565704492289e-05
1.682202240999686155e-05
1.099759355687031903e-05
1.082728354920921800e-05
1.069013463469067024e-05
1.061527907874430347e-05
1.057103511357127024e-05
1.055737473810343837e-05
1.057257350604838129e-05
1.056689050604594102e-05
1.055199437397883780e-05
1.053495312324533487e-05
1.047627914961897910e-05
1.044043358585137588e-05
1.041174970699406377e-05
1.039897152092332003e-05
1.038087847291535615e-05
1.035730468894750290e-05
1.034834444491631638e-05
1.031748087370942765e-05
1.029478263376404330e-05
1.028952741080502226e-05
1.027718832043925988e-05
1.026883882370081278e-05
1.025948426899958516e-05
1.024104178971659553e-05
1.023612082008185118e-05
1.022537508712654621e-05
1.021398322639773521e-05
1.020682757409000796e-05
1.020173025229572221e-05
1.020170879314719073e-05
1.019955122349832253e-05
1.019592796486297949e-05
1.019475564400333205e-05
1.019088260136413778e-05
1.018763857852415294e-05
1.018395651840364789e-05
1.017825290280901225e-05
1.017601239444350764e-05
1.017517758555186474e-05
1.017798147055752187e-05
1.016834253884250519e-05
1.016269082507885049e-05
1.016408551284560716e-05
1.016041143543588933e-05
1.016078985306497475e-05
1.016188402748715219e-05
1.015620881351727280e-05
1.015125153079073474e-05
1.015156516359638772e-05
1.015493122887770925e-05
1.014502045829127912e-05
1.014359675423293029e-05
1.014391797374022067e-05
1.013565483314475047e-05
1.014276687669735145e-05
1.013109311846468068e-05
1.013111588008541764e-05
1.013272426462208420e-05
1.012683714634476955e-05
1.012702510441461860e-05
1.012973991616187661e-05
1.029872264363499884e-05
1.013702446130082481e-05
1.012287651102875859e-05
1.011492951268640653e-05
1.011220323258991547e-05
1.010493609480060228e-05
1.009961192077450139e-05
1.009442314777212863e-05
1.009256702900529510e-05
1.009315609735494966e-05
1.008947473640849558e-05
1.009099545437190194e-05
1.008264909425330799e-05
1.008878712885537683e-05
1.007746127622037108e-05
1.007956349326377670e-05
1.007215652672736493e-05
1.008063934098875731e-05
1.007198019730518971e-05
1.006951201361516717e-05
1.006161048811312324e-05
1.005630611340772377e-05
1.006011031601398555e-05
1.005665185478695358e-05
1.005770489655333215e-05
1.004433547791450035e-05
1.004570555323880351e-05
1.005308560517429791e-05
1.004560367505291658e-05
1.004277432836412661e-05
1.004405266902115999e-05
1.004373354627811438e-05
1.004105693975058560e-05
1.004554348431459776e-05
1.003849985787989308e-05
1.004139688651169688e-05
1.005288256465064559e-05
1.009652703487518011e-05
1.006217391288070527e-05
1.006041360369636163e-05
1.006355191634611476e-05
1.006787278925003234e-05
1.007605992451014239e-05
1.008781017048932039e-05
1.007428203062469662e-05
1.007023668118260265e-05
1.008386054460667480e-05
1.008205053722122048e-05
1.010276012834765479e-05
1.010317162354112972e-05
1.005720465589850765e-05
1.010556609154870560e-05
1.008656896942739049e-05
1.008428212495952497e-05
1.010400086329354902e-05
1.011370874910729336e-05
1.009160528004334327e-05
1.010136359885412500e-05
1.010822573296839817e-05
1.003858656076772638e-05
1.011570062056913807e-05
1.010357139155833723e-05
1.010673448869662690e-05
1.009524721856299262e-05
1.010265482780899566e-05
1.082687720857696407e-05
1.023919789039003487e-05
1.008137415131689841e-05
1.013171438936903311e-05
1.011186121483357680e-05
1.011842199848918772e-05
1.013787382097082879e-05
1.018199109656355556e-05
1.004817574198568777e-05
1.013156922150907671e-05
1.010574989512254779e-05
1.013592055869594265e-05
1.020264225227644350e-05
1.015058394121600350e-05
1.012431387039214355e-05
1.010983509407499947e-05
1.010406838114856103e-05
1.012442288394292226e-05
1.010784767913719379e-05
1.030093786463718652e-05
1.015286344757745019e-05
1.009647854175455029e-05
1.008474999101357196e-05
1.011070438039496366e-05
1.002082912653653082e-05
1.018403025796032974e-05
1.009507282409079665e-05
1.010917357158784052e-05
1.007207912607555065e-05
1.012842383753801865e-05
1.010520049855282806e-05
1.011654689705210249e-05
1.005047903201254193e-05
1.009956721304661160e-05
1.013295579241457684e-05
1.011782299845738988e-05
1.006286380326552357e-05
1.010531437790026092e-05
1.012572522692304750e-05
1.009980401439255044e-05
1.006921615157807618e-05
1.010236876178775389e-05
1.018295541446908177e-05
1.008672171792568359e-05
1.008690282181608734e-05
1.009136026671815956e-05
1.007698518681839612e-05
1.010312000820097936e-05
1.004260734778957517e-05
1.008547017136152101e-05
1.007238233341922676e-05
1.055476122094963455e-05
1.012842210229791865e-05
1.012990757014146501e-05
1.009914005938602102e-05
1.002157679295123705e-05
1.008194996643396735e-05
1.009282007127391502e-05
1.010861574627597374e-05
1.016386890834534600e-05
1.008456526543947423e-05
1.007930306930878270e-05
1.014277942014511283e-05
1.007199360628874355e-05
1.009940364194032283e-05
1.008700800563625925e-05
1.003190435691673503e-05
1.009687215628218824e-05
1.010978066725935347e-05
1.006393487311167207e-05
1.009240149490627342e-05
1.018201488780808509e-05
1.008928393389396721e-05
1.008479539298908440e-05
1.007113455708956009e-05
1.005897027084756626e-05
1.012893710026219230e-05
1.006143412041637856e-05
1.002951430374802514e-05
1.007035914994958080e-05
1.009890145382996700e-05
1.007320864497766320e-05
1.001382116631551349e-05
1.000856545715578263e-05
1.002710240072701634e-05
1.007974457669054885e-05
1.005359846317333069e-05
1.007806993660172576e-05
1.002148135133514500e-05
1.002577537936607192e-05
1.008101141868185923e-05
1.003999028057478460e-05
1.007769847016485616e-05
1.003154883998528591e-05
1.007471794271926601e-05
1.014652792605374937e-05
1.005976383832300259e-05
1.006195954497949637e-05
1.004850274663719242e-05
1.007439412698355912e-05
1.006125198387053442e-05
1.007031382149155780e-05
1.010480648953186336e-05
1.001923930706046386e-05
1.006770828439584916e-05
1.005870835115274571e-05
1.006636902692055961e-05
1.005737883701840501e-05
1.004109933243550199e-05
1.008799448906453760e-05
1.024390994643908891e-05
1.003818933630403332e-05
1.011255774756136823e-05
1.009925625718703255e-05
1.006163711319156052e-05
1.002794901296510984e-05
1.007479217340308770e-05
1.014378728617278542e-05
1.006429566662821690e-05
1.007874094246593189e-05
1.008421210372034680e-05
1.129068195912926363e-05
1.074166929508161597e-05
1.012442378017415873e-05
1.006575438850632027e-05
1.004090285618985911e-05
1.004676698660963035e-05
1.002889897108616485e-05
1.004840270449373367e-05
1.007190006475866485e-05
1.006133985204845268e-05
1.000334523193184029e-05
1.010045670682302504e-05
1.005488308048067394e-05
1.002282106052613594e-05
1.005608738978480742e-05
1.006305572066897449e-05
1.004012827138467448e-05
1.004975883006409229e-05
1.003627280927806555e-05
1.004854772418184391e-05
1.004909192677890418e-05
1.012556172933424647e-05
1.002396800951525308e-05
9.986685567279588932e-06
1.003448818399495734e-05
9.813403225204335773e-06
9.820369944009144837e-06
9.834651477452401250e-06
9.845994444503958356e-06
9.861882855754325756e-06
9.858925207405869624e-06
9.857255508904928088e-06
9.859571328358166800e-06
1.276933220310638724e-05
1.008515909006746369e-05
9.971426421013044269e-06
9.966577581129361724e-06
9.970008726819893101e-06
9.962780091351911298e-06
9.950268337585536159e-06
9.941421013763829861e-06
9.935825815621986416e-06
9.934560203343305296e-06
9.933224417485083050e-06
9.930256757115785352e-06
9.927964498880706987e-06
9.925126298639953251e-06
9.924115876174254984e-06
9.923260761676526692e-06
9.919447494060781360e-06
9.917813047953434410e-06
9.913249623044370471e-06
9.911600457523188075e-06
9.903413172575407106e-06
9.867614126430150409e-06
9.870566079446993130e-06
9.863011525794718114e-06
9.860031461433512443e-06
9.854406186680838555e-06
9.849170057805167270e-06
9.846161166251477106e-06
9.841747663585920575e-06
9.844857015271675651e-06
9.858315543169738065e-06
9.854481389766078182e-06
9.849932134784466240e-06
9.847190441405472851e-06
9.839880761243572369e-06
9.845037766732881454e-06
9.843377536071783816e-06
9.843770647724644758e-06
9.842834768960529365e-06
9.833502900846724515e-06
9.848555865801245226e-06
9.824111266425461779e-06
9.848049750568557985e-06
9.845764498474333790e-06
9.848976476405369495e-06
9.846978748934513139e-06
9.824051656626883643e-06
9.850259184910706650e-06
9.828177746840083612e-06
9.849297396537319752e-06
9.824611977364838754e-06
9.848311665715905972e-06
9.816746061990973146e-06
9.845860253866096866e-06
9.819283732592036236e-06
9.847442189917880040e-06
9.828493020146804033e-06
9.846195952907995169e-06
9.830438062484365776e-06
9.843715825657758776e-06
9.840573811364569160e-06
9.825223035780557154e-06
9.839949364807884288e-06
9.837375243174998823e-06
9.836776379946362347e-06
9.835156756707874457e-06
9.837190829481793294e-06
9.834765561057187599e-06
9.835343044718077642e-06
9.836175997103660754e-06
9.837822071858681535e-06
9.836917263707315121e-06
9.831817891002477819e-06
9.838968917771732519e-06
9.838899765099994607e-06
9.838370637756573011e-06
9.829939001519960516e-06
9.830283604136032599e-06
9.834582344486383413e-06
9.840792483828408199e-06
9.835291304701362225e-06
9.827654734332706349e-06
9.837127701454543099e-06
9.835302669974529120e-06
9.831727159811029154e-06
9.833038655718458277e-06
9.837685669253914492e-06
9.834110040477146787e-06
9.834797819697391107e-06
9.836406442218502985e-06
9.833894217763372852e-06
9.834711696991386965e-06
9.825491601607911856e-06
9.829763048780174197e-06
9.832939376792637360e-06
9.828263517874803024e-06
1.004788444750677980e-05
9.831160366881401739e-06
1.028725955317592354e-05
9.849988630700560807e-06
9.807928903076875086e-06
9.817045328948855926e-06
9.825711507194985427e-06
9.833504299194828152e-06
9.810608620076285551e-06
9.838402592473963836e-06
9.834666870650229435e-06
9.816388979591769072e-06
9.835891717481596306e-06
9.830788533993957355e-06
9.828704268481184425e-06
9.828279436684776095e-06
9.829653547133906843e-06
9.833186810889552675e-06
9.822105612708279608e-06
9.831374878785936608e-06
9.834571518088826709e-06
9.834856931168663106e-06
9.823586139342903572e-06
9.835902839085974644e-06
9.827379767936388259e-06
1.004442429007212882e-05
9.857161501258815406e-06
9.844901463414619535e-06
9.840460744878024995e-06
9.826863615671755289e-06
9.836719101485869032e-06
1.074121239601784808e-05
1.000784138038094788e-05
9.940450310447582701e-06
9.914449486814192253e-06
1.134080505645821733e-05
1.035960056431880099e-05
1.012264787580837309e-05
1.004314702413466801e-05
9.998717818007207960e-06
9.977570763718783599e-06
9.949417281328957409e-06
9.942856676161682591e-06
9.941203441409621628e-06
9.937180615982773367e-06
9.932871905296754029e-06
9.930312077888933236e-06
9.926798961714666599e-06
9.924002365930088956e-06
9.921059263812517949e-06
9.918852144513342687e-06
9.904585395664374173e-06
9.882295503302884279e-06
9.865844724951481086e-06
9.896222413393237688e-06
9.862957289594002840e-06
9.857089380602702109e-06
9.849907467014418623e-06
9.838503425119900846e-06
9.828508674066445416e-06
9.835308756388864022e-06
9.808571915831028546e-06
9.815121103429191862e-06
9.839304472810303154e-06
9.837697966759151042e-06
9.838136655844209328e-06
9.830868302742601169e-06
9.814042997883614167e-06
9.812650965841384916e-06
9.815056639960554203e-06
9.832377138915640873e-06
9.827894388081404031e-06
9.816188346955338818e-06
9.826077548495959084e-06
9.852510150949456892e-06
9.824779727220327017e-06
9.822509932746470237e-06
9.806699958592920218e-06
9.808876065259634349e-06
9.829253730231358300e-06
9.837958079591166055e-06
9.826162446415765675e-06
9.824736010841662024e-06
9.805635428392634454e-06
9.826843347203370379e-06
9.842687127274985231e-06
9.825838496529589459e-06
9.824649551622617277e-06
9.810379698365067773e-06
9.828271009079496333e-06
9.807718238713884887e-06
9.813529174683329739e-06
9.816907354055123396e-06
9.808002187886207736e-06
9.830023668276528938e-06
9.831372333716595718e-06
9.825348436531082587e-06
9.823801384527542084e-06
9.834759827072048956e-06
9.823174898807944522e-06
9.821797465671504155e-06
9.824286447231619224e-06
9.824699950513605376e-06
9.821712480591788757e-06
9.819328207261909035e-06
9.823705694695187226e-06
9.822935123414329597e-06
9.829902105214689833e-06
9.815095398835183682e-06
9.824728932320189102e-06
9.823732006755866704e-06
9.804618958166126517e-06
9.826989601151580749e-06
9.824393697499544264e-06
9.817637647605199653e-06
9.826111064891543829e-06
9.822896903036356238e-06
9.812584430998564104e-06
9.815414296857245891e-06
9.827230719565705202e-06
9.804105445330909543e-06
9.823942537726300801e-06
9.995366521025061211e-06
1.008986021550602590e-05
9.830794771232832154e-06
9.824614081708205591e-06
9.828359955008636665e-06
9.833408074276424134e-06
9.816141572021782672e-06
9.833930549045060194e-06
9.832673128281992341e-06
9.828760003832333212e-06
9.824315235012666956e-06
9.824365684683774910e-06
9.816347950769947886e-06
9.825158523047624392e-06
9.821340704168809164e-06
9.833089317604995855e-06
9.820307639453554902e-06
9.820761099490483406e-06
9.821877013488725602e-06
9.823272452725481234e-06
9.812362286538700302e-06
9.818893890193673013e-06
9.801541435763283991e-06
9.819718231938167699e-06
9.804691534706459687e-06
9.818279720169205630e-06
9.817995065380577039e-06
9.822886724274819121e-06
9.819766382103503835e-06
9.816416085186574627e-06
9.792871664255168248e-06
9.798482824029026791e-06
9.814555686868213424e-06
9.799729731412299132e-06
9.802584174091558697e-06
9.818129478086726496e-06
9.806302125525690255e-06
9.821832676379927394e-06
9.819654151594173704e-06
9.803807417180602842e-06
9.818646637995699070e-06
9.842360035084614321e-06
9.809921374047311568e-06
9.819612930262641275e-06
9.816176577714940893e-06
9.798637239176362175e-06
9.819581693667108274e-06
9.798698523961017884e-06
9.821279011248407322e-06
9.815969937866005023e-06
9.801477651005067394e-06
9.807188413712235377e-06
9.800278702035333168e-06
9.819098536733387723e-06
9.817690391476693642e-06
9.795986495267546080e-06
9.794706270819612465e-06
9.800544081599582162e-06
9.821212142166283881e-06
9.820198464846422186e-06
9.822602970264901254e-06
9.825286471520181065e-06
9.816912112986150355e-06
9.816504460407790071e-06
9.797680745956920383e-06
9.812508316902797954e-06
9.796069371835377845e-06
9.817301909909777812e-06
9.825941800727377927e-06
9.816331234257328554e-06
9.813404523508021063e-06
9.814062546335359044e-06
9.798276178495749373e-06
9.796699265886369082e-06
9.817155422903548758e-06
9.796289942111495645e-06
9.792565014853001556e-06
9.809207434348839194e-06
9.857025290026892313e-06
9.820660873932260236e-06
9.808336592035024322e-06
9.817919846379178370e-06
9.815484164619192123e-06
9.813051366715323651e-06
9.787024565639512120e-06
9.814531049414654059e-06
9.789666229759556306e-06
9.812104662690520541e-06
9.811228426315211204e-06
9.808800723476451144e-06
9.795859309633669774e-06
9.792516653988058854e-06
9.817432019569120183e-06
9.812688838337634575e-06
9.806883736018789255e-06
9.790768721131826982e-06
9.812683913044869524e-06
9.789541799136714233e-06
9.817544634339962965e-06
9.796969074310860894e-06
9.819265957654957445e-06
9.813361301667101176e-06
9.810642539302232340e-06
9.811819194662045799e-06
9.814759327658369045e-06
9.810845612795068341e-06
9.800946826317157801e-06
9.797302223735945747e-06
9.811547315242326599e-06
9.813036361189611691e-06
9.797685953193043459e-06
9.813223102052385247e-06
9.810831281053349119e-06
9.789311622322808957e-06
9.811113481343150894e-06
9.791519433216914822e-06
9.811450200155983424e-06
9.811611969704850749e-06
9.793368083516421231e-06
9.816442766729475007e-06
9.818474101924341710e-06
9.799306799701904149e-06
9.815227127016138835e-06
9.808616672065303605e-06
9.857372784457159998e-06
9.806285334358714198e-06
9.824977990623058745e-06
9.801933730007780291e-06
9.804091632759082131e-06
9.806324851903507249e-06
9.799127336691526986e-06
9.791137237395257365e-06
9.811793443835388630e-06
9.800917024449517389e-06
9.800936242072566597e-06
9.811739906429768564e-06
1.005909390983106277e-05
9.838426932446963592e-06
9.825225751759110392e-06
9.821982475083738736e-06
9.822219437864987345e-06
9.815281146074994467e-06
9.813943737526642643e-06
9.857408875859619815e-06
9.803444468540571316e-06
9.854129157247370905e-06
9.833312357917142055e-06
9.794765064346696640e-06
9.807334382306484149e-06
9.824015179068130659e-06
9.822956255902682207e-06
9.821960858289458516e-06
9.808549220148658957e-06
9.806303671666682592e-06
9.801141174345200362e-06
9.787785355683808894e-06
9.808777125120590317e-06
9.813541471809608831e-06
9.786408067308609418e-06
9.804933650533106249e-06
9.799152153391332289e-06
9.799301977106249489e-06
9.810710870018131356e-06
9.804610574898711841e-06
9.805158834221098588e-06
9.805148645227745671e-06
9.812169423260760351e-06
9.804242171564207651e-06
9.799696067981737216e-06
9.790888554258951864e-06
9.795375441020344476e-06
9.806491330740148971e-06
9.803263199046340995e-06
9.820666806490407433e-06
9.800931885213988459e-06
9.784917453998787164e-06
9.806706624052215294e-06
9.800584854247062710e-06
9.797021524491356307e-06
9.784452201226183016e-06
9.807084437625234686e-06
9.794519332141741883e-06
9.818314472340716951e-06
9.818106062766674333e-06
9.808483857038177868e-06
9.802198837481531298e-06
9.782694090745281320e-06
9.786413703523067688e-06
9.803887487578321366e-06
9.809324236963826588e-06
9.803429021909929538e-06
9.801277083549091287e-06
9.791838081127935398e-06
9.807197058459374780e-06
9.785446840927154664e-06
9.808701690493156758e-06
9.804593685203143882e-06
9.801987704728769144e-06
9.785579195901543731e-06
9.810095476723291173e-06
9.824590512910921487e-06
9.799842385973534439e-06
9.787432545635966195e-06
9.808214889896285874e-06
9.805478201769801739e-06
9.796026982561065031e-06
9.805002505724284552e-06
9.806226266467395756e-06
9.796047269977255098e-06
9.788823288090497818e-06
9.790365385621650616e-06
9.811984981145845390e-06
9.806726887973127643e-06
9.798023821000849523e-06
9.830881682546532355e-06
9.790589794344366272e-06
9.787632243387634748e-06
9.829727146476822049e-06
9.802860479718825284e-06
9.806367639081752088e-06
9.807899671917159562e-06
9.803234340021541805e-06
9.801775929645373185e-06
9.801481619054660320e-06
9.783052330476494214e-06
9.807283006466605544e-06
9.793724129470623895e-06
9.808735258047818816e-06
9.797059101401828568e-06
9.815894690063942853e-06
9.784950638807761322e-06
9.803231660422777520e-06
9.797787625605753841e-06
9.815794428504886495e-06
9.801465420575065506e-06
9.806561123468782713e-06
9.803692820469223689e-06
9.793347860901727853e-06
9.786144127398681337e-06
9.807834234910236664e-06
9.803848696113467355e-06
9.783913058072357129e-06
9.805405078016823093e-06
9.790598126073746176e-06
9.804503484929227581e-06
9.815453151986730992e-06
9.799765243769798775e-06
9.799454732804708886e-06
9.817429704526148474e-06
9.788235291428766334e-06
9.809468053466238171e-06
9.798479545679583951e-06
9.788165292548001975e-06
9.816301024632897773e-06
9.800724095233211762e-06
9.807785683430363235e-06
9.826627170923529504e-06
9.814047065598666288e-06
9.814672174570660804e-06
9.800011672875068224e-06
9.796914546692885018e-06
9.797435614018468932e-06
9.791562060475674645e-06
9.814971782589055054e-06
9.806081872814806209e-06
5.620402890599507590e-05
1.234980923148517288e-05
1.109624467289904755e-05
1.079060771379166325e-05
1.063710453043616638e-05
1.052888466688273217e-05
1.045844678136139240e-05
1.041176412248508653e-05
1.037788459711919206e-05
1.034857224794905057e-05
1.032489789622559369e-05
1.030352080988450325e-05
1.027306816430003355e-05
1.024172697195050843e-05
1.021884814501087585e-05
1.019392359959662596e-05
1.016631887599335994e-05
1.013449015886180880e-05
1.009668356990308222e-05
1.006947583315801803e-05
1.005812356424939935e-05
1.004721535044457976e-05
1.003948269650815380e-05
1.003048897511386353e-05
1.002905540417486979e-05
1.002561708863443820e-05
1.002294279184449535e-05
1.001836391045192959e-05
1.006302871208693778e-05
1.002236621123605230e-05
1.001904531297744401e-05
1.001993499774774394e-05
1.001089419711812908e-05
1.000617478704649886e-05
1.000242664948321593e-05
9.999189239048670034e-06
9.996753763061860335e-06
9.993005794513010932e-06
9.990393313425252765e-06
9.989279731144051156e-06
9.987598780298867225e-06
9.985128208427340995e-06
9.984281518503242961e-06
9.981750711555529432e-06
9.977342547244915798e-06
9.975725620279262765e-06
9.973021702004796122e-06
9.970271877743167664e-06
9.967978479608064274e-06
9.965837394929621476e-06
9.966314486291594492e-06
9.961626690255797692e-06
9.961581384535140877e-06
9.961058353458914221e-06
9.959697853219041298e-06
9.957784661764891002e-06
9.957635559203481128e-06
9.955681838770638839e-06
9.953023281165467357e-06
9.952199868621391130e-06
9.951310612071514859e-06
9.951662843074397384e-06
9.948412231703210475e-06
9.947948300350616959e-06
9.944937545090700706e-06
9.942435229959301746e-06
9.940096346478336450e-06
9.941102378358361366e-06
9.938973455139906972e-06
9.934536665620422667e-06
9.931467188456129461e-06
9.926336540881189690e-06
9.924205742966781877e-06
9.980286358389397813e-06
9.944949875186163483e-06
9.916129858993371775e-06
9.914974134517251175e-06
9.918086188160184349e-06
9.920092459196894468e-06
9.918951997936649524e-06
9.915836595458435275e-06
9.917123199632744911e-06
9.915267899790099079e-06
9.893837267706354980e-06
9.910314299380236581e-06
9.916469351007132168e-06
9.910268565060202029e-06
9.909841911621698109e-06
9.900277489123254172e-06
9.907134806326212535e-06
9.897143449203819876e-06
9.901021709310953021e-06
1.976199919719571650e-05
2.680190123328429614e-05
1.061678112894999984e-05
1.037496131895447088e-05
1.025501022013486404e-05
1.018775175339214904e-05
1.014094818742705724e-05
1.009834919197298058e-05
1.004679783666991442e-05
1.000101655904472850e-05
9.981987380266825393e-06
9.976790064835464473e-06
9.982936982548077181e-06
9.995830438735235353e-06
1.000692111157756455e-05
1.000495380670448182e-05
9.996785444930841644e-06
9.986357747493457621e-06
9.976567192400882811e-06
9.967867462516248600e-06
9.964173381907433314e-06
9.962419489587167872e-06
9.956988190348662753e-06
9.954441752597631489e-06
9.950695250987943443e-06
9.947316979150855196e-06
9.939828536668453274e-06
9.949096538927430032e-06
9.930113968342387518e-06
9.926222043077359897e-06
9.924489798625776149e-06
9.925817943591634177e-06
9.918369289986610069e-06
9.917928565149244360e-06
9.915116989607970449e-06
9.922194836538740864e-06
9.912325426360742503e-06
9.910661491782472098e-06
9.909228461992824829e-06
9.910132511474027673e-06
9.908642986526199059e-06
9.908511336789161664e-06
9.907797127652885041e-06
9.906419834351253852e-06
9.905911314262994051e-06
9.905494262814803352e-06
9.903898171235899086e-06
9.902799343990408652e-06
9.901882032560630834e-06
9.901044832455833052e-06
9.898693774251417435e-06
9.897261325401510856e-06
9.896320006343255397e-06
9.894129588398451952e-06
9.894520246689353371e-06
9.891348416507146510e-06
9.890236841556542894e-06
9.888497224134577812e-06
9.886256314075581844e-06
9.885160390012970107e-06
9.884155732227857888e-06
9.879789946201829738e-06
9.878528712003268193e-06
9.876412447056281895e-06
9.876603825584122625e-06
9.882934724601000401e-06
9.884414150368078642e-06
9.883826143853487121e-06
9.882113612320609215e-06
9.881094857746575280e-06
9.881814282456010263e-06
9.880132822672748629e-06
9.879927317797409459e-06
9.878726848834654353e-06
9.872493796289442879e-06
9.874016131258637273e-06
9.864902444860490776e-06
9.866303155755910408e-06
9.873437595615542541e-06
9.863208205539801261e-06
9.867401472168542623e-06
9.870369943882905956e-06
9.869524045219199413e-06
9.855567742154864948e-06
9.855935230310327512e-06
9.869273035292281651e-06
9.871001608416918858e-06
9.874016108521269390e-06
9.871111744056786425e-06
9.869755805690753271e-06
9.872928329741625320e-06
9.866623713226848605e-06
9.868183351500192522e-06
9.865510932058896829e-06
9.850655672304735040e-06
9.836661278844379745e-06
9.865640121233810097e-06
9.836885894477139240e-06
1.012261054180877785e-05
1.003587594520164827e-05
9.872927482395728191e-06
9.860019917293053680e-06
9.877390239883727612e-06
9.871850232533082911e-06
9.869703629116580596e-06
9.865946515219547680e-06
9.858959633296156142e-06
9.855535190581576086e-06
9.859676338995390079e-06
9.839747223926072014e-06
9.863711540371392647e-06
9.856627057918861338e-06
9.853796923380286831e-06
9.843627608461247834e-06
9.896267058593367070e-06
9.857306014282585916e-06
9.864229941361675886e-06
9.863204062412479192e-06
9.846568759712682250e-06
1.002732645929427202e-05
9.868382298918732789e-06
9.842814318593203084e-06
9.844408521075819640e-06
9.851455477776956002e-06
9.850540598108637117e-06
9.844807050664410223e-06
9.851033196355274345e-06
9.844477426668163728e-06
9.846657211104077476e-06
9.845537908101202528e-06
9.835911814282857340e-06
9.845785754881338230e-06
9.838922475182698487e-06
9.806564034230783473e-06
9.809129727879431718e-06
1.157545536443649285e-05
1.992632956557826993e-05
1.077089130414303028e-05
1.007099372865619973e-05
9.950315046580726630e-06
9.909242620551595424e-06
9.879797163042288780e-06
9.856896118283961145e-06
9.846426427202460054e-06
9.848150523718384090e-06
9.859854958828388603e-06
9.874953021835609066e-06
9.885954048816832039e-06
9.894094094609803396e-06
9.890685421396482960e-06
9.885639970737732446e-06
9.880027661210988841e-06
9.882166314506926776e-06
9.889952376624933501e-06
9.878667239793989440e-06
9.882058963436671860e-06
9.878174383857185129e-06
9.883573211103188129e-06
9.887920148230478138e-06
9.871687580016441033e-06
9.873210331458418540e-06
9.873228366738354765e-06
9.870722999115363658e-06
9.870185270604754521e-06
9.867513828870262557e-06
9.860398204940186575e-06
9.846901158804637123e-06
9.862975988426114307e-06
9.844091229069818131e-06
9.860078822233239298e-06
9.858127864390553305e-06
9.856140987570446288e-06
9.836331403979178394e-06
1.324091618168192068e-05
1.015254248121285264e-05
9.975278583548667226e-06
9.955147274543682445e-06
9.947731105436710843e-06
9.939153413066985005e-06
9.928996624163725294e-06
1.041841416508759728e-05
1.002833366252768089e-05
1.001154505123243583e-05
1.000461551598164126e-05
1.000067085366633018e-05
9.996977440778210321e-06
9.992928470031378133e-06
9.989509460410771845e-06
9.986992724861920104e-06
9.984239396392998115e-06
9.982048611239710049e-06
9.979015579043940212e-06
9.974133904885699252e-06
9.972050692491999998e-06
9.969852588559054027e-06
9.967293158297252037e-06
9.965440565717168393e-06
9.963436664293112563e-06
9.961578544258978352e-06
9.960917625827883737e-06
1.029661687425687018e-05
1.000588993785337682e-05
9.975817143489014449e-06
9.967450978744333287e-06
9.962572344193176629e-06
9.961222860586833679e-06
9.958343419308827440e-06
9.944608826799594952e-06
9.902298209757039724e-06
9.889876567588847328e-06
1.034474342570016898e-05
9.928992816791530607e-06
9.903296176313839482e-06
9.897836623243468497e-06
9.888558818905343516e-06
9.888409265765101246e-06
9.881300051498935466e-06
9.881233759566991683e-06
9.875275219049703176e-06
9.897991826998501634e-06
9.869061796052846380e-06
9.846399490622086329e-06
9.876652014024026534e-06
9.850658069202229773e-06
9.854406267777448357e-06
9.850425035817048859e-06
9.868026927885390157e-06
9.861421936345020334e-06
9.845992764591452459e-06
9.872467456943922958e-06
9.846446097299122173e-06
9.864854411792597629e-06
9.858677509555491608e-06
9.849374870327664308e-06
9.847210870930211765e-06
9.858399423213389250e-06
9.852338939329759667e-06
9.854635806808194082e-06
9.859452843935892993e-06
9.850566589193477575e-06
9.850002890061659584e-06
9.850575303289587920e-06
9.840113308428045157e-06
9.839082346540332981e-06
9.850465798611671064e-06
9.852151343541966919e-06
9.843025361533364387e-06
9.846413361553155660e-06
9.863643063378427990e-06
9.843679752445192588e-06
9.841906702376946301e-06
9.839953939187277832e-06
9.839718131085344304e-06
9.846333837231213625e-06
9.836643880589689847e-06
9.833802392146633235e-06
9.819848961569733450e-06
9.841183923905798530e-06
9.839568873530879433e-06
9.827886787737345560e-06
9.840364450231694270e-06
9.836461512501651778e-06
9.825527608882112369e-06
9.835590963120922260e-06
9.834270601913885438e-06
9.826051561958592880e-06
1.047698915158434850e-05
9.912840987074863217e-06
9.830414588047156778e-06
9.820334474094731458e-06
9.821514735601037310e-06
9.821466142814946605e-06
9.820518457293777041e-06
9.823596471960626699e-06
9.817328388711151147e-06
9.828559088873589170e-06
9.828268249520987846e-06
9.810760270359726666e-06
9.808023792932847403e-06
9.818513790378347107e-06
9.828400151642806542e-06
9.822248514031646177e-06
9.825310657258039046e-06
9.807645827398422516e-06
9.815684638094050583e-06
9.808330144096544652e-06
9.829303000212045316e-06
9.815374058158947209e-06
9.823797976196146716e-06
9.822465562289532580e-06
1.037919830385665944e-05
1.019161070303198432e-05
1.001525570131889328e-05
9.981345242522365269e-06
9.969678290720669441e-06
9.954237958330243926e-06
9.933996354144862325e-06
9.922495464707026800e-06
9.915886198162600170e-06
9.910247996458565467e-06
9.904505883469028456e-06
9.899882836255832606e-06
9.894815726738669678e-06
9.893020278089655954e-06
9.878451987030227170e-06
9.868796468405586228e-06
9.859171996898414853e-06
9.856876805163967845e-06
9.859653972246935644e-06
9.828210599683491420e-06
9.835383245141808551e-06
9.838569040615159847e-06
9.827915539896517563e-06
9.876024511944100012e-06
9.866468501892693404e-06
9.851893479435602175e-06
9.848242865852323473e-06
1.028119430240318917e-05
9.882948769472931581e-06
9.868939958626773008e-06
9.848308444209881993e-06
9.854761132146449567e-06
9.815258031267149721e-06
9.850426684655151587e-06
9.828333340919925018e-06
9.837977491997662786e-06
9.814105690869231855e-06
9.800511128332800242e-06
9.843029736581836154e-06
9.846049359794050457e-06
9.788235446042865568e-06
9.815683544047715394e-06
9.830343138143386717e-06
9.888326462714758914e-06
9.789154437764106741e-06
9.784444771412381127e-06
9.782781712222761517e-06
9.837728269985745400e-06
9.795493930748004066e-06
9.786146966159019111e-06
9.829636784767595980e-06
9.819384661113873103e-06
9.818475308520647327e-06
9.812733570318717000e-06
9.801681731763285541e-06
9.809954340198601334e-06
9.812709798779905852e-06
9.799510553799943422e-06
9.809423624650056902e-06
9.804432529184245167e-06
9.808304201139132005e-06
9.801418914321402079e-06
9.804011663163691789e-06
9.809487696657015612e-06
9.814842981465213775e-06
9.801550520099530154e-06
9.799055565054004682e-06
9.800046404203992178e-06
9.818505984640069547e-06
9.794176067240793545e-06
9.795033686259556980e-06
9.794431427962990439e-06
9.805205957415334198e-06
9.862084194007063445e-06
9.803012218299045886e-06
9.805851525470644350e-06
9.817241683170625799e-06
1.566094577507707574e-05
1.171994441885241689e-05
1.018365760235913832e-05
1.002135163616912939e-05
9.942127837803127138e-06
9.906602984604736598e-06
9.891404159058463289e-06
9.890065086513762918e-06
9.893856216649509774e-06
9.900005231505323020e-06
9.905234128382289443e-06
9.919352598520465801e-06
9.918786162188553135e-06
9.921249752930331051e-06
9.917773447417251042e-06
9.908919183772013707e-06
9.898267694931443670e-06
9.881097317171830420e-06
9.875571953822751217e-06
9.876275126619779487e-06
9.850697322235646899e-06
9.849924488586717932e-06
9.845768358142474778e-06
9.839091458919332810e-06
9.824017167829879259e-06
9.845668436507064292e-06
9.827783435412129281e-06
9.839209816770259356e-06
9.837108092748774095e-06
9.833310190667059045e-06
9.821047666112765897e-06
9.815941994399206611e-06
9.826796580606847825e-06
9.822764663264631338e-06
9.825003390915298477e-06
9.846718608817657683e-06
9.823684929036365166e-06
9.796859042126015247e-06
9.815256875072009889e-06
9.811916613292244200e-06
1.002371589568914178e-05
9.834912109833263838e-06
9.819052343118528031e-06
9.816456324642786532e-06
9.817130104465832051e-06
9.848896658392428883e-06
9.808264964400829685e-06
9.812288323018946589e-06
9.816301404725891934e-06
9.803334458714137788e-06
