2.669287204237965304e-03
9.347851919301319596e-05
8.923642083876377423e-06
5.807211058102741866e-06
3.927858976264056975e-06
4.739743189929868095e-06
3.258427076010169447e-06
5.105679050150987128e-06
3.482113371925758297e-06
2.757724049236761138e-06
2.991429198573314352e-06
3.126265376825661681e-06
7.854751428718979506e-06
3.990602522208064329e-06
2.588185157037514558e-06
2.412207633521272138e-06
2.387826373251300369e-06
7.345087647081527732e-06
2.533453474976947016e-06
2.246305928110814251e-06
1.339823782776268964e-05
2.609569336679366283e-06
3.817358276592131006e-06
9.328359230191077966e-06
2.520248434241997064e-06
5.227567586037669761e-06
9.667194918468642945e-06
6.495225450938353978e-06
7.396238322598946640e-06
4.551599522528703917e-06
8.134227717467487268e-06
2.114463937535523139e-04
8.673052199507462468e-05
5.178541217295181204e-06
2.183646169366208152e-06
2.044410734924895223e-06
2.013276002799102571e-06
2.008562667773124578e-06
2.032400694436849610e-06
2.523318047072583076e-06
2.001268611214375956e-06
2.183378285280923592e-06
2.437179496913207279e-06
1.985518557982383479e-06
3.798608876574386963e-06
1.973074684732030724e-06
1.911931277239394508e-06
1.904632324567501158e-06
2.099573972221454020e-06
3.346641551615902985e-06
1.962940954551110545e-06
1.951105377884232270e-06
3.454173596158701193e-06
1.939895874632687357e-06
1.941598842828777273e-06
5.637903791466669984e-06
2.018941790993267289e-06
1.883896569173278612e-06
1.901517699328299661e-06
4.437017397170469130e-06
2.101028739313430188e-06
3.317292782867298059e-06
4.853071216833389731e-06
1.952283086363119405e-06
1.079122245452405552e-05
2.973482806586010516e-06
1.907756503290632726e-06
8.385606156480207235e-06
2.388254445880496141e-06
7.821994540790910155e-06
3.242717245181362963e-06
5.318466886213476375e-06
4.437040676445273146e-06
5.522844980987429492e-06
8.618909942015306346e-06
4.148472783072065795e-06
2.112973587979164941e-06
8.443781276431157345e-06
3.588503886930993758e-06
6.541739488360084368e-06
2.632941349626586893e-06
6.982129752941545692e-06
3.153702876564542199e-06
7.071957482670162240e-06
7.896977365362545243e-06
4.885982817389352381e-06
2.214101285365662439e-06
3.932058439204410777e-06
5.532648416798716975e-06
8.229610989474167243e-06
6.983358294595139362e-06
2.889239265884195346e-03
4.038182836181173317e-03
2.460500763845629990e-04
3.004249383593560264e-05
7.080371521321163908e-06
5.312206243009616818e-06
4.774759690917562524e-06
4.437195116224756930e-06
4.167782526565133255e-06
3.962757546105422080e-06
3.790913729062595024e-06
3.643639252004504754e-06
3.527480324313122130e-06
3.416283160125506689e-06
3.366372645056496092e-06
3.373822096364165191e-06
3.348637998594009797e-06
3.317591434400431713e-06
3.286397418378328269e-06
3.245723996769811408e-06
3.245307061661151322e-06
3.054008955890215835e-06
4.060221916309576975e-06
3.549678528239989540e-06
2.786415219209932835e-06
2.687745052298851078e-06
3.213550667169329414e-06
2.836048455871302289e-06
2.626455989229725589e-06
2.971761152063360791e-06
2.663699073461126783e-06
3.121997474408999466e-06
2.512892122770911915e-06
3.694368562416154313e-06
2.430314778697114339e-06
2.820758137052810631e-06
2.459521105417176566e-06
3.361282756486616648e-06
2.432053959940579621e-06
2.567225355202633076e-06
2.528383057172807914e-06
3.878585274226982979e-06
2.623954791639941229e-06
2.268345898907379600e-06
2.296548692963066694e-06
2.662819842195555688e-06
2.755343837179680037e-06
2.291816861088591480e-06
2.600175624441666049e-06
2.483397031483036783e-06
2.373287649485670679e-06
3.692647491485937745e-06
2.275427414133446206e-06
2.171559863957857762e-06
2.445069382398893859e-06
2.118230880417589465e-06
4.600095928708470067e-06
2.135313699606437420e-06
2.011584740557736950e-06
2.002328252122727738e-06
2.825117216313325581e-06
2.083705836260681640e-06
2.749770514280195849e-06
1.973429239872833467e-06
3.806541826634202152e-06
1.973849831908107072e-06
1.967480955045175506e-06
2.707616692987358049e-06
2.035664094061455026e-06
2.798361318430882526e-06
2.014401782920079419e-06
3.417248956338880732e-06
2.010284845255227992e-06
2.044689623896071320e-06
3.758952383729289533e-06
2.039395784928880752e-06
1.972603862062290593e-06
3.653730360989963269e-06
1.987852332755816755e-06
2.096691745615923177e-06
3.026443016551638805e-06
2.149446944107087992e-06
2.382961724833876360e-06
3.136042679822518589e-06
2.433745608717193326e-06
2.050173077350336995e-06
3.670453751662231848e-06
2.416226459445169809e-06
1.898221417680663995e-06
5.145046687478800967e-06
2.497648479978427891e-06
2.383445306956370227e-06
1.928031948258042935e-06
4.479148253722087586e-06
3.385187532482329241e-06
2.048745947528611121e-06
2.126214364276771913e-06
2.484534858619251091e-06
3.983683522316520773e-06
2.503973812326876387e-03
8.531344055275742700e-04
2.226105192676186616e-04
1.149647367734966426e-04
6.880416829820509139e-06
3.007669723350166795e-06
2.624157059472054412e-06
2.478799084807784776e-06
2.392625367519940567e-06
2.335495378247287759e-06
2.299286628234161346e-06
2.280027050953019065e-06
2.262433887760077321e-06
2.246177992522765000e-06
2.231007655003243959e-06
2.216607693602175565e-06
2.202933330863743322e-06
2.189891119996900670e-06
2.177315927080295931e-06
2.165329669878701595e-06
2.153962869518484885e-06
2.143094028876172795e-06
2.132733034917085650e-06
2.122835227661804860e-06
2.113409444367183189e-06
2.104399906481072786e-06
2.095825808131242601e-06
2.087566322946562015e-06
2.079638594902159533e-06
2.072005046708606282e-06
2.064633876367831003e-06
2.057495396456942957e-06
2.050587780407416536e-06
2.044026030034729216e-06
2.037683562624200466e-06
2.031547402718085048e-06
2.025560703107961122e-06
2.019781197759584841e-06
2.014075884441505433e-06
2.008534310486235522e-06
2.002946947262292714e-06
1.997609164542761286e-06
1.992354282265296375e-06
1.987271158062260944e-06
1.982320338811405405e-06
1.977480303594347703e-06
1.972764603882145017e-06
1.968119333165911294e-06
1.963542922567285047e-06
1.959052125736586086e-06
1.954608660525991751e-06
1.950202818079560360e-06
1.945831650118634486e-06
1.941514043816520466e-06
1.937287326351603846e-06
1.933083209830025945e-06
1.928924306563809846e-06
1.924819791080760022e-06
1.920768583355917694e-06
1.916822744381837300e-06
1.912942218496027551e-06
1.909144479365447021e-06
1.905397330877652399e-06
1.901690196367174754e-06
1.898048348418039263e-06
1.894498859655868643e-06
1.890973938619329834e-06
1.887497667970213390e-06
1.884042607495454514e-06
1.880605320062992854e-06
1.877305445911285228e-06
1.874033273452369031e-06
1.870817626089168148e-06
1.867640636040353858e-06
1.864531354082525066e-06
1.861443570305709812e-06
1.858395739873231008e-06
1.855412324403005229e-06
1.852528384915785864e-06
1.849695331657130652e-06
1.846879153314754826e-06
1.844163818986999104e-06
1.841518523330402384e-06
1.838931200381921414e-06
1.836417967145583536e-06
1.833963945803892192e-06
1.831564766992717798e-06
1.829238995772660378e-06
1.826954754354422538e-06
1.824770515668205832e-06
1.822642093429749408e-06
1.820605571841345726e-06
1.818670966713398229e-06
1.816797415206868484e-06
1.814998521846670650e-06
1.813254751444522616e-06
1.811515532305444689e-06
1.809731763084225074e-06
1.807781628334244847e-06
1.805611767243438683e-06
1.803341520674924543e-06
1.801085939708476279e-06
1.798968708044412736e-06
1.797030934843254219e-06
1.795267477670373917e-06
1.793616767524023724e-06
1.792119375447024648e-06
1.790741854771719498e-06
1.789514089978183662e-06
1.788458284105824257e-06
1.787577919761436766e-06
1.786872492933374138e-06
1.786221093880158193e-06
1.785491898923889261e-06
1.784464685291216843e-06
1.782883248324651546e-06
1.780767930389023054e-06
1.778524165274575353e-06
1.776621490989782657e-06
1.775146874175940549e-06
1.773943146569460348e-06
1.772975042513280684e-06
1.772237961480035073e-06
1.771750176734106749e-06
1.771534732597501800e-06
1.771565079404050774e-06
1.771641044949016484e-06
1.771340597163846956e-06
1.770150151969573969e-06
1.768027974928069535e-06
1.765819126831047554e-06
1.764407697161610993e-06
1.763645654288363001e-06
1.763332742636218194e-06
1.763462773851642808e-06
1.764131578359714102e-06
1.765259226734391082e-06
1.766507440000471835e-06
1.766925659770398260e-06
1.765355167056744396e-06
1.761830840981322898e-06
1.758590193882506990e-06
1.756976094687464188e-06
1.756420048574606521e-06
1.756633309923927300e-06
1.757655221960400690e-06
1.759000326728710206e-06
1.758840945361346987e-06
1.755701960822383118e-06
1.752259224000833096e-06
1.751191632592963288e-06
1.751277087199317298e-06
1.752426787030951028e-06
1.754128095399210039e-06
1.754104497801260317e-06
1.750819785684143341e-06
1.747605009920031587e-06
1.747602372385396530e-06
1.748891270381136649e-06
1.749825707975105531e-06
1.748452674140329141e-06
1.753690435180033007e-06
1.766165420728308840e-06
1.771758695667813384e-06
1.759213239438395333e-06
1.789919273657384745e-06
1.811137091560037101e-06
1.809545233300013849e-06
1.849599724816168016e-06
1.823429314147991495e-06
1.874902390378944569e-06
1.823367248713717979e-06
1.881590954629549108e-06
1.779764291616932898e-06
1.884035691546159712e-06
1.805957871662637169e-06
1.898444782000297024e-06
1.785200659772575184e-06
1.894470112044170259e-06
1.816954644103437479e-06
1.824544487287009043e-06
1.964681140028308894e-06
1.776848944246012209e-06
1.879721162367786662e-06
1.812833837296542062e-06
1.857357566829402183e-06
1.907697469505364837e-06
1.788372594546672105e-06
1.844903810403290346e-06
1.864572842199170969e-06
1.817191446207289118e-06
1.956053392859758047e-06
1.771427052214373002e-06
1.933028287718722463e-06
1.782077079800122594e-06
1.861910372250956010e-06
1.841740326350797257e-06
1.872457388193045877e-06
1.867811037451853376e-06
1.906042693159785580e-06
1.758651687093030654e-06
1.888235207540371131e-06
1.825970734140961847e-06
1.851533329499943690e-06
1.826832317419757601e-06
1.881461010574033300e-06
1.771524652364557009e-06
1.906936768136802045e-06
1.838807653105807963e-06
1.880075831195426914e-06
1.743112901901137373e-06
1.731407500453012015e-06
1.731882628064340594e-06
1.731839836338622347e-06
1.732295932773316286e-06
1.732949779883104701e-06
1.733275424461074540e-06
1.732583018565492281e-06
1.730824639404697019e-06
1.729297317372887212e-06
1.728869604752011033e-06
1.729087542419923371e-06
1.729937362900576180e-06
1.731457776562213672e-06
1.733440467432956169e-06
1.735102030882747745e-06
1.734988795002815772e-06
1.732009574576901963e-06
1.727866030402462224e-06
1.725614208680781261e-06
1.725062543300737119e-06
1.725365749886501912e-06
1.726391500748528922e-06
1.727024349899390240e-06
1.725199714049570735e-06
1.722764125133835478e-06
1.722750429659451266e-06
1.723953054503605652e-06
1.726460266127105527e-06
1.728718545261168951e-06
1.727299146144408359e-06
1.722731716805962331e-06
1.721922709900051581e-06
1.724513939886188974e-06
1.727495384784560841e-06
1.724931155422382332e-06
1.728038171222578967e-06
1.740427831009583273e-06
1.751486214137306211e-06
1.752903297832138695e-06
1.746825853388145248e-06
1.734749378101696535e-06
1.748965560940026482e-06
1.774550950509971297e-06
1.751540150962682631e-06
1.766126232875346072e-06
1.768948830734492138e-06
1.755104896498475407e-06
1.777156217031006278e-06
1.749881918537236383e-06
1.778650221240241165e-06
1.753003918262644812e-06
1.775434319976435925e-06
1.755558344029850559e-06
1.770165029787070527e-06
1.761959538271185011e-06
1.759181122906738977e-06
1.775033698928988680e-06
1.749333406072158501e-06
1.779092751045633799e-06
1.752346596125183401e-06
1.775793619647932606e-06
1.754390141665377636e-06
1.773131380862954122e-06
1.754977982197184924e-06
1.771870101189657869e-06
1.754915160745440517e-06
1.773267289687889071e-06
1.751054374684220653e-06
1.775409210343544421e-06
1.754916790256781264e-06
1.770844282115528268e-06
1.753213549212280985e-06
1.771444592198652804e-06
1.755783680816118016e-06
1.773638570057300925e-06
1.750181926733299998e-06
1.773553198821294478e-06
1.754414688548422503e-06
1.768204217948247470e-06
1.753222666896666174e-06
1.769564312326110751e-06
1.753240455097208364e-06
1.769134072067875782e-06
1.753615977880448047e-06
1.770883189540957976e-06
1.750214846651942892e-06
1.769019468156329906e-06
1.753204166258607709e-06
1.774927879220437315e-06
1.745563154524158203e-06
1.767936151964022386e-06
1.751443960529286414e-06
1.779083441988404872e-06
1.737055004014109769e-06
1.773874125395498870e-06
1.744381586377130504e-06
1.769728745178629884e-06
1.747651306989913200e-06
1.754434007731712480e-06
1.777983389198804299e-06
1.736170689052111452e-06
1.771060535323461726e-06
1.745267563061740242e-06
1.765001402039464157e-06
1.749336725727819887e-06
1.759620109472355812e-06
1.752623097672767556e-06
1.768956985870317937e-06
1.737401665498812923e-06
1.763715211685242414e-06
1.745620848699521407e-06
1.782802140345059660e-06
1.726152784916242443e-06
1.772306400956343486e-06
1.742582505433650387e-06
1.745828315809679627e-06
1.771318862135255184e-06
1.726276777465803566e-06
1.767202339427361272e-06
1.736545929513037346e-06
1.762891552440730033e-06
1.757361561279443269e-06
1.732900417058166060e-06
1.761043466785849929e-06
1.739208435462084433e-06
1.791457107932122558e-06
1.733782418493016574e-06
1.736793251438939478e-06
1.752854653129058301e-06
1.745036197083512296e-06
1.750425665629033172e-06
1.770350790290346193e-06
1.725946060560090658e-06
1.752728195469899219e-06
1.740632687112035138e-06
1.751947214264267364e-06
1.742817357808235059e-06
1.782028169827754112e-06
1.739862585736773368e-06
1.735455758004415339e-06
1.734059715848464568e-06
1.748777066268303315e-06
1.743787089480974743e-06
1.767691278094692512e-06
1.727912198627260930e-06
1.744199153108638711e-06
1.741544609027793380e-06
1.762269164373719832e-06
1.726781664501686506e-06
1.749407804633544084e-06
1.736514413626840271e-06
1.771950254199813064e-06
1.737310966139678745e-06
1.740172903434237522e-06
1.731794386235681888e-06
1.739677816203766312e-06
1.739383386241873543e-06
1.744611383476998019e-06
1.737295288724756891e-06
1.749699400003616299e-06
1.731193268976009359e-06
1.751819782687865374e-06
1.730203111568092429e-06
1.751556461234334440e-06
1.730811728369493129e-06
1.749205436378057637e-06
1.731918443207784147e-06
1.747308497594228124e-06
1.734072515091611464e-06
1.745165472281466231e-06
1.736535830332286338e-06
1.743820295511492669e-06
1.740643259987943248e-06
1.743929061603921582e-06
1.744701847883334267e-06
1.743923652005226591e-06
1.734713354532383756e-06
1.737606676973276398e-06
1.738256671994046523e-06
1.735450985052011759e-06
1.736106336617619258e-06
1.735957266646437305e-06
1.734876870311078841e-06
1.734577066751322998e-06
1.734449263797917685e-06
1.734588270589180548e-06
1.734777202955228901e-06
1.734190480343992614e-06
1.733856385044418942e-06
1.733608701215416701e-06
1.733335627325989895e-06
1.733123821168192038e-06
1.732486426438602795e-06
1.729744792555720736e-06
1.729721225274261172e-06
1.731598335178811477e-06
1.731009869369396933e-06
1.730370638597378232e-06
1.730665121613128619e-06
1.686948868003431249e-06
1.684875227662511459e-06
1.682450979008838933e-06
1.682497257130914117e-06
1.682704413497049330e-06
1.683396118323798831e-06
1.684307424435852819e-06
1.684852262921291693e-06
1.684343379793063007e-06
1.682830213667330057e-06
1.681698319089264217e-06
1.681938105472606049e-06
1.683057183754499504e-06
1.685074268683214033e-06
1.687830096367785383e-06
1.690884818117410802e-06
1.693468262449944992e-06
1.695088885374692329e-06
1.695571522001652506e-06
1.695007561390108729e-06
1.693406818503717701e-06
1.690759209319973389e-06
1.687049425906176746e-06
1.682783649433380053e-06
1.679341824001312531e-06
1.677489086659989055e-06
1.676641348543247152e-06
1.676495228745503990e-06
1.676743234687213179e-06
1.676488799754830959e-06
1.675931199921857622e-06
1.676978369384111427e-06
1.679108116074227562e-06
1.682448692008620043e-06
1.685900711360469866e-06
1.688425830555691624e-06
1.689798021213088527e-06
1.690446678518734696e-06
1.690630809510670038e-06
1.690678218816780468e-06
1.690691863132087789e-06
1.690694155816648438e-06
1.690696118809379863e-06
1.690678061549988342e-06
1.690658081088258768e-06
1.690550779661255779e-06
1.690515381369550681e-06
1.690476849110685539e-06
1.690451913797611861e-06
1.690493511811534243e-06
1.690450443447843967e-06
1.690359437134247813e-06
1.690293375607628552e-06
1.690243980571419025e-06
1.690152222029913224e-06
1.690037097053694599e-06
1.689949220917697033e-06
1.689882263159840244e-06
1.689830240062898663e-06
1.689731226406365834e-06
1.689666980079588664e-06
1.689587096128283012e-06
1.689425806716826713e-06
1.689335770530912436e-06
1.689209858568574503e-06
1.689129671452368119e-06
1.689054852249682839e-06
1.688934531784980209e-06
1.688781844677578108e-06
1.688706525252807021e-06
1.688579652636690213e-06
1.688481597739155320e-06
1.688345143217399434e-06
1.688275400132018466e-06
1.688148781416506016e-06
1.688079426761153860e-06
1.687964701583647776e-06
1.687809363678146161e-06
1.687765800776711838e-06
1.687685437445907113e-06
1.687562051226147242e-06
1.687430538292270792e-06
1.687342893319510125e-06
1.687302867973509417e-06
1.687205010133160021e-06
1.687097733338305219e-06
1.687003496423737213e-06
1.686803273059922503e-06
1.686784965689488080e-06
1.686764037837444088e-06
1.686651057752896989e-06
1.686535301814728925e-06
1.686433779468643521e-06
1.686207586241531909e-06
1.686125172758086951e-06
1.686038128430785354e-06
1.685945119334064615e-06
1.685810927180379220e-06
1.685754309240413339e-06
1.685678097373965969e-06
1.685532654012907589e-06
1.685441499906422313e-06
1.685448779653597740e-06
1.685242885211361406e-06
1.685079568384632334e-06
1.685014998050367700e-06
1.684919307839057500e-06
1.684884464718076340e-06
1.684723722898221917e-06
1.684674392284553738e-06
1.684604848151138783e-06
1.684512206641860123e-06
1.684420658421004276e-06
1.684371549496669781e-06
1.684243121265656787e-06
1.684189783190959133e-06
1.684104014051020660e-06
1.683987579781387509e-06
1.683854996296455918e-06
1.683710290005062001e-06
1.683655377367661733e-06
1.683605499162392102e-06
1.683488339191778006e-06
1.683416153734166750e-06
1.683349307768366956e-06
1.683206414782034614e-06
1.683088292262861339e-06
1.682985274934859855e-06
1.682924443002775576e-06
1.682842882170613531e-06
1.682732564252849675e-06
1.682633984501080789e-06
1.682605090991273798e-06
1.682533513758244310e-06
1.682429304613227265e-06
1.682283194289387528e-06
1.682167366349555418e-06
1.682091897237114693e-06
1.682020662959378886e-06
1.681909535970286523e-06
1.681817987749430676e-06
1.681764185453478921e-06
1.681675557089571707e-06
1.681573468204078423e-06
1.681433938453362083e-06
1.681346445063051358e-06
1.681348345528021952e-06
1.681247643621948788e-06
1.681157029527942901e-06
1.681077617377013624e-06
1.681035513456663466e-06
1.680924193199947060e-06
1.680837414141933550e-06
1.680759383286082634e-06
1.680680501673729533e-06
1.680593980305881412e-06
1.680539014614623738e-06
1.680427095607228778e-06
1.680301123011910529e-06
1.680247305557713802e-06
1.680192769981658827e-06
1.680146294802398146e-06
1.680047915897375788e-06
1.679923565234275799e-06
1.679831797218866996e-06
1.679736489753243637e-06
1.679655673569868753e-06
1.679592818012072945e-06
1.679419762012912458e-06
1.679361459612967697e-06
1.679252195193233494e-06
1.679204643778575701e-06
1.679198356896449611e-06
1.679063024084825968e-06
1.678948333013371074e-06
1.678924483409597722e-06
1.678853728511360989e-06
1.678672329793092421e-06
1.678643381334647296e-06
1.678595363803954887e-06
1.678501793852168026e-06
1.678441528459491840e-06
1.678397298595276372e-06
1.678231039174230995e-06
1.678157004410726036e-06
1.678117331493922435e-06
1.678086711838962676e-06
1.677958918359460366e-06
1.677945757213213573e-06
1.677779778219701257e-06
1.677768197320498625e-06
1.677672126258282100e-06
1.677593024851376043e-06
1.677543305807679052e-06
1.677467829116115629e-06
1.677401286315216566e-06
1.677295945986164275e-06
1.677168326826480002e-06
1.677084465730634610e-06
1.677059581576638033e-06
1.664850509541793060e-06
1.657996239146086779e-06
1.657134023010561070e-06
1.657678821705606784e-06
1.658292539256459984e-06
1.658722324767344067e-06
1.658844210320845885e-06
1.658565914416006583e-06
1.657902627509126030e-06
1.657024093522826026e-06
1.656193956023344029e-06
1.655613003019122114e-06
1.655303081330809259e-06
1.655236530950787710e-06
1.655353726922233723e-06
1.655659010187567452e-06
1.656148096647787814e-06
1.656803008624289400e-06
1.657573517377386409e-06
1.658368391114587761e-06
1.659107950520895788e-06
1.659707889227017002e-06
1.660120453076766987e-06
1.660324587267799363e-06
1.660337860206103362e-06
1.660207126027065262e-06
1.659930967434775000e-06
1.659532455278167575e-06
1.659062756213340203e-06
1.658534758538129101e-06
1.657990317956622041e-06
1.657549912200314201e-06
1.657253710618533744e-06
1.657154054631367534e-06
1.657243611437782737e-06
1.657494364811403462e-06
1.657844374373477644e-06
1.658271122551013917e-06
1.658728549121709325e-06
1.659170033008194793e-06
1.659571231963733860e-06
1.659899769871723630e-06
1.660146163355117773e-06
1.660336255326910802e-06
1.660461629171550073e-06
1.660564038274969789e-06
1.660612177071622407e-06
1.660643507269317926e-06
1.660659362793618637e-06
1.660673397433735497e-06
1.660652247892358033e-06
1.660638965480150821e-06
1.660620362523938363e-06
1.660595360893542822e-06
1.660581997005768561e-06
1.660551345139538128e-06
1.660513765955329375e-06
1.660485814151494831e-06
1.660429249265386356e-06
1.660411438327476707e-06
1.660362535934230711e-06
1.660334279070715131e-06
1.660306952544488055e-06
1.660245398700984287e-06
1.660229749707771864e-06
1.660178717581099316e-06
1.660140429748935318e-06
1.660090519332394801e-06
1.660047456653046496e-06
1.660020575400267304e-06
1.659978259264486676e-06
1.659940488707434185e-06
1.659884657101429142e-06
1.659851017166147273e-06
1.659810006534219928e-06
1.659754502725263592e-06
1.659712429121403380e-06
1.659681326297383516e-06
1.659641242213183432e-06
1.659596877819543299e-06
1.659555150960538011e-06
1.659519379397049074e-06
1.659466420278477017e-06
1.659444308188540163e-06
1.659400095377350184e-06
1.659348231441981667e-06
1.659301957109467726e-06
1.659263241056881545e-06
1.659236454543133647e-06
1.659194602628607119e-06
1.659154291170731593e-06
1.659103818004344650e-06
1.659079011536353666e-06
1.659013861399216694e-06
1.658980585261815662e-06
1.658939195673762295e-06
1.658900286353552072e-06
1.658854796460218452e-06
1.658833540811125753e-06
1.658790976459082738e-06
1.658753291167158750e-06
1.658679809679597426e-06
1.658656577774309056e-06
1.658639896125653924e-06
1.658584708745062566e-06
1.658548203901470198e-06
1.658500951862151893e-06
1.658474927050216646e-06
1.658420268313420735e-06
1.658373359229396323e-06
1.658352800859574927e-06
1.658312838041335051e-06
1.658276598467030771e-06
1.658241308177821423e-06
1.658200953139991492e-06
1.658157164759662242e-06
1.658104925657729160e-06
1.658088912866636112e-06
1.658041823778451904e-06
1.658013136799733412e-06
1.657982511460431894e-06
1.657919822643331425e-06
1.657883380327499888e-06
1.657837284104365016e-06
1.657805713269529808e-06
1.657769970127750089e-06
1.657728980338409476e-06
1.657695425668255899e-06
1.657664747275096763e-06
1.657631190710162670e-06
1.657590538191773978e-06
1.657561527205568022e-06
1.657520637839600885e-06
1.657494124174263561e-06
1.657461878797524510e-06
1.657424900258774827e-06
1.657379548684427116e-06
1.657334642383527078e-06
1.657284171111920439e-06
1.657248971772181354e-06
1.657210687729578599e-06
1.657169065083508031e-06
1.657143157747971959e-06
1.657111264800429803e-06
1.657076292834365949e-06
1.657027439705416327e-06
1.657013801074450977e-06
1.656962899687641851e-06
1.656932496037673805e-06
1.656894625057248049e-06
1.656850164029795683e-06
1.656824006583216710e-06
1.656783672387973723e-06
1.656739715372168618e-06
1.656695701512944652e-06
1.656666281254122940e-06
1.656623182573942718e-06
1.656596780700662388e-06
1.656561369145492833e-06
1.656507599060811752e-06
1.656496666176584260e-06
1.656434252102675093e-06
1.656434087256760269e-06
1.656378888507485182e-06
1.656367521718493747e-06
1.656312726557492444e-06
1.656278709560865494e-06
1.656261269999958956e-06
1.656191231328799954e-06
1.656201383563408579e-06
1.656117759315141844e-06
1.656109246065776968e-06
1.656079609801963755e-06
1.656046106290887068e-06
1.656013769964677754e-06
1.655972981022083881e-06
1.655969543890023530e-06
1.655944743106374517e-06
1.655887052720572768e-06
1.655842684537371180e-06
1.655818137654326525e-06
1.655771454049196616e-06
1.655741596096049719e-06
1.655714225989868240e-06
1.655676686596052647e-06
1.655659226192559165e-06
1.655609482516714199e-06
1.655572363764198091e-06
1.655531313341877374e-06
1.655505908123207836e-06
1.655461149615196920e-06
1.655424404134464651e-06
1.655380200797177675e-06
1.655372422722696958e-06
1.655326889249408935e-06
1.655299295559113256e-06
1.655253951563887820e-06
1.655226742514059921e-06
1.655188325836813017e-06
1.655156675421191489e-06
1.647264070925302804e-06
1.648165971346315843e-06
1.648614968037994363e-06
1.648905731599370399e-06
1.649354682816313788e-06
1.649787604189138217e-06
1.650186995523957469e-06
1.650554156640282642e-06
1.650887545186681796e-06
1.651191128833791883e-06
1.651459651460148369e-06
1.651678708943412223e-06
1.651856797479922619e-06
1.652006922843914528e-06
1.652129194932664854e-06
1.652231283818158138e-06
1.652307421788160947e-06
1.652368738784086058e-06
1.652413019807378627e-06
1.652448455994696582e-06
1.652467847179650604e-06
1.652484621672556302e-06
1.652492822283117443e-06
1.652506028904099367e-06
1.652506153959620818e-06
1.652514619839469835e-06
1.652505106145933136e-06
1.652498197775761032e-06
1.652481904557134924e-06
1.652478109311535496e-06
1.652466609887900124e-06
1.652452724935452902e-06
1.652444609590020264e-06
1.652429616190905468e-06
1.652411394085599335e-06
1.652398685791922701e-06
1.652384779996888536e-06
1.652367639811321486e-06
1.652348225888999793e-06
1.652330312632936152e-06
1.652316664528067799e-06
1.652301072378274237e-06
1.652282886273800021e-06
1.652264487953895336e-06
1.652244727286718719e-06
1.652225720742232265e-06
1.652208122019753086e-06
1.652188264718764236e-06
1.652167586977763359e-06
1.652147515566563523e-06
1.652131150346273581e-06
1.652116039470759820e-06
1.652095100250032099e-06
1.652074157239743134e-06
1.652051535453817049e-06
1.652028612397771170e-06
1.652008074870536718e-06
1.651988814425446118e-06
1.651963450891950468e-06
1.651945785852149214e-06
1.651926739517269600e-06
1.651902872860470547e-06
1.651875375803986889e-06
1.651854997438325289e-06
1.651833639471078598e-06
1.651814922828028420e-06
1.651794267824395002e-06
1.651773180810778370e-06
1.651752334434301427e-06
1.651729004000420308e-06
1.651702990557169002e-06
1.651678081771024238e-06
1.651658106993636423e-06
1.651636438282366726e-06
1.651614021132748623e-06
1.651592807168829812e-06
1.651573914311181080e-06
1.651556160216690292e-06
1.651535232364646300e-06
1.651512138778343839e-06
1.651490936183108758e-06
1.651472861870691536e-06
1.651452269394818951e-06
1.651434200766743701e-06
1.651418263766875730e-06
1.651396265363776598e-06
1.651374770972324726e-06
1.651355523790698583e-06
1.651334499304842571e-06
1.651314784112400873e-06
1.651293073715957287e-06
1.651270815727912038e-06
1.651251596967995326e-06
1.651234701209129208e-06
1.651216914903367746e-06
1.651200187779977484e-06
1.651184377730411693e-06
1.651167129542348681e-06
1.651149371658296649e-06
1.651132527058507633e-06
1.651114992758569590e-06
1.651097520986392378e-06
1.651076422604092016e-06
1.651054729260673919e-06
1.651034038256208585e-06
1.651014393170650417e-06
1.650992735828064449e-06
1.650971633656202632e-06
1.650948937973832197e-06
1.650927989279201261e-06
1.650907521858850127e-06
1.650884252057949113e-06
1.650860254661286849e-06
1.650832026219480488e-06
1.650816066482245058e-06
1.650791906134448487e-06
1.650770167316295471e-06
1.650749449784901434e-06
1.650725937452080003e-06
1.650705623508959751e-06
1.650691003381628794e-06
1.650673110968151885e-06
1.650651720789634732e-06
1.650628053084801692e-06
1.650609855611643747e-06
1.650593363441051626e-06
1.650564824255222045e-06
1.650545599810963362e-06
1.650525249867011193e-06
1.650509212443769959e-06
1.650489923576969929e-06
1.650476188312192557e-06
1.650455184668923488e-06
1.650437784898410110e-06
1.650417141263460423e-06
1.650399944234474513e-06
1.650372557075267333e-06
1.650349247483973159e-06
1.650328990384271767e-06
1.650307848422016790e-06
1.650290611602637508e-06
1.650269363532667507e-06
1.650248303045979578e-06
1.650219487222178391e-06
1.650196238263864321e-06
1.650181244864749313e-06
1.650159807316716302e-06
1.650135686759313103e-06
1.650108394339137428e-06
1.650089037260234596e-06
1.650068389835723877e-06
1.650054194139253648e-06
1.650032504585397006e-06
1.650006602934202694e-06
1.649987657022696345e-06
1.649975147680985724e-06
1.649956038818345490e-06
1.649934394739223768e-06
1.649914815970987462e-06
1.649898651597444261e-06
1.649881770996823117e-06
1.649856149773161865e-06
1.649838962218078957e-06
1.649820768534482256e-06
1.649798997505058566e-06
1.649777838489778100e-06
1.649759659964426371e-06
1.649742330300796311e-06
1.649721417606997505e-06
1.649699508258587907e-06
1.649680136021440101e-06
1.649659225222421810e-06
1.649635970579765769e-06
1.649612814465702688e-06
1.649592729791038394e-06
1.649572463217434001e-06
1.649554324482475432e-06
1.649538374219143005e-06
1.649525213072896212e-06
1.649506350531737638e-06
1.649484685610028972e-06
1.649466166024164290e-06
1.649451807376559965e-06
1.649435620265649092e-06
1.649421199090284147e-06
1.649407039394645835e-06
1.649389918156885002e-06
1.649369530317320189e-06
1.649358555747918809e-06
1.649342554325509492e-06
1.649322462071722924e-06
1.649306191590464275e-06
1.649293147920616236e-06
1.649278637690561757e-06
1.649262052675718858e-06
1.649244613114812320e-06
1.649227651038624339e-06
1.649209987893603601e-06
1.649193092134737484e-06
1.649178523166483416e-06
1.645982464045422053e-06
1.644143346387257500e-06
1.643926229159357400e-06
1.643824439649203394e-06
1.643705845329653532e-06
1.643558344236832221e-06
1.643385907830937233e-06
1.643193663388349980e-06
1.642988200956097074e-06
1.642773721262832031e-06
1.642558800085680559e-06
1.642342220975478910e-06
1.642135454934153448e-06
1.641939036289841169e-06
1.641757205561589174e-06
1.641592217538345679e-06
1.641446099635383456e-06
1.641320280517296301e-06
1.641208981103166839e-06
1.641121029175943984e-06
1.641044059397245207e-06
1.640991033961351287e-06
1.640947198211506390e-06
1.640923903778457400e-06
1.640911311066399004e-06
1.640915013467747443e-06
1.640927236697583244e-06
1.640957566451106728e-06
1.640997281053084005e-06
1.641051466094722813e-06
1.641112942252220776e-06
1.641189231804673952e-06
1.641270123779274125e-06
1.641364948075837166e-06
1.641459112988741338e-06
1.641564570794192383e-06
1.641668774254867458e-06
1.641776297371203919e-06
1.641879621653667168e-06
1.641982335816768132e-06
1.642078800993355439e-06
1.642172274311330279e-06
1.642254608213988916e-06
1.642335843143882770e-06
1.642401717087219960e-06
1.642464345271340113e-06
1.642518623157229698e-06
1.642571053632006307e-06
1.642608574078015683e-06
1.642646259369939883e-06
1.642673686319540223e-06
1.642701986763010207e-06
1.642722535658928389e-06
1.642741297776713911e-06
1.642757520888456701e-06
1.642768537143031968e-06
1.642781088169916477e-06
1.642785607221715911e-06
1.642792062739317856e-06
1.642797360545955641e-06
1.642796701162296771e-06
1.642798143090355235e-06
1.642796657582342367e-06
1.642798832790504051e-06
1.642794510795890114e-06
1.642791945262918891e-06
1.642788635081160507e-06
1.642785285109008962e-06
1.642783674545474643e-06
1.642778160733845145e-06
1.642772978508825597e-06
1.642766594992887486e-06
1.642762591321419043e-06
1.642754006070390545e-06
1.642746853273517085e-06
1.642740824081556596e-06
1.642734724782712789e-06
1.642724820764366763e-06
1.642717340170444596e-06
1.642710384430756634e-06
1.642704197972004020e-06
1.642697255495780515e-06
1.642690606710554316e-06
1.642680113415432738e-06
1.642671935542239268e-06
1.642664725901946947e-06
1.642658897556733199e-06
1.642647960882944464e-06
1.642639116046969638e-06
1.642629988888681235e-06
1.642621835647635952e-06
1.642614995489566439e-06
1.642606982462287581e-06
1.642596672960886830e-06
1.642589798696765916e-06
1.642581058073725809e-06
1.642571832386844657e-06
1.642562233428179667e-06
1.642551831082528140e-06
1.642543768790953119e-06
1.642535333227594260e-06
1.642526594499334668e-06
1.642517833033707617e-06
1.642510672657711671e-06
1.642500694742921084e-06
1.642492461921089269e-06
1.642483240023769572e-06
1.642474912462906464e-06
1.642463858312718553e-06
1.642456538775149966e-06
1.642448334375027793e-06
1.642435461235436336e-06
1.642427052199006179e-06
1.642417760194803165e-06
1.642409995383786694e-06
1.642400640851822848e-06
1.642392709300111249e-06
1.642382142108544898e-06
1.642375569114543988e-06
1.642366095211400449e-06
1.642358436508099425e-06
1.642349159662141172e-06
1.642338952478894413e-06
1.642332301798887699e-06
1.642320719004904551e-06
1.642311176889658422e-06
1.642303063439006512e-06
1.642292022552283057e-06
1.642284515431432188e-06
1.642275562592961610e-06
1.642268580326344733e-06
1.642260137183863387e-06
1.642250528751295183e-06
1.642241556965018390e-06
1.642232196748712573e-06
1.642223056326959924e-06
1.642212775247268605e-06
1.642202827648967963e-06
1.642193363219727639e-06
1.642185236505611059e-06
1.642175004690216113e-06
1.642167173561877779e-06
1.642159020320832497e-06
1.642150389595068868e-06
1.642142584993659236e-06
1.642134003532191770e-06
1.642123227914756404e-06
1.642113805170689967e-06
1.642106250680323450e-06
1.642098082281032983e-06
1.642088322266014624e-06
1.642080743143499921e-06
1.642070823966908710e-06
1.642062863993487469e-06
1.642052994081192632e-06
1.642043588390151896e-06
1.642033832164694781e-06
1.642024583740445958e-06
1.642016015542443161e-06
1.642005620775914120e-06
1.641999576425708658e-06
1.641990354528388749e-06
1.641982978147401302e-06
1.641973011601294232e-06
1.641964625302231747e-06
1.641956375427374443e-06
1.641948513982545951e-06
1.641940355057158698e-06
1.641931112317252058e-06
1.641922835915465839e-06
1.641913562859069041e-06
1.641904096535047989e-06
1.641896303302322299e-06
1.641886545182084457e-06
1.641877255072661958e-06
1.641869365206124035e-06
1.641859914040348168e-06
1.641850889200213757e-06
1.641841011708796434e-06
1.641833591747854371e-06
1.641824155740323476e-06
1.641816015762742651e-06
1.641805484572008429e-06
1.641797600389812265e-06
1.641789981476904401e-06
1.641779677659845622e-06
1.641772769289673306e-06
1.641762524210813903e-06
1.641753637689665401e-06
1.641745960038557949e-06
1.641737045095700016e-06
1.641728302577879181e-06
1.641716295353035093e-06
1.641707425884912080e-06
1.641698607575866168e-06
1.641688838086944595e-06
1.641680072831756301e-06
1.641670441661820638e-06
1.641661867779475870e-06
1.641654065072846966e-06
1.638839667824261829e-06
1.638720239801235271e-06
1.638699336581339679e-06
1.638716508978177402e-06
1.638732300079936977e-06
1.638754253008300978e-06
1.638779696122583161e-06
1.638809148592675546e-06
1.638842955268652753e-06
1.638877711229724894e-06
1.638916571285638743e-06
1.638957220014465980e-06
1.639000479750999782e-06
1.639046526709838280e-06
1.639092010918830140e-06
1.639138569468438385e-06
1.639186514997466750e-06
1.639234968327703829e-06
1.639281852779580054e-06
1.639329263980471212e-06
1.639374592817451463e-06
1.639418686257461961e-06
1.639460801546495849e-06
1.639501147110422565e-06
1.639539514523373095e-06
1.639574314064399639e-06
1.639608539486895605e-06
1.639638062063871308e-06
1.639666561459307516e-06
1.639692853435311368e-06
1.639715653330616311e-06
1.639736116961406202e-06
1.639754443279647053e-06
1.639771879050992136e-06
1.639786800448443099e-06
1.639799376107475794e-06
1.639810305202142043e-06
1.639820252800442684e-06
1.639829095741636995e-06
1.639836432332231282e-06
1.639842226571393841e-06
1.639845409802850047e-06
1.639849371789144603e-06
1.639851238148063795e-06
1.639854036739052432e-06
1.639853978000852844e-06
1.639855656776489965e-06
1.639856041416957533e-06
1.639854610857582799e-06
1.639851778160542973e-06
1.639851704264098411e-06
1.639849561267207401e-06
1.639846798677050681e-06
1.639844604521082781e-06
1.639841277286298696e-06
1.639839373031766859e-06
1.639835284095170124e-06
1.639831441480055261e-06
1.639826723476289814e-06
1.639824294367523772e-06
1.639820182693559578e-06
1.639816459449624195e-06
1.639812124191545588e-06
1.639807644930139526e-06
1.639803031139308587e-06
1.639799144944239108e-06
1.639794550101214597e-06
1.639790404321199001e-06
1.639785599157524535e-06
1.639780981577132564e-06
1.639775958513685869e-06
1.639771505779208298e-06
1.639766170076958080e-06
1.639761345965477398e-06
1.639756283111637543e-06
1.639752218807188995e-06
1.639748220820062310e-06
1.639743895035887130e-06
1.639737710471915032e-06
1.639733003836833315e-06
1.639728643946606733e-06
1.639723141503660964e-06
1.639719109410483090e-06
1.639714160243480957e-06
1.639709176970427422e-06
1.639704059167949433e-06
1.639698880732491129e-06
1.639693728823961739e-06
1.639688328699169963e-06
1.639684535348351262e-06
1.639680101561680119e-06
1.639673782468283567e-06
1.639670485549989640e-06
1.639665475750007402e-06
1.639660767220144957e-06
1.639655596363809351e-06
1.639649553908384405e-06
1.639644320524287967e-06
1.639639113667120233e-06
1.639634177763582557e-06
