2.189565342784286893e-06
1.658533697460976962e-06
1.639568830569260087e-06
1.639296812072643661e-06
1.640329524358700605e-06
1.641686431715546225e-06
1.641601185535061230e-06
1.639573995741253934e-06
1.639482873846039543e-06
1.640009370854992592e-06
1.640883630216194518e-06
1.641576085376072940e-06
1.641369368599043852e-06
1.640620524767655297e-06
1.640535109951694447e-06
1.641116599178834296e-06
1.642241128744596206e-06
1.643808352961665785e-06
1.645673753121930764e-06
1.647479119052756454e-06
1.648738888585891441e-06
1.649171775852664681e-06
1.648709837809292324e-06
1.647483259148430079e-06
1.645782568478656051e-06
1.643965578068673537e-06
1.642450375053764811e-06
1.641466834219803194e-06
1.640960275987405619e-06
1.640803189199383776e-06
1.640925718978299703e-06
1.641286127096463958e-06
1.641833400375010844e-06
1.642494335859131160e-06
1.643148573293728902e-06
1.643658536446916155e-06
1.643905102355347396e-06
1.643827683513639703e-06
1.643442565561296485e-06
1.642827961253108972e-06
1.642112249555793781e-06
1.641456517139279957e-06
1.640978731150729165e-06
1.640732585883597409e-06
1.640692325584798984e-06
1.640825020861787782e-06
1.641119583458324489e-06
1.641543443990182590e-06
1.642067320517526283e-06
1.642657844058703546e-06
1.643269968099048128e-06
1.643828920805390183e-06
1.644315962797312073e-06
1.644710113168912400e-06
1.645017948703753106e-06
1.645246320928587645e-06
1.645415255779880723e-06
1.645529217360793429e-06
1.645608191817397308e-06
1.645658664983784462e-06
1.645696467752107627e-06
1.645710155647369352e-06
1.645724195971827972e-06
1.645721927919415298e-06
1.645721332958297987e-06
1.645720182826456314e-06
1.645716938962020005e-06
1.645714466273299559e-06
1.645701572291121370e-06
1.645679755786962550e-06
1.645668929010450081e-06
1.645665076921432004e-06
1.645646534598199651e-06
1.645627973327160869e-06
1.645616875597018766e-06
1.645601450187920543e-06
1.645582394379137715e-06
1.645564278381546818e-06
1.645543712432602935e-06
1.645522432151362049e-06
1.645504177834785244e-06
1.645481635629645690e-06
1.645457086851820307e-06
1.645434828863775058e-06
1.645410437352742012e-06
1.645398428233117197e-06
1.645383567468646339e-06
1.645403536561692183e-06
1.645336707648918089e-06
1.645309136695990081e-06
1.645291710398548000e-06
1.645270001896884931e-06
1.645246902626240711e-06
1.645224589689557116e-06
1.645206121262769324e-06
1.645194771526803379e-06
1.645183793167840756e-06
1.645168716398378185e-06
1.645148758674016282e-06
1.645124782119940751e-06
1.645101597584168028e-06
1.645080398778494190e-06
1.645058983967828638e-06
1.645039490464720625e-06
1.645009651459379944e-06
1.644983458011969053e-06
1.644966494041000345e-06
1.644945854195611901e-06
1.644926279216936839e-06
1.644907348463675674e-06
1.644887440003609934e-06
1.644866574679326774e-06
1.644848831953519715e-06
1.644831883140795981e-06
1.644801693601038921e-06
1.644784928582036226e-06
1.644762151424098742e-06
1.644747394872562604e-06
1.644726323017190733e-06
1.644700411892093418e-06
1.644666872380185026e-06
1.644644279015968370e-06
1.644618959062427124e-06
1.644595054510015638e-06
1.644571862395120428e-06
1.644552529948365783e-06
1.644533458981337982e-06
1.644505512861845408e-06
1.644486491159113981e-06
1.644468973912201638e-06
1.644436446213148799e-06
1.644415391410802840e-06
1.644403088600180719e-06
1.644384911969609717e-06
1.644363091675889654e-06
1.644340640420220150e-06
1.644322314101979510e-06
1.644298170807208640e-06
1.644278171397672850e-06
1.644246430032581059e-06
1.644199905589024004e-06
1.644210866894960926e-06
1.644168266542086205e-06
1.644154961392511321e-06
1.644149466528688251e-06
1.644129556173841995e-06
1.644101600580446207e-06
1.644091823512402148e-06
1.644058896014636555e-06
1.644026495265885895e-06
1.644010569634701866e-06
1.643967677485610143e-06
1.643952235023486220e-06
1.643931551598143372e-06
1.643903315577214524e-06
1.643879312496210290e-06
1.643867943812438128e-06
1.643833271221713763e-06
1.643821498949667605e-06
1.643813548450149578e-06
1.643778121736735049e-06
1.643764617635194152e-06
1.643744252532997010e-06
1.643705208683362121e-06
1.643693677048455864e-06
1.643674035752458939e-06
1.643641998801588903e-06
1.643623896067462463e-06
1.643587459435972685e-06
1.643571495909176012e-06
1.643549692668481437e-06
1.643537266697118592e-06
1.643502944640810393e-06
1.643489489803566082e-06
1.643454351096806889e-06
1.643440757940576669e-06
1.643431952894995215e-06
1.643406612098867024e-06
1.643384130526707575e-06
1.643361251050616099e-06
1.643347413467684736e-06
1.643304549740302443e-06
1.643285105501490804e-06
1.643267696257074424e-06
1.643244968363433103e-06
1.643227079739517649e-06
1.643201435778488938e-06
1.643174023987133571e-06
1.643155208815490644e-06
1.643131910592880199e-06
1.643102067797978275e-06
1.643091248600588505e-06
1.643062129611886798e-06
1.643037631993138305e-06
1.643012933527643284e-06
1.642989220348075325e-06
1.642975839407275364e-06
1.642952628344573938e-06
1.642930036875138010e-06
1.642910046939505222e-06
1.637688874704205498e-06
1.636994983300610371e-06
1.636411305601844381e-06
1.636279519819557568e-06
1.636251120847494624e-06
1.636247143702955095e-06
1.636276135741354622e-06
1.636337251890533205e-06
1.636427509765780954e-06
1.636544516259164168e-06
1.636688765908426471e-06
1.636854060886131942e-06
1.637038008084346032e-06
1.637231703928894963e-06
1.637437986801160108e-06
1.637641592348397036e-06
1.637852549644473224e-06
1.638054247147617071e-06
1.638245042083023374e-06
1.638427950941452996e-06
1.638585437528187592e-06
1.638736313225308634e-06
1.638866905295799370e-06
1.638978526822635781e-06
1.639073400383494985e-06
1.639157797702258312e-06
1.639225087046725051e-06
1.639282237420047834e-06
1.639321288848805210e-06
1.639356033441193409e-06
1.639381656559635388e-06
1.639402127769547765e-06
1.639418625624481645e-06
1.639428641434885089e-06
1.639434566413910858e-06
1.639438314289994428e-06
1.639438733036513398e-06
1.639436129607929531e-06
1.639433099853704419e-06
1.639424018170150935e-06
1.639420965678558152e-06
1.639408266858784732e-06
1.639403092212887671e-06
1.639398486001179430e-06
1.639386027818545699e-06
1.639375722106706192e-06
1.639364124154478072e-06
1.639355914070013928e-06
1.639340725508494363e-06
1.639332301313819021e-06
1.639322226765216413e-06
1.639309490049830349e-06
1.639293928216526733e-06
1.639287309747790692e-06
1.639273375531047307e-06
1.639263651516860866e-06
1.639247337455647814e-06
1.639238087136618475e-06
1.639226968563889428e-06
1.639214616488970933e-06
1.639203208014805611e-06
1.639190226872718403e-06
1.639183185867902149e-06
1.639170263464014529e-06
1.639159074784401952e-06
1.639142288922812525e-06
1.639133531246746717e-06
1.639119394288475865e-06
1.639105149327709474e-06
1.639092543352186620e-06
1.639079321572959723e-06
1.639072769421545757e-06
1.639057637703444840e-06
1.639048783393567012e-06
1.639034443693769115e-06
1.639021098753801282e-06
1.639010849885380636e-06
1.638999405410383186e-06
1.638985745936831103e-06
1.638972376364714872e-06
1.638961509797809455e-06
1.638946594084700252e-06
1.638939854350004003e-06
1.638923093120562551e-06
1.638910060819398453e-06
1.638898870245005360e-06
1.638885152033253689e-06
1.638872352790106793e-06
1.638861474854517435e-06
1.638849996273469007e-06
1.638840431420855206e-06
1.638822482163959648e-06
1.638809508600994927e-06
1.638800161648153567e-06
1.638793880450369448e-06
1.638778583886354132e-06
1.638766690348347765e-06
1.638755888203983484e-06
1.638748979833811380e-06
1.638730608040835610e-06
1.638720794971959634e-06
1.638704198588432794e-06
1.638692284207839695e-06
1.638677643237921582e-06
1.638664764413988366e-06
1.638650699457381559e-06
1.638636534077401488e-06
1.638623132294014795e-06
1.638612284674915594e-06
1.638595892927696738e-06
1.638581373223739045e-06
1.638571603734817472e-06
1.638555465888202974e-06
1.638542206213363220e-06
1.638529653291698196e-06
1.638514722420344020e-06
1.638501858754655988e-06
1.638486488294195899e-06
1.638475117715643221e-06
1.638462166890045960e-06
1.638450034609680420e-06
1.638433284748922910e-06
1.638420815197605449e-06
1.638408294487211098e-06
1.638393814573646565e-06
1.638379713616207842e-06
1.638364034306505261e-06
1.638354700617128359e-06
1.638338979622252102e-06
1.638329259397626904e-06
1.638314442213110449e-06
1.638298220996148387e-06
1.638283159384930789e-06
1.638265060440365592e-06
1.638253119532843579e-06
1.638244990923946483e-06
1.638229031186710842e-06
1.638210875398726785e-06
1.638202127196564191e-06
1.638183592452454324e-06
1.638169830660748038e-06
1.638158857986127175e-06
1.638145742314615513e-06
1.638132999914887478e-06
1.638118360839750092e-06
1.638104689997514068e-06
1.638089819759140207e-06
1.638077977380210943e-06
1.638064219378065900e-06
1.638051719510258493e-06
1.638037743608341221e-06
1.638022772946593884e-06
1.638008831150728013e-06
1.637998138903640211e-06
1.637985447662989277e-06
1.637972007983989940e-06
1.637957234379427888e-06
1.637944867146264419e-06
1.637932547282616809e-06
1.637917900628356937e-06
1.637902821964113850e-06
1.637888865010002794e-06
1.637878708985832925e-06
1.637864863823779075e-06
1.637851247930181396e-06
1.637839905773337937e-06
1.637828067183969916e-06
1.637816941032118171e-06
1.637801293933686476e-06
1.637790116622757840e-06
1.637777675493149810e-06
1.637761041214010537e-06
1.637749138202101169e-06
1.637732250022357538e-06
1.637718503388896436e-06
1.637706615535231829e-06
1.637693674183537993e-06
1.637679307956811182e-06
1.637667033567898490e-06
1.637650524344280669e-06
1.637641264551348328e-06
1.637630752308420322e-06
1.637614449615891000e-06
1.637598963573812673e-06
1.637582681723870295e-06
1.637568525817793438e-06
1.637556041108231004e-06
1.637543787561905045e-06
1.637529163645012844e-06
1.637518890144444011e-06
1.637509122550303166e-06
1.637494390630915002e-06
1.637482633517114029e-06
1.637470440603768386e-06
1.637456860711002624e-06
1.637440679284433510e-06
1.637425045449466272e-06
1.637414440362287276e-06
1.637400551620279023e-06
1.637391064453671238e-06
1.636265068327702465e-06
1.635538692805008903e-06
1.635334352082888239e-06
1.635302855144497381e-06
1.635325446613933309e-06
1.635355001402179686e-06
1.635380253143618342e-06
1.635398558619272038e-06
1.635408142419692055e-06
1.635410118675887726e-06
1.635407524721207072e-06
1.635398878837198259e-06
1.635383947965844294e-06
1.635363560126279481e-06
1.635340081899509240e-06
1.635308171898941594e-06
1.635275058712674446e-06
1.635238896824375758e-06
1.635197914614157843e-06
1.635151282168105036e-06
1.635100176144987927e-06
1.635046536800170268e-06
1.634988950627303026e-06
1.634924916515956326e-06
1.634858146341381820e-06
1.634787126173857000e-06
1.634709493221938321e-06
1.634626928156042997e-06
1.634543749181223934e-06
1.634453227931468613e-06
1.634357439191565665e-06
1.634260174417553064e-06
1.634156222962701619e-06
1.634048741531538833e-06
1.633941224099544343e-06
1.633824246027870770e-06
1.633706600993415630e-06
1.633589899559713875e-06
1.633469588568914248e-06
1.633350874878184693e-06
1.633231789810452028e-06
1.633115338487793176e-06
1.632999893293648119e-06
1.632891259835863144e-06
1.632784291890251045e-06
1.632684126207095603e-06
1.632589881713405110e-06
1.632502547484667450e-06
1.632424033459756216e-06
1.632353053082624768e-06
1.632288712016816092e-06
1.632232461664292079e-06
1.632186056591914716e-06
1.632144788269821770e-06
1.632113145433322728e-06
1.632087226729102715e-06
1.632071026354727385e-06
1.632058674279808889e-06
1.632057023925881410e-06
1.632056338015293837e-06
1.632065518227439857e-06
1.632080411203181389e-06
1.632098388881786377e-06
1.632120665817637843e-06
1.632148172348024715e-06
1.632178028406391097e-06
1.632211160540464249e-06
1.632248698039499327e-06
1.632284611711535627e-06
1.632324254311849070e-06
1.632363877964356509e-06
1.632401595467551170e-06
1.632439096965754331e-06
1.632478421242922280e-06
1.632511115682670247e-06
1.632547887690331431e-06
1.632579166728949848e-06
1.632607372433388539e-06
1.632635809301063916e-06
1.632660835563607856e-06
1.632680988450374528e-06
1.632705243537202393e-06
1.632720235041536673e-06
1.632735158333768363e-06
1.632747523672151104e-06
1.632760984193737386e-06
1.632768244993106596e-06
1.632778249434826098e-06
1.632783439238968132e-06
1.632788109873217721e-06
1.632790641300137754e-06
1.632793703265633752e-06
1.632795249406626723e-06
1.632793273150431052e-06
1.632794540758671479e-06
1.632792187441130726e-06
1.632790974781528433e-06
1.632787160588122788e-06
1.632784286205909074e-06
1.632779352197151913e-06
1.632775748324396223e-06
1.632771072005804452e-06
1.632767174442051243e-06
1.632759909853121001e-06
1.632753990558436779e-06
1.632749069813144076e-06
1.632742045861353523e-06
1.632735431182178725e-06
1.632728797555197711e-06
1.632722673624205929e-06
1.632716333688222221e-06
1.632707797701489886e-06
1.632699737304695593e-06
1.632694390233761222e-06
1.632687728185070777e-06
1.632678595342440615e-06
1.632671139380666635e-06
1.632665419037948638e-06
1.632655748077619814e-06
1.632650130053055596e-06
1.632642806725925766e-06
1.632635153706966501e-06
1.632626534349886602e-06
1.632620687056866425e-06
1.632613608156437527e-06
1.632606830526128845e-06
1.632601559246419763e-06
1.632590429305006775e-06
1.632583325772429901e-06
1.632576195712924113e-06
1.632568501008790960e-06
1.632560575141421121e-06
1.632554610372001979e-06
1.632545157311445384e-06
1.632539236121980646e-06
1.632530626238803961e-06
1.632525193902741511e-06
1.632515350517375377e-06
1.632507439808250722e-06
1.632502270846695632e-06
1.632493564329706714e-06
1.632485020763851893e-06
1.632477627329838744e-06
1.632471728877741678e-06
1.632463081098952348e-06
1.632456513789293197e-06
1.632447390420566038e-06
1.632439564976569674e-06
1.632431388998156720e-06
1.632423398708245534e-06
1.632416679816136228e-06
1.632407673923808034e-06
1.632399052671947407e-06
1.632389294551709776e-06
1.632381054150755475e-06
1.632375428547068982e-06
1.632368093851255211e-06
1.632360785682370354e-06
1.632352009058498329e-06
1.632345917338777009e-06
1.632337887258472662e-06
1.632329663910544061e-06
1.632320731914660428e-06
1.632314062286847497e-06
1.632305475141038272e-06
1.632296880416106348e-06
1.632290479847142748e-06
1.632281915438700982e-06
1.632274396949166383e-06
1.632268475759701645e-06
1.632260580208821963e-06
1.632250856194635522e-06
1.632244853529603736e-06
1.632238072109733599e-06
1.632230636990546775e-06
1.632222381431347500e-06
1.632214910311328547e-06
1.632206586540026682e-06
1.632199447006617680e-06
1.632192127469049093e-06
1.632185742058330466e-06
1.632178462311155039e-06
1.632171408042874328e-06
1.632163273749635262e-06
1.635248488203918261e-06
1.639864577403689869e-06
1.633285385575315284e-06
1.631918428302015030e-06
1.631877347563204154e-06
1.631890330600072090e-06
1.631872906197410525e-06
1.631860478331266952e-06
1.631864620321721304e-06
1.631873713373958306e-06
1.631880477740802742e-06
1.631887749908855682e-06
1.631895977046345526e-06
1.631904524401761591e-06
1.631912690906271331e-06
1.631917837130458750e-06
1.630584284839642435e-06
1.630646331326109523e-06
1.630549809306103355e-06
1.630527202678422242e-06
1.630505327436064045e-06
1.630484151367757879e-06
1.630466033475386254e-06
1.630449651202070611e-06
1.630436730692963507e-06
1.630424568096107810e-06
1.630415996108543770e-06
1.630409603118702445e-06
1.630404563002230049e-06
1.630401870518956859e-06
1.630401097448460267e-06
1.630401605249668771e-06
1.630403788036952942e-06
1.630407401383611846e-06
1.630411744220812939e-06
1.630417765833650941e-06
1.630424749995048334e-06
1.630433526618920358e-06
1.630441558594005433e-06
1.630451167026573425e-06
1.630460870198172923e-06
1.630471581393066942e-06
1.630480401596893581e-06
1.630492846516062855e-06
1.630502470106876032e-06
1.630514579649873900e-06
1.630524440088265734e-06
1.630534471056913939e-06
1.630545195515272416e-06
1.630555294696023423e-06
1.630564251324055244e-06
1.630573232584235251e-06
1.630582964177544179e-06
1.630591265211478373e-06
1.630598931493902096e-06
1.630604716259161652e-06
1.630612882763671181e-06
1.630618279098901714e-06
1.630624317764765417e-06
1.630629945263232637e-06
1.630634771269493835e-06
1.630638702939298445e-06
1.630641554584144699e-06
1.630644995505766294e-06
1.630646918708104347e-06
1.630649495609759512e-06
1.630651786399539645e-06
1.630652470415346490e-06
1.630654414460271488e-06
1.630653783498322260e-06
1.630653000953922454e-06
1.630653732339245158e-06
1.630653474649079768e-06
1.630652347254605555e-06
1.630651680291824410e-06
1.630651127015880775e-06
1.630649006756357224e-06
1.630647780833290474e-06
1.630646122900240296e-06
1.630643263676271767e-06
1.630641895644657864e-06
1.630639572643607058e-06
1.630637086691422155e-06
1.630634729584320159e-06
1.630632482374494430e-06
1.630629655361796362e-06
1.630626718451822028e-06
1.630623609116810173e-06
1.630620488413114799e-06
1.630617883089750416e-06
1.630614264058749541e-06
1.630610537025252915e-06
1.630607598220497853e-06
1.630603967820813248e-06
1.630600813011066473e-06
1.630596604703290046e-06
1.630592373658146159e-06
1.630588949789550265e-06
1.630585480446219028e-06
1.630581461616505611e-06
1.630577420049424523e-06
1.630573156793009962e-06
1.630568637741210528e-06
1.630563781418459172e-06
1.630560135860529594e-06
1.630555398908957931e-06
1.630551723034538195e-06
1.630548354114580434e-06
1.630545225831762362e-06
1.630540761728601273e-06
1.630537210909702988e-06
1.630533140920912681e-06
1.630528762082879671e-06
1.630524709147115065e-06
1.630521116643042893e-06
1.630517169814993310e-06
1.630512525707672424e-06
1.630508546668352168e-06
1.630504321307550251e-06
1.630499756781015686e-06
1.630496133960453568e-06
1.630491895336187194e-06
1.630487378179168487e-06
1.630482425222605111e-06
1.630478607239638222e-06
1.630473942289730393e-06
1.630469955671287650e-06
1.630466042949289256e-06
1.630461133572680495e-06
1.630456498939262611e-06
1.630451801778084108e-06
1.630447949689066031e-06
1.630443944122816859e-06
1.630439002534937212e-06
1.630434691909007005e-06
1.630430817082621256e-06
1.630425379062217046e-06
1.630421775189461144e-06
1.630417364140157673e-06
1.630413305520050884e-06
1.630409423114542648e-06
1.630405358810094100e-06
1.630401163765782342e-06
1.630396487447190571e-06
1.630392802098867833e-06
1.630388392944344877e-06
1.630384394957218404e-06
1.630379445790216270e-06
1.630375944235614360e-06
1.630371379709079795e-06
1.630366661705314348e-06
1.630362894881424561e-06
1.630357957083106157e-06
1.630354267945222176e-06
1.630349517730186055e-06
1.630345675115070980e-06
1.630341036692091853e-06
1.630337453661923106e-06
1.630332881556266054e-06
1.630328485665207556e-06
1.630324080300245843e-06
1.630319938309791491e-06
1.630315614420396826e-06
1.630311222318899359e-06
1.630307438441983872e-06
1.630302182320519975e-06
1.630299196146249055e-06
1.630294269716614593e-06
1.630290893217534134e-06
1.630285599200457592e-06
1.630281839955690292e-06
1.630277804072951175e-06
1.630273267968126040e-06
1.630268682599004531e-06
1.630265429260665219e-06
1.630259960923770852e-06
1.630254788172654518e-06
1.630250629129174465e-06
1.630246697459369855e-06
1.630241937770430521e-06
1.630237598722790883e-06
1.630233185778706684e-06
1.630229235161095858e-06
1.630224736951883367e-06
1.630220594961429015e-06
1.630216041803578179e-06
1.630212346981352227e-06
1.630206857801870916e-06
1.630202723390539261e-06
1.630198393816802626e-06
1.630194028242234074e-06
1.630189393608816402e-06
1.630184832871843080e-06
1.630180452139029555e-06
1.630176097933144732e-06
1.630171961627032350e-06
1.630166949932269385e-06
1.630162967103387885e-06
1.630158991853628872e-06
1.630155367138286238e-06
1.630150842402144833e-06
1.630146594303975457e-06
1.630142457997862863e-06
1.630137783574052032e-06
1.630133217152736739e-06
1.630128216826657715e-06
1.630124226418653729e-06
1.630120253063675231e-06
1.630115542639032271e-06
1.630111235802663307e-06
1.630106360532105735e-06
1.630102282964192729e-06
1.630097888967914747e-06
1.630093428654314901e-06
1.630088695492304481e-06
1.630084697505177796e-06
1.629222434000136440e-06
1.629288088148920673e-06
1.628938808077388468e-06
1.629013329799514987e-06
1.629017170519849335e-06
1.629033653216538453e-06
1.629048701564291383e-06
1.629063605908716856e-06
1.629078892998828958e-06
1.629093405123664165e-06
1.629108567158255028e-06
1.629123297182862463e-06
1.629136966130317972e-06
1.629151516150765611e-06
1.629165310153742571e-06
1.629178276137584595e-06
1.629191577497598024e-06
1.629203565774635895e-06
1.629215474470887234e-06
1.629227309270694012e-06
1.629237753301519428e-06
1.629248134804584012e-06
1.629257803870132108e-06
1.629267328932352537e-06
1.629275815654788498e-06
1.629284270165953785e-06
1.629291580229619370e-06
1.629298518916281632e-06
1.629305817611263275e-06
1.629311469741878682e-06
1.629317639147605807e-06
1.629323031693274885e-06
1.629327334740082818e-06
1.629331652945135512e-06
1.629335757039977220e-06
1.629339482178693330e-06
1.629342068554251497e-06
1.629344689035860853e-06
1.629347574786758509e-06
1.629349033767842462e-06
1.629350739070408286e-06
1.629352091943777216e-06
1.629353702507311535e-06
1.629354557053375174e-06
1.629356214986425352e-06
1.629357289327041736e-06
1.629357603860626198e-06
1.629357683441412519e-06
1.629357706178779978e-06
1.629357800917811484e-06
1.629357003215166917e-06
1.629356220670767111e-06
1.629355493075005650e-06
1.629354617686355278e-06
1.629353549030080653e-06
1.629353242075618889e-06
1.629351739514580321e-06
1.629350509801952327e-06
1.629349352090988167e-06
1.629347896899465246e-06
1.629346568658244503e-06
1.629344893672168837e-06
1.629343400585033483e-06
1.629341680124222474e-06
1.629340099877178313e-06
1.629338241097381395e-06
1.629336190944741163e-06
1.629334163529468602e-06
1.629332488543392723e-06
1.629330766187801199e-06
1.629328782352483041e-06
1.629327124419432864e-06
1.629325280797881131e-06
1.629323103694938931e-06
1.629321180492600666e-06
1.629319016653122712e-06
1.629317483775594198e-06
1.629314793187101312e-06
1.629312962829014036e-06
1.629310618985376497e-06
1.629308373670331495e-06
1.629306480784483388e-06
1.629304286628515276e-06
1.629302556693801265e-06
1.629300402328226525e-06
1.629297982693363697e-06
1.629295663481874134e-06
1.629293279847843223e-06
1.629290920845960500e-06
1.629288787322972492e-06
1.629286638641739723e-06
1.629284402800597723e-06
1.629282047588276243e-06
1.629279959540023578e-06
1.629277918861286348e-06
1.629275393118708285e-06
1.629273161067127740e-06
1.629271025649359217e-06
1.629268983075841471e-06
1.629266989766620100e-06
1.629264251808611567e-06
1.629262178918603875e-06
1.629259516751820631e-06
1.629257277121117388e-06
1.629255283811896016e-06
1.629252919125671322e-06
1.629250698442774507e-06
1.629248184068880386e-06
1.629245978544228544e-06
1.629243674490983954e-06
1.629241152537967135e-06
1.629239267231241726e-06
1.629236646749632158e-06
1.629234458278006017e-06
1.629232186436032312e-06
1.629229475004952694e-06
1.629227657910329664e-06
1.629225179537267248e-06
1.629222943696125460e-06
1.629220723013228645e-06
1.629218375380029651e-06
1.629216073221565789e-06
1.629213585374600370e-06
1.629210862574837022e-06
1.629208336832258960e-06
1.629206244994444840e-06
1.629204009153303052e-06
1.629201576254975767e-06
1.629199687158688903e-06
1.629197494897501518e-06
1.629195467482228746e-06
1.629193064900391619e-06
1.629190192412958420e-06
1.629188104364705755e-06
1.629185862839221997e-06
1.629183748264040417e-06
1.629181271785758729e-06
1.629178922257779007e-06
1.629176678837514733e-06
1.629174812478595329e-06
1.629172572847892297e-06
1.629170191108642114e-06
1.629167540310542388e-06
1.629165268468568684e-06
1.629162816622435182e-06
1.629160745627208006e-06
1.629158547681678651e-06
1.629156321314440077e-06
1.629154360216489379e-06
1.629151995530264685e-06
1.629149856322934918e-06
1.629147313527331155e-06
1.629144782100411333e-06
1.629142559522733791e-06
1.629140067886207129e-06
1.629138552061704104e-06
1.629136272640607701e-06
1.629133997009072753e-06
1.629131363263998939e-06
1.629129375639119327e-06
1.629127010952894632e-06
1.629124483315536054e-06
1.629122615061836134e-06
1.629120210585218279e-06
1.629117476416771201e-06
1.629115223522603713e-06
1.629113563694772808e-06
1.629111123217323036e-06
1.629108758531098554e-06
1.629106503742150338e-06
1.629104271690569793e-06
1.629101819844436292e-06
1.629099686321448284e-06
1.629097937438928057e-06
1.629094847051722629e-06
1.629092522155891307e-06
1.629090263577381847e-06
1.629088575327841724e-06
1.629086134850391952e-06
1.629083590160007673e-06
1.629081524849122256e-06
1.629079014264789378e-06
1.629076460100501885e-06
1.629073989306561956e-06
1.629072105894617063e-06
1.629069997003777242e-06
1.629067613369746543e-06
1.629065136891464643e-06
1.629062652834060468e-06
1.629060585628394535e-06
1.629058751480746016e-06
1.629056206790361737e-06
1.629054044845664299e-06
1.629051420574493699e-06
1.629049472740007247e-06
1.629047297531845563e-06
1.629044675155455479e-06
1.629042547316809442e-06
1.629040385372112216e-06
1.629037675835813113e-06
1.628347674416848709e-06
1.628582663215638562e-06
1.628576886029501703e-06
1.628563370559277288e-06
1.628562773703379250e-06
1.628566692109719402e-06
1.628571718962727340e-06
1.628576429387370301e-06
1.628581298973585902e-06
1.628585395489305124e-06
1.628589344212135434e-06
1.628592720711215681e-06
1.628596190054546918e-06
1.628598577478139072e-06
1.628601233960580345e-06
1.628603871495215614e-06
1.628606143337189319e-06
1.628607973695276594e-06
1.628609277304349150e-06
1.628611420301240371e-06
1.628613097182096765e-06
1.628614855538520207e-06
1.628616013249484155e-06
1.628617064852733080e-06
1.628618271827993615e-06
1.628618832683059736e-06
1.628619145321863471e-06
1.628618961528142431e-06
1.628620032079197784e-06
1.628620077553932703e-06
1.628620621355973124e-06
1.628620486826548670e-06
1.628620475457864729e-06
1.628620856308771266e-06
1.628620676304611469e-06
1.628620591039483178e-06
1.628620431877910325e-06
1.628620198819893123e-06
1.628619969551436952e-06
1.628619492066718606e-06
1.628618851630865953e-06
1.628618781523982846e-06
1.628618082349930816e-06
1.628617705288585734e-06
1.628616797688664477e-06
1.628616121251980118e-06
1.628615088596537409e-06
1.628613995308114597e-06
1.628613460979977390e-06
1.628613028969993963e-06
1.628611909154642447e-06
1.628610904920909381e-06
1.628610760917581501e-06
1.628609720683016306e-06
1.628608868031733394e-06
1.628607678109498560e-06
1.628606897459879694e-06
1.628605902700049630e-06
1.628604972362760913e-06
1.628604244766999452e-06
1.628603503907773534e-06
1.628602433356718393e-06
1.628601855448626571e-06
1.628600796266255159e-06
1.628599422550299498e-06
1.628598679796292852e-06
1.628598293261044768e-06
1.628597309869898434e-06
1.628596381427390445e-06
1.628595134661736750e-06
1.628593738208413417e-06
1.628592110591853186e-06
1.628590833509709545e-06
1.628589488215463102e-06
1.628588381663576044e-06
1.628587280796030744e-06
1.628586702887938922e-06
1.628585766866308446e-06
1.628584516311093509e-06
1.628583328283639191e-06
1.628581979199831716e-06
1.628580622536901543e-06
1.628579432614666710e-06
1.628578327957560167e-06
1.628577287722994972e-06
1.628576147065056513e-06
1.628575027249704997e-06
1.628574138597590168e-06
1.628573304894113472e-06
1.628572351819457296e-06
1.628571180845028678e-06
1.628569968185426385e-06
1.628569181851465548e-06
1.628568137827339109e-06
1.628566584107223440e-06
1.628565250181660938e-06
1.628563851833556877e-06
1.628562853284165570e-06
1.628561795996574886e-06
1.628560638285610726e-06
1.628559836793404704e-06
1.628558415707933184e-06
1.628557172731840733e-06
1.628556291658848390e-06
1.628555270372089623e-06
1.628554366561729609e-06
1.628553275168087524e-06
1.628551946926866781e-06
1.628550552368324176e-06
1.628549097176801255e-06
1.628547727250406836e-06
1.628546270164103187e-06
1.628544778971748561e-06
1.628543611786881187e-06
1.628542139542332776e-06
1.628541061412154937e-06
1.628539793803914510e-06
1.628538387876687963e-06
1.628537165743182456e-06
1.628536294144093115e-06
1.628535136433129167e-06
1.628533813876250184e-06
1.628532555741912759e-06
1.628531439716122487e-06
1.628530213793055736e-06
1.628528931026570125e-06
1.628527818790341096e-06
1.628526433705701493e-06
1.628525399155478268e-06
1.628524478292092766e-06
1.628523256158587258e-06
1.628522257609195951e-06
1.628520912314949508e-06
1.628519726182275917e-06
1.628518617735608132e-06
1.628517101911105106e-06
1.628516082519126855e-06
1.628514921018601452e-06
1.628513780360662992e-06
1.628512632123602046e-06
1.628511248933743170e-06
1.628509714161433929e-06
1.628508785718925939e-06
1.628507309684816074e-06
1.628506150079071398e-06
1.628504814258728169e-06
1.628503677390350953e-06
1.628502388939523371e-06
1.628501191438166051e-06
1.628499931409047899e-06
1.628498614536511098e-06
1.628497343138709216e-06
1.628495969422753343e-06
1.628494711288415919e-06
1.628493858637133006e-06
1.628492428077758272e-06
1.628491152890395147e-06
1.628489656013698550e-06
1.628488395984580398e-06
1.628487031742527739e-06
1.628486040772258918e-06
1.628484668951083772e-06
1.628483156916142201e-06
1.628482143208505709e-06
1.628480917285438959e-06
1.628479583359876457e-06
1.628478027744980271e-06
1.628476843507087409e-06
1.628475748323883868e-06
1.628474639877216083e-06
1.628473360900291714e-06
1.628471898129646518e-06
1.628470541466716345e-06
1.628469340175797782e-06
1.628467915300765018e-06
1.628466422213629453e-06
1.628465417979896386e-06
1.628463832048510043e-06
1.628462810761751275e-06
1.628461618944735714e-06
1.628460347546933833e-06
1.628459114044744595e-06
1.628457827488697741e-06
1.628456737989836171e-06
1.628455502592866418e-06
1.628454208457696865e-06
1.628452787372225345e-06
1.628451815349762952e-06
1.628450646270115063e-06
1.628449408978364370e-06
1.628447997366796064e-06
1.628446985553940299e-06
1.628445704682235416e-06
1.628444429494872291e-06
1.628443195992683053e-06
1.628441905647074744e-06
1.628440609617124887e-06
1.628439635699881766e-06
1.628438419250718018e-06
1.628437132694671163e-06
1.628051700208743484e-06
1.627486163139716789e-06
1.627550994953708056e-06
1.627543196036640396e-06
1.627545276505770786e-06
1.627548147098423257e-06
1.627550197251063489e-06
1.627552836680479274e-06
1.627555303684857748e-06
1.627557556579025236e-06
1.627559921265249931e-06
1.627562259424545710e-06
1.627564351262359831e-06
1.627567015323923802e-06
1.627569484223083004e-06
1.627572303656658373e-06
1.627574543287361616e-06
1.627576919342269828e-06
1.627579081286967266e-06
1.627582188727198394e-06
1.627584316565844431e-06
1.627586906730963842e-06
1.627589294154555995e-06
1.627591548943504000e-06
1.627593381196372003e-06
1.627595995993639600e-06
1.627598438365870099e-06
1.627601085374408370e-06
1.627602936575082589e-06
1.627605289892623342e-06
1.627607629946699849e-06
1.627609208298963495e-06
1.627611548353040002e-06
1.627613551136164376e-06
1.627615313282149061e-06
1.627617119008088361e-06
1.627618890627976048e-06
1.627621414475773595e-06
1.627622860193393303e-06
1.627624537074249696e-06
1.627625941106695516e-06
1.627627360297386309e-06
1.627629184971131825e-06
1.627630731112124797e-06
1.627632262094872796e-06
1.627633561914384108e-06
1.627634668466271166e-06
1.627636210817703106e-06
1.627637186629726742e-06
1.627638475080554324e-06
1.627639340995301694e-06
1.627640409651576107e-06
1.627641408200967415e-06
1.627642103585458202e-06
1.627643268875544848e-06
1.627644259845813669e-06
1.627645065127580935e-06
1.627645650614795243e-06
1.627646039044824055e-06
1.627646514634761885e-06
1.627647378654728527e-06
1.627648055091412886e-06
1.627648231306011439e-06
1.627648560997840874e-06
1.627649078272952381e-06
1.627649313225750522e-06
1.627649656181044203e-06
1.627650203772645867e-06
1.627650415988076337e-06
1.627650472831495198e-06
1.627650402724611880e-06
1.627650690731267427e-06
1.627650722942538101e-06
1.627650957895336031e-06
1.627650550517501003e-06
1.627650542938378516e-06
1.627650374302902449e-06
1.627650304196019131e-06
1.627650139350104520e-06
1.627650035137170012e-06
1.627649951766822237e-06
1.627649932819016020e-06
1.627649747130514465e-06
1.627649561442012698e-06
1.627649298067505337e-06
1.627649226065841503e-06
1.627648966480895387e-06
1.627648809214103261e-06
1.627648646262969166e-06
1.627648047512290400e-06
1.627647842875982628e-06
1.627647405181657230e-06
1.627646914433474427e-06
1.627646340314944060e-06
1.627646114836049132e-06
1.627645610824401871e-06
1.627645076496264664e-06
1.627644716487945283e-06
1.627644242792787969e-06
1.627643767202850138e-06
1.627643242348616146e-06
1.627642662545743808e-06
1.627642262747031054e-06
1.627641618521617369e-06
1.627641197880317672e-06
1.627640642709593521e-06
1.627640121644920560e-06
1.627639539947267706e-06
1.627638950670492155e-06
1.627638302655517014e-06
1.627637573164975038e-06
1.627637099469817935e-06
1.627636599247731918e-06
1.627636199449019164e-06
1.627635430168084028e-06
1.627634856049553449e-06
1.627634139822475930e-06
1.627633779814156337e-06
1.627632879793357778e-06
1.627632119986325643e-06
1.627631540183453306e-06
1.627630848588523762e-06
1.627630058465001681e-06
1.627629436976955456e-06
1.627628824962812444e-06
1.627628209159107978e-06
1.627627413351243926e-06
1.627626943445648067e-06
1.627626473540052207e-06
1.627625677732188156e-06
1.627624942557304209e-06
1.627624529495127210e-06
1.627623693896869787e-06
1.627623189885222526e-06
1.627622397866919930e-06
1.627621804800583134e-06
1.627621069625699187e-06
1.627620260554370678e-06
1.627619997179863318e-06
1.627619201371999267e-06
1.627618424511941432e-06
1.627617497964213959e-06
1.627616973109979966e-06
1.627616025719665548e-06
1.627615455390696213e-06
1.627614652003709675e-06
1.627614218098945732e-06
1.627613418501520438e-06
1.627612766696984266e-06
1.627612061838590265e-06
1.627611432771421553e-06
1.627610763913859680e-06
1.627610089371955837e-06
1.627609320091020489e-06
1.627608588705697996e-06
1.627608056272341305e-06
1.627607247201012797e-06
1.627606426761000558e-06
1.627605714323484282e-06
1.627605020833774011e-06
1.627604319764941465e-06
1.627603561852690058e-06
1.627602919522056889e-06
1.627602148346341025e-06
1.627601280536813139e-06
1.627600533993245251e-06
1.627599781765335815e-06
1.627599304280617257e-06
1.627598464892798802e-06
1.627597822562165632e-06
1.627597191600216404e-06
1.627596428003623027e-06
1.627595630300978248e-06
1.627594758701889120e-06
1.627594267953706316e-06
1.627593470251061537e-06
1.627592621389339868e-06
1.627591804738888873e-06
1.627591298832461097e-06
1.627590453760300671e-06
1.627589612477701489e-06
1.627588875408037026e-06
1.627588229287842613e-06
1.627587738539659810e-06
1.627586669883385184e-06
1.627586190503886111e-06
1.627585485645492321e-06
1.627584576150790548e-06
1.627583975505331267e-06
1.627583221382640891e-06
1.627582618842401094e-06
1.627581805981511342e-06
1.627581010173647291e-06
1.627580276893544071e-06
1.627579683827207276e-06
1.627578893703684983e-06
1.627578179371387980e-06
1.627577296403615122e-06
1.627576684389471898e-06
1.627575915108536762e-06
1.627369433284305392e-06
1.627334963435108283e-06
1.627338091717926143e-06
1.627339939129039120e-06
1.627340365454680576e-06
1.627339787546588965e-06
1.627339037213460045e-06
1.627338555939180244e-06
1.627338173193493191e-06
1.627337769605219407e-06
1.627337309173526549e-06
1.627337059062483646e-06
1.627336636526403434e-06
1.627336043460066638e-06
1.627335512921490675e-06
1.627335232493957614e-06
1.627334885749102478e-06
1.627334427212190349e-06
1.627334019834355109e-06
1.627333521507049819e-06
1.627333129287459764e-06
1.627332744646991984e-06
1.627332496430729809e-06
1.627331850310535396e-06
1.627331554724757150e-06
1.627331183347754039e-06
1.627330609229223460e-06
1.627330370486864287e-06
1.627329904370829671e-06
1.627329646680664070e-06
1.627329271514099716e-06
1.627328915295341578e-06
1.627328650026053490e-06
1.627328123277038770e-06
1.627327926219853273e-06
1.627327537789824461e-06
1.627327160728479379e-06
1.627326880300946319e-06
1.627326537345652426e-06
1.627326135652159157e-06
1.627325588060557493e-06
1.627325015836807642e-06
1.627324733514493853e-06
1.627324345084465042e-06
1.627324093078641411e-06
1.627323674332122442e-06
1.627323215795210312e-06
1.627322980842412382e-06
1.627322707994001808e-06
1.627322308195289267e-06
1.627322048610343150e-06
1.627321622284701694e-06
1.627321286908530288e-06
1.627320851108985830e-06
1.627320659736142303e-06
1.627320201199230174e-06
1.627319691503240942e-06
1.627319378864437208e-06
1.627319145806420005e-06
1.627319079489097930e-06
1.627318666426920932e-06
1.627318283681233879e-06
1.627317813775638020e-06
1.627317593981085063e-06
1.627317235867546198e-06
1.627316872069665573e-06
1.627316362373676342e-06
1.627316057313995094e-06
1.627315936048034885e-06
1.627315460458097055e-06
1.627315028448113840e-06
1.627314774547509482e-06
1.627314437276557561e-06
1.627314046951748021e-06
1.627313730523383044e-06
1.627313539150539729e-06
1.627313101456214332e-06
1.627312616392373499e-06
1.627312180592828829e-06
1.627311932376566442e-06
1.627311515524828200e-06
1.627311174464315035e-06
1.627310678031790261e-06
1.627310414657282901e-06
1.627309995910763931e-06
1.627309594217270662e-06
1.627309179260312936e-06
1.627308811672871068e-06
1.627308565351389409e-06
1.627308118183161009e-06
1.627307731647912713e-06
1.627307491010772812e-06
1.627307218162362238e-06
1.627306899839216744e-06
1.627306553094361609e-06
1.627306013081882431e-06
1.627305484438086983e-06
1.627305243800947295e-06
1.627304844002234541e-06
1.627304334306245522e-06
