1.057374551892280579e-01
3.278848528861999512e-02
6.170168519020080566e-03
6.683572195470333099e-03
1.325930841267108917e-02
1.299585774540901184e-02
1.081689912825822830e-02
8.925553411245346069e-03
7.837476208806037903e-03
8.432446047663688660e-03
7.153493817895650864e-03
5.464070010930299759e-03
4.550927784293889999e-03
4.237052053213119507e-03
4.114895127713680267e-03
4.002201370894908905e-03
3.758748061954975128e-03
3.256437601521611214e-03
2.880968619138002396e-03
2.743565011769533157e-03
2.722768578678369522e-03
2.689717104658484459e-03
2.586167305707931519e-03
2.427369821816682816e-03
2.221518661826848984e-03
1.937838736921548843e-03
1.637272886000573635e-03
1.460985164158046246e-03
1.521041616797447205e-03
1.451761927455663681e-03
1.277212984859943390e-03
1.210111891850829124e-03
1.236745389178395271e-03
1.130993827246129513e-03
1.109015545807778835e-03
1.161244581453502178e-03
1.189246075227856636e-03
1.162292202934622765e-03
1.118278596550226212e-03
1.084452378563582897e-03
1.038988586515188217e-03
9.870142675936222076e-04
9.325500577688217163e-04
8.850177982822060585e-04
8.435678319074213505e-04
8.086093002930283546e-04
7.772333920001983643e-04
7.488725241273641586e-04
7.259965641424059868e-04
7.035397575236856937e-04
6.826536846347153187e-04
6.628001574426889420e-04
6.423292797990143299e-04
6.187015678733587265e-04
5.935534718446433544e-04
5.692311679013073444e-04
5.448910524137318134e-04
5.234907148405909538e-04
5.032256012782454491e-04
4.842338967137038708e-04
4.667309112846851349e-04
4.497513873502612114e-04
4.337115678936243057e-04
4.199179820716381073e-04
4.061810323037207127e-04
3.932283143512904644e-04
3.795160446316003799e-04
3.644543176051229239e-04
3.495914861559867859e-04
3.348240570630878210e-04
3.205079119652509689e-04
3.059592854697257280e-04
2.919133403338491917e-04
2.790646394714713097e-04
2.648992522154003382e-04
2.528382465243339539e-04
2.401786623522639275e-04
2.281156193930655718e-04
2.174789697164669633e-04
2.066643646685406566e-04
1.961248490260913968e-04
1.855610025813803077e-04
1.761942257871851325e-04
1.667806936893612146e-04
1.578500814503058791e-04
1.494232128607109189e-04
1.415728620486333966e-04
1.341196766588836908e-04
1.269888452952727675e-04
1.199527032440528274e-04
1.137185900006443262e-04
1.078236673492938280e-04
1.022053183987736702e-04
9.703621617518365383e-05
9.160879562841728330e-05
8.712262933840975165e-05
8.259215974248945713e-05
7.859108154661953449e-05
7.512724550906568766e-05
7.108529098331928253e-05
6.748882879037410021e-05
6.426331674447283149e-05
6.117235170677304268e-05
5.828215580550022423e-05
5.542686994886025786e-05
5.304156002239324152e-05
5.069580220151692629e-05
4.859762702835723758e-05
4.660972990677691996e-05
4.476860704016871750e-05
4.303592504584230483e-05
4.146476203459315002e-05
3.998968895757570863e-05
3.860703509417362511e-05
3.729393210960552096e-05
3.605035453801974654e-05
3.487450521788559854e-05
3.376207314431667328e-05
3.270092565799131989e-05
3.169753108522854745e-05
3.076263965340331197e-05
2.990047505591064692e-05
2.909314571297727525e-05
2.834102269844152033e-05
2.763281372608616948e-05
2.697481977520510554e-05
2.635588680277578533e-05
2.577158556960057467e-05
2.522073191357776523e-05
2.470152685418725014e-05
2.420913551759440452e-05
2.374479299760423601e-05
2.331200630578678101e-05
2.289853728143498302e-05
2.250765828648582101e-05
2.213616426161024719e-05
2.178324211854487658e-05
2.144863901776261628e-05
2.112951733579393476e-05
2.082479841192252934e-05
2.053331627394072711e-05
2.025347566814161837e-05
1.998381958401296288e-05
1.972412246686872095e-05
1.947452983586117625e-05
1.923322815855499357e-05
1.900109236885327846e-05
1.877673093986231834e-05
1.855916525528300554e-05
1.834896102081984282e-05
1.814605639083310962e-05
1.795009484339971095e-05
1.776124554453417659e-05
1.757873906171880662e-05
1.740063089528121054e-05
1.722731212794315070e-05
1.705937211227137595e-05
1.689601231191772968e-05
1.673707811278291047e-05
1.658226028666831553e-05
1.643142786633688956e-05
1.628398240427486598e-05
1.614000939298421144e-05
1.599972893018275499e-05
1.586282814969308674e-05
1.572919791215099394e-05
1.559910015203058720e-05
1.547113606648053974e-05
1.534598959551658481e-05
1.522338970971759409e-05
1.510319452791009098e-05
1.498515393905108795e-05
1.486942528572399169e-05
1.475597218814073130e-05
1.464445631427224725e-05
1.453455843147821724e-05
1.442569009668659419e-05
1.431840701116016135e-05
1.421096112608211115e-05
1.410396362189203501e-05
1.399842039973009378e-05
1.389365024806465954e-05
1.378958586428780109e-05
1.368632001685909927e-05
1.358386907668318599e-05
1.348250771115999669e-05
1.338201036560349166e-05
1.328343478235183284e-05
1.318585054832510650e-05
1.308922946918755770e-05
1.299312498304061592e-05
1.289867032028269023e-05
1.280587366636609659e-05
1.271476958208950236e-05
1.262562363990582526e-05
1.253825485036941245e-05
1.245234216185053810e-05
1.236840762430801988e-05
1.228640394401736557e-05
1.220687408931553364e-05
1.212879215017892420e-05
1.205207354360027239e-05
1.197696565213846043e-05
1.190328111988492310e-05
1.183103813673369586e-05
1.176021214632783085e-05
1.169046572613297030e-05
1.162244461738737300e-05
1.155580321210436523e-05
1.149039962911047041e-05
1.142338624049443752e-05
1.136054379458073527e-05
1.129858173953834921e-05
1.123777383327251300e-05
1.117809188144747168e-05
1.112509289669105783e-05
1.107024399971123785e-05
1.101126417779596522e-05
1.095582956622820348e-05
1.089698162104468793e-05
1.084018458641367033e-05
1.079079356713918969e-05
1.073874773283023387e-05
1.068543133442290127e-05
1.063451600202824920e-05
1.058284033206291497e-05
1.053249616234097630e-05
1.048616195475915447e-05
1.043851534632267430e-05
1.038984282786259428e-05
1.034262822940945625e-05
1.029540908348280936e-05
1.024980338115710765e-05
1.020599484036210924e-05
1.016088936012238264e-05
1.011707445286447182e-05
1.007436731015332043e-05
1.003212764771888033e-05
9.991015758714638650e-06
9.950290404958650470e-06
9.909313121170271188e-06
9.868923370959237218e-06
9.829241207626182586e-06
9.788683200895320624e-06
9.750430763233453035e-06
9.712101018521934748e-06
9.674145985627546906e-06
9.637085895519703627e-06
9.600493285688571632e-06
9.564566425979137421e-06
9.529079761705361307e-06
9.493778634350746870e-06
9.459002285439055413e-06
9.425690222997218370e-06
9.391767889610491693e-06
9.358376701129600406e-06
9.325271093985065818e-06
9.292571121477521956e-06
9.260431397706270218e-06
9.228542694472707808e-06
9.196830433211289346e-06
9.165572009806055576e-06
9.134670108323916793e-06
9.104142918658908457e-06
9.073884939425624907e-06
9.043929821928031743e-06
9.014286661113146693e-06
8.984901796793565154e-06
8.955781595432199538e-06
8.926935151976067573e-06
8.898402484192047268e-06
8.870263627613894641e-06
8.842140232445672154e-06
8.814148714009206742e-06
8.786351827438920736e-06
8.758707735978532583e-06
8.731278285267762840e-06
8.704069841769523919e-06
8.677036021254025400e-06
8.650124982523266226e-06
8.623424946563318372e-06
8.597107807872816920e-06
8.570722457079682499e-06
8.544400770915672183e-06
8.518244612787384540e-06
8.492484084854368120e-06
8.466588042210787535e-06
8.441182217211462557e-06
8.416032869718037546e-06
8.391062692680861801e-06
8.366328984266147017e-06
8.341825378010980785e-06
8.317356332554481924e-06
8.293008249893318862e-06
8.268906640296336263e-06
8.245043318311218172e-06
8.221391908591613173e-06
8.197986062441486865e-06
8.174623872037045658e-06
8.151435395120643079e-06
8.128383342409506440e-06
8.105465894914232194e-06
8.082615750026889145e-06
8.059859283093828708e-06
8.037275620154105127e-06
8.014846571313682944e-06
7.992496648512315005e-06
7.970288606884423643e-06
7.948216079967096448e-06
7.926283615233842283e-06
7.904525773483328521e-06
7.882892532506957650e-06
7.861397534725256264e-06
7.840018042770680040e-06
7.818779522494878620e-06
7.797724720148835331e-06
7.776860002195462584e-06
7.756127160973846912e-06
7.735546205367427319e-06
7.715261745033785701e-06
7.694955456827301532e-06
7.674772859900258482e-06
7.654747605556622148e-06
7.634846042492426932e-06
7.615146387252025306e-06
7.595526767545379698e-06
7.576031748612876981e-06
7.556698164989938959e-06
7.537517376476898789e-06
7.518487109337002039e-06
7.499565981561318040e-06
7.480803560611093417e-06
7.462102075805887580e-06
7.443527465511579067e-06
7.425083822454325855e-06
7.406786608044058084e-06
7.388603989966213703e-06
7.370560979325091466e-06
7.352679858740884811e-06
7.334904694289434701e-06
7.317241397686302662e-06
7.299704520846717060e-06
7.282241313077975065e-06
7.264893611136358231e-06
7.247644589369883761e-06
7.230512437672587112e-06
7.213503522507380694e-06
7.196568731160368770e-06
7.179756721598096192e-06
7.163045665947720408e-06
7.146486041165189818e-06
7.129997811716748402e-06
7.113626907084835693e-06
7.097357411112170666e-06
7.081204785208683461e-06
7.065152203722391278e-06
7.049185114738065749e-06
7.033331257844110951e-06
7.017694770183879882e-06
7.002167876635212451e-06
6.986739208514336497e-06
6.971888069529086351e-06
6.956604920560494065e-06
6.941432729945518076e-06
6.926355126779526472e-06
6.911366654094308615e-06
6.896490049257408828e-06
6.881706212880089879e-06
6.867004231025930494e-06
6.852394562884001061e-06
6.837864475528476760e-06
6.823453077231533825e-06
6.809148544562049210e-06
6.794932687625987455e-06
6.780804596928646788e-06
6.766782917111413553e-06
6.752832632628269494e-06
6.738948741258354858e-06
6.725156708853319287e-06
6.711434252792969346e-06
6.697821845591533929e-06
6.684297659376170486e-06
6.670832590316422284e-06
6.657437552348710597e-06
6.644126187893562019e-06
6.630902589677134529e-06
6.617775852646445855e-06
6.604745976801495999e-06
6.591819328605197370e-06
6.578976353921461850e-06
6.566228421434061602e-06
6.553518687724135816e-06
6.540859885717509314e-06
6.528288395202253014e-06
6.515789664263138548e-06
6.503355962195200846e-06
6.490995474450755864e-06
6.478747764049330726e-06
6.466604190791258588e-06
6.454552021750714630e-06
6.442565336328698322e-06
6.430654138966929168e-06
6.418802968255477026e-06
6.407048203982412815e-06
6.395361197064630687e-06
6.383772415574640036e-06
6.372264124365756288e-06
6.360825864248909056e-06
6.349457180476747453e-06
6.338162165775429457e-06
6.326945367618463933e-06
6.315790415101218969e-06
6.304704584181308746e-06
6.293691058090189472e-06
6.282762115006335080e-06
6.271892743825446814e-06
6.261077032831963152e-06
6.250296792131848633e-06
6.239576578082051128e-06
6.228907295735552907e-06
6.218305315996985883e-06
6.207750175235560164e-06
6.197257789608556777e-06
6.186812242958694696e-06
6.176422175485640764e-06
6.166072125779464841e-06
6.155780283734202385e-06
6.145556199044222012e-06
6.135370767879066989e-06
6.125234904175158590e-06
6.115149517427198589e-06
6.105120064603397623e-06
6.095143362472299486e-06
6.085224868002114818e-06
6.075353212509071454e-06
6.065528850740520284e-06
6.055774520064005628e-06
6.046067937859334052e-06
6.036419563315575942e-06
6.026817573001608253e-06
6.017261966917430982e-06
6.007748197589535266e-06
5.998284905217587948e-06
5.988890734442975372e-06
5.979556590318679810e-06
5.970306119706947356e-06
5.961117494734935462e-06
5.951979801466222852e-06
5.942874395259423181e-06
5.933809916314203292e-06
5.924767265241825953e-06
5.915776455367449671e-06
5.906826572754653171e-06
5.896943548577837646e-06
5.888088253414025530e-06
5.879283889953512698e-06
5.870528184459544718e-06
5.861827503395034000e-06
5.853186848980840296e-06
5.844606221216963604e-06
5.836061518493806943e-06
5.827568656968651339e-06
5.819119905936531723e-06
5.810719812870956957e-06
5.802362011309014633e-06
5.794053777208318934e-06
5.785784651379799470e-06
5.777591013611527160e-06
5.769433755631325766e-06
5.761319698649458587e-06
5.753219738835468888e-06
5.745148428104585037e-06
5.737116225645877421e-06
5.729118129238486290e-06
5.721154593629762530e-06
5.713224709325004369e-06
5.705338480765931308e-06
5.697482265532016754e-06
5.689644694939488545e-06
5.681864422513172030e-06
5.674112799169961363e-06
5.666390734404558316e-06
5.658705958921927959e-06
5.651050742017105222e-06
5.643430995405651629e-06
5.635848538076970726e-06
5.628293365589343011e-06
5.620771844405680895e-06
5.613287612504791468e-06
5.605838850897271186e-06
5.598433745035436004e-06
5.591076842392794788e-06
5.583766778727294877e-06
5.576498097070725635e-06
5.569269887928385288e-06
5.562073965847957879e-06
5.554918516281759366e-06
5.547806267713895068e-06
5.540724941965891048e-06
5.533677722269203514e-06
5.526657787413569167e-06
5.519663318409584463e-06
5.512722054845653474e-06
5.505793069460196421e-06
5.498901373357512057e-06
5.492020591191248968e-06
5.485176643560407683e-06
5.478349976328900084e-06
5.471535587275866419e-06
5.464747118821833283e-06
5.457975476019782946e-06
5.451222023111768067e-06
5.444483122118981555e-06
5.437772415461950004e-06
5.431083991425111890e-06
5.424407390819396824e-06
5.417754437075927854e-06
5.411126494436757639e-06
5.404507646744605154e-06
5.397915174398804083e-06
5.391349986894056201e-06
5.384812538977712393e-06
5.378282367018982768e-06
5.371784027374815196e-06
5.365300239645875990e-06
5.358825546863954514e-06
5.352369043976068497e-06
5.345925274014007300e-06
5.339498784451279789e-06
5.333087756298482418e-06
5.326689915818860754e-06
5.320317995938239619e-06
5.313960173225495964e-06
5.307625542627647519e-06
5.301322744344361126e-06
5.295049959386233240e-06
5.288786269375123084e-06
5.282546680973609909e-06
5.276339379634009674e-06
5.270157998893409967e-06
5.264002538751810789e-06
5.257879820419475436e-06
5.251778020465280861e-06
5.245705324341543019e-06
5.239663551037665457e-06
5.233654974290402606e-06
5.227669134910684079e-06
5.221706487645860761e-06
5.215776127442950383e-06
5.209875780565198511e-06
5.204007266002008691e-06
5.198179678700398654e-06
5.192376193008385599e-06
5.186612725083250552e-06
5.180875632504466921e-06
5.175179012439912185e-06
5.169536962057463825e-06
5.163921287021366879e-06
5.158342901268042624e-06
5.152800440555438399e-06
5.147283445694483817e-06
5.141808287589810789e-06
5.136361323820892721e-06
5.130943918629782274e-06
5.125546522322110832e-06
5.120190508023370057e-06
5.114849955134559423e-06
5.109546691528521478e-06
5.104268893774133176e-06
5.099015197629341856e-06
5.093781510367989540e-06
5.088569196232128888e-06
5.083379619463812560e-06
5.078216872789198533e-06
5.073067768535111099e-06
5.067945494374725968e-06
5.062837772129569203e-06
5.057755970483412966e-06
5.052695996710099280e-06
5.047649210609961301e-06
5.042620159656507894e-06
5.037612936575897038e-06
5.032619355915812775e-06
5.027643510402413085e-06
5.022686309530399740e-06
5.017742296331562102e-06
5.012824658479075879e-06
5.007922936783870682e-06
5.003041678719455376e-06
4.998170879844110459e-06
4.993319180357502773e-06
4.988494765711948276e-06
4.983690359949832782e-06
4.978908691555261612e-06
4.974153398507041857e-06
4.969413112121401355e-06
4.964691470377147198e-06
4.959988018526928499e-06
4.955311396770412102e-06
4.950651600665878505e-06
4.946011358697433025e-06
4.941392035107128322e-06
4.936785444442648441e-06
4.932204319629818201e-06
4.927639110974268988e-06
4.923092092212755233e-06
4.918559170619118959e-06
4.914046712656272575e-06
4.909545623377198353e-06
4.905071364191826433e-06
4.900610292679630220e-06
4.896169684798223898e-06
4.891739990853238851e-06
4.887324848823482171e-06
4.882930625171866268e-06
4.878547315456671640e-06
4.874185378866968676e-06
4.869826625508721918e-06
4.865489245275966823e-06
4.861165507463738322e-06
4.856851774093229324e-06
4.852559868595562875e-06
4.848282060265773907e-06
4.844012892135651782e-06
4.839758730668108910e-06
4.835520940105197951e-06
4.831290425499901175e-06
4.827075827051885426e-06
4.822877599508501589e-06
4.818683464691275731e-06
4.814501153305172920e-06
4.810334303329000250e-06
4.806177457794547081e-06
4.802037437912076712e-06
4.797902874997816980e-06
4.793788320966996253e-06
4.789684680872596800e-06
4.785592864209320396e-06
4.781503776030149311e-06
4.777426056534750387e-06
4.773362434207228944e-06
4.769312454300234094e-06
4.765263838635291904e-06
4.761222498927963898e-06
4.757199349114671350e-06
4.753194389195414260e-06
4.749198069475824013e-06
4.745210844703251496e-06
4.741237717098556459e-06
4.737272320198826492e-06
4.733579771709628403e-06
4.729638021672144532e-06
4.725699000118765980e-06
4.721764980786247179e-06
4.717849151347763836e-06
4.713953330792719498e-06
4.710060238721780479e-06
4.706189429271034896e-06
4.702331807493465021e-06
4.698470547737088054e-06
4.694630661106202751e-06
4.690788500738563016e-06
4.686964530264958739e-06
4.683155566453933716e-06
4.679344783653505147e-06
4.675547643273603171e-06
4.671753686125157401e-06
4.667977464123396203e-06
4.664211246563354507e-06
4.660457307181786746e-06
4.656731562135973945e-06
4.652999450627248734e-06
4.649275979318190366e-06
4.645567059924360365e-06
4.641863597498741001e-06
4.638172867998946458e-06
4.634493052435573190e-06
4.630817784345708787e-06
4.627163434633985162e-06
4.623502718459349126e-06
4.619852006726432592e-06
4.616208116203779355e-06
4.612573320628143847e-06
4.608945346262771636e-06
4.605324647855013609e-06
4.601718501362483948e-06
4.598116902343463153e-06
4.594523488776758313e-06
4.590944627125281841e-06
4.587372586684068665e-06
4.583815098158083856e-06
4.580262611852958798e-06
4.576720584736904129e-06
4.573184924083761871e-06
4.569649263430619612e-06
4.566123607219196856e-06
4.562602498481282964e-06
4.559087756206281483e-06
4.555573013931280002e-06
4.552069640340050682e-06
