1.744216382503509591e-02
4.826177866198122848e-03
1.491430968356629227e-03
8.863141333373884649e-04
6.722148197392622268e-04
5.062980907193074696e-04
3.675728570669889233e-04
2.584687123696009499e-04
1.650655933190137039e-04
1.006132345840645288e-04
5.893654730850054888e-05
4.038171694749811269e-05
1.875090578929909213e-04
5.055228114846006961e-05
2.837637700091969685e-05
2.328911177755799077e-05
2.017127371800597757e-05
5.333364066852179362e-05
2.012360127991996841e-05
1.576060840307036347e-05
1.408578770375849414e-05
1.288431631110142883e-05
1.190352343958996569e-05
1.106552417695638724e-05
1.031717229125206393e-05
9.638542542234062810e-06
9.021618461702019315e-06
8.454515015425082691e-06
7.932956001847439587e-06
7.447181815223302692e-06
6.991228656261228194e-06
6.573647048450462746e-06
6.198994348475631552e-06
5.862499210707028227e-06
5.565150483259155387e-06
5.307742382380335394e-06
5.082123061583843421e-06
4.872696520881921420e-06
4.690951224498955505e-06
4.528660360847424843e-06
4.381280632514972240e-06
4.245255369520843128e-06
4.120704215893056413e-06
4.008562715777467400e-06
3.904136277318078460e-06
3.805533409225366445e-06
3.713723973911934885e-06
3.630066422980841433e-06
3.554296017682645300e-06
3.484241862376317735e-06
3.420282822238126205e-06
3.362931306583050342e-06
3.481856886840735844e-06
3.280708847341884309e-06
3.218991946596361400e-06
3.175459748187373872e-06
3.135896182963430769e-06
3.096002008836270296e-06
3.056193713746324563e-06
3.020283111254684542e-06
2.989733525282645048e-06
2.962767575809266334e-06
2.938215175163350068e-06
2.915058879201145194e-06
2.891777315502016071e-06
2.870177134658054731e-06
2.852368925232440064e-06
2.835026922790954708e-06
2.818350806895371893e-06
2.804055876974113300e-06
2.798445765013942227e-06
2.807836343284483054e-06
2.813237604944637031e-06
2.798830996653123378e-06
2.738770376708998810e-06
2.769335545356928653e-06
2.875558455646872506e-06
2.700979856247916634e-06
2.577622653916478225e-05
9.930360920407111503e-06
3.451216298344661651e-06
2.994235273945378140e-06
2.906439848023486055e-06
2.853322977595477379e-06
2.808067771790471408e-06
2.765902627288596789e-06
2.735066126054637882e-06
2.708471170838796202e-06
2.681866222549918538e-06
2.659562665030535014e-06
2.640431527349088821e-06
2.622543164913319383e-06
2.602399467832583553e-06
2.587825258615339323e-06
2.572975165548996132e-06
2.568814234867507472e-06
2.605491162436616473e-06
2.551635327563417292e-06
2.647130160463954421e-06
2.756626080705852198e-06
3.333514132464187982e-06
2.853939539212054559e-06
2.530974018100095976e-06
2.939390007365242762e-06
2.616040058001089989e-06
3.912590815010237938e-06
2.709850249023778265e-06
2.467893049621731290e-06
3.306430448901665016e-06
2.749265047441440571e-06
2.527755327719205525e-06
3.109875334909399308e-06
2.651739472033417135e-06
4.045600019253470406e-06
2.453320920873617873e-06
2.830529479069810064e-06
2.939587890674981176e-06
3.353830985967457774e-06
3.184178615356359017e-06
2.483113375243798865e-06
3.098817686956560105e-06
2.319274100652061671e-06
1.516066793101345024e-05
4.692819751047258040e-06
2.468435597317390243e-06
2.420415978576784424e-06
2.323019835633507048e-06
6.633619750573416071e-06
2.769670413726999128e-06
2.390289656280704993e-06
2.289649349525765036e-06
6.211313439052900892e-06
2.605580345971248049e-06
2.783721068529605978e-06
2.609306371444593699e-06
2.644624673090826586e-06
7.537805443765440391e-06
2.886010908090004936e-04
8.867076739988987994e-05
6.357664392453443555e-06
2.778773227873898662e-06
2.464900679418254630e-06
2.392192345723742450e-06
2.327799533456224518e-06
2.575673651487401807e-06
2.314542219513290082e-06
2.495040837402484697e-06
3.000487906016739353e-06
2.306215336981646583e-06
2.188714624177616040e-06
2.211517335126700261e-06
2.172019757532931645e-06
2.410362120978485743e-06
2.206236642147511512e-06
2.894295649487806449e-06
2.210385434864292450e-06
2.156062438037527690e-06
2.990839758846656687e-06
2.184278635771382417e-06
2.146082438988135627e-06
2.307349056233457939e-06
2.518282258279214147e-06
2.150828966781167299e-06
4.339708311817958020e-06
2.530747500865497111e-06
2.104401535992413745e-06
2.055069937038448653e-06
2.069602809721497134e-06
2.424677302315103758e-06
2.132350861453839465e-06
2.968231179541665644e-06
2.148859482531406514e-06
2.413628768257088712e-06
3.243354653174416663e-06
2.069218938534807611e-06
2.728355639192159288e-06
2.227842586914145254e-06
3.919730200626266725e-06
2.643102576863990730e-06
2.152384721891091241e-06
2.702041213827518182e-06
3.293352934482148347e-06
4.036322354750154603e-06
2.724839960895527119e-06
2.507595358262430531e-06
6.705964665343344677e-06
2.456605046366651808e-05
9.477244693698594889e-05
1.365853381685155910e-05
2.596482518886962870e-06
2.023719055917657263e-06
1.976023236238688611e-06
1.956437298152498548e-06
1.943662865263225645e-06
1.933008419049050095e-06
1.923644492762832500e-06
1.916121270066166014e-06
1.735887371220693891e-05
2.628217415197771875e-06
1.945298549799190369e-06
1.913397735127849151e-06
1.898186974358395589e-06
1.892492745506994250e-06
1.888673659777850759e-06
1.886093961426619624e-06
1.882599970789063581e-06
1.876846037400052177e-06
1.871914192482411995e-06
1.869054411448208474e-06
1.867077764927671439e-06
1.865838396497565512e-06
1.864176670096640052e-06
1.860553512263626037e-06
1.856096059782430487e-06
1.855467201039573368e-06
1.854914557952724863e-06
1.854315026624438677e-06
1.862224636776469747e-06
1.889790144105063561e-06
1.904868190649722322e-06
1.861932958036049968e-06
1.908828123002119165e-06
2.238641150142939380e-06
1.866751370016572679e-06
2.116920525926010119e-06
2.336910631584032756e-06
2.120729459420545196e-06
1.912429596965618297e-06
2.769561304679276323e-06
1.888732545770229313e-06
2.764073364384482100e-06
2.286983404549876658e-06
3.655103895046825888e-06
2.116861810463887936e-06
4.119833685460132053e-06
2.791144921350981709e-06
3.788751655520172790e-06
2.696670427818996084e-06
4.461956647598223563e-06
2.089016023395136662e-06
4.832659764512452036e-06
4.589085722273011755e-06
2.384114888324499144e-06
2.225243853596718234e-06
4.397902061252049502e-06
6.286572238423105202e-06
3.539863947329043460e-06
2.004511600262048887e-06
1.843638074205955490e-06
2.882477698070336479e-06
2.220780856987403240e-06
4.046898364625425149e-06
2.659775478302132457e-04
7.496523818796655423e-05
3.726180276923211305e-06
2.085699050743035873e-06
1.963460560242917191e-06
1.925308269316398405e-06
1.898764317805519843e-06
1.877541808426030954e-06
1.862131728103122483e-06
1.850293870120367501e-06
1.841417277622288798e-06
1.834938139685012450e-06
1.830141172831645235e-06
1.825758958299653936e-06
1.819925694235280304e-06
1.811097752124624179e-06
1.802281406071415446e-06
1.796239284127902233e-06
1.791776969639613568e-06
1.788407632830058034e-06
1.785940446552558654e-06
1.783874677130370358e-06
1.781256575365356776e-06
1.777286900050967276e-06
1.773797619838054193e-06
1.771893622996382514e-06
1.770732365002913824e-06
1.770485141605604440e-06
1.771110055415192704e-06
1.771061912828978843e-06
1.768012934159438881e-06
1.763006616783968554e-06
1.761254263025572749e-06
1.762551232786790891e-06
1.766092786207688457e-06
1.767099964429992957e-06
1.764712703788973116e-06
1.775962952403157710e-06
1.804850838501200447e-06
1.834967342044061932e-06
1.831499874545746427e-06
2.228128979216610977e-06
3.182831551384879107e-06
1.803641517502304216e-06
1.757357218442242176e-06
1.762751120774434407e-06
1.759194712273407953e-06
1.781782301198594173e-06
1.830546242824008597e-06
1.835008921110177885e-06
1.798177049749938263e-06
1.840253412410674998e-06
1.965760141805124751e-06
1.877174853840794280e-06
1.914096609804497813e-06
1.990859622461963861e-06
1.877704047122582186e-06
1.971905737718771064e-06
1.974048673976843210e-06
1.915426389587082583e-06
2.010932886757170118e-06
1.970865510732740764e-06
1.968204170073780111e-06
2.030643095925673426e-06
1.985024857731332389e-06
2.019467395560544266e-06
2.051544125455014288e-06
2.033395113206400585e-06
2.063847402193156805e-06
2.084892105358448874e-06
2.144327148319765276e-06
2.178378808063522778e-06
2.246718986498308283e-06
2.316334231030244514e-06
2.365479231987895578e-06
2.391169668195895166e-06
2.434268859966929550e-06
2.452532354861129343e-06
2.375671071301136900e-06
2.241992638118972621e-06
3.135491450242018906e-06
2.124323816588002786e-06
2.447650388148758793e-06
3.103044427158844608e-06
2.015027106002283649e-06
2.160564213227189696e-06
2.567068808427090411e-06
2.536687842772759532e-06
2.274106960461116064e-06
2.734569723846410387e-06
2.359934285323106451e-06
2.986218513948794236e-06
2.084829096323422608e-06
3.662339114877492542e-06
1.948874925498481939e-06
1.823732714001380330e-06
2.760326443270363132e-06
3.294992673848658617e-06
4.023552719445433468e-06
3.287987707759991091e-06
1.921422707103677927e-06
1.807500526259294422e-06
1.875576003840251360e-06
1.939471989468681280e-06
2.541945078367765196e-06
2.878730310840183107e-06
2.234750210542794585e-06
2.844423382460566689e-06
3.715635242921659293e-06
1.990103866470841959e-06
1.954701713202666894e-06
2.119869119117841470e-06
1.586505091684860608e-05
2.958566401503048837e-04
2.988305115347126496e-05
2.915556592597567942e-06
1.880694424016837687e-06
1.797865653922296270e-06
1.773649925477608629e-06
1.759272288381907771e-06
1.749353657487517921e-06
1.742393491592034987e-06
1.737560417799007430e-06
1.734106441138768152e-06
1.731632266910310136e-06
1.729962336109262291e-06
1.728799168176920005e-06
1.728023285825959922e-06
1.727228444300029243e-06
1.726237053389922864e-06
1.724741025554976659e-06
1.722749091944327522e-06
1.720631890596753925e-06
1.718929638627741951e-06
1.717711685008301576e-06
1.716834105991438264e-06
1.716211386337818112e-06
1.715867351019066286e-06
1.715821584487760849e-06
1.716098267934285104e-06
1.716652282842308756e-06
1.717254963295999957e-06
1.717443603865831307e-06
1.716647019141722372e-06
1.714886271505141172e-06
1.712986537919884265e-06
1.712193720019664905e-06
1.712313193517426593e-06
1.713088253533593711e-06
1.714902956943357547e-06
1.717879354146134532e-06
1.722151970777000950e-06
1.726830877638955509e-06
1.730019365216624867e-06
1.728825073617675349e-06
1.721845743910914047e-06
1.712993131756472119e-06
1.707854217632605744e-06
1.705590921119437595e-06
1.704240954344034752e-06
1.703704822375584584e-06
1.703730356439336817e-06
1.704278846167047452e-06
1.704270672083415225e-06
1.703365088208859963e-06
1.704083062274245644e-06
1.706624620586201905e-06
1.711399636405985845e-06
1.719208758762154735e-06
1.727475796542421534e-06
1.727732596161028236e-06
1.717871119429522201e-06
1.714277283326737149e-06
1.723476733180480783e-06
1.740614724591675123e-06
1.754328059178078632e-06
1.739945457757130456e-06
1.736042158502944678e-06
1.774302400766221898e-06
1.842822772838796164e-06
1.823369874879669306e-06
1.803725441125910440e-06
1.908205443138891962e-06
1.993294684628684186e-06
1.868655440754688920e-06
2.030029094157725922e-06
2.059234062320077460e-06
1.951485846044913054e-06
2.064918775583161373e-06
2.081516079973274193e-06
2.014704728026117579e-06
2.114331649257413479e-06
2.115875933365411478e-06
2.074889869163598717e-06
2.134985372019097392e-06
2.092331851599738171e-06
2.166558592383201802e-06
2.215660182021868697e-06
2.103660343285203728e-06
2.169702128185235779e-06
2.275152557255448195e-06
2.252034630600974366e-06
2.227421445392489469e-06
2.236223614697034189e-06
2.248518327026734728e-06
2.247669757101296645e-06
2.244711280733705999e-06
2.243159792669757650e-06
2.242052210021938748e-06
2.245137272893771381e-06
2.248195751993383161e-06
2.252629413609004946e-06
2.259027902103601539e-06
2.267252818910492267e-06
2.268567019806748143e-06
2.253613301187821699e-06
2.238351570819455996e-06
2.235200311891579436e-06
2.239724665287212702e-06
2.247380473363591506e-06
2.246503250565486544e-06
2.242783273231907600e-06
2.242333497785390940e-06
2.241030279037659141e-06
2.238529445245755406e-06
2.236857934197662977e-06
2.238456371136028898e-06
2.236305234267395822e-06
2.233148370578419502e-06
2.226252953126580271e-06
2.219591139388891501e-06
2.253687701643988010e-06
2.335961604179222652e-06
2.994152926779255257e-06
1.850471202639407006e-06
1.950262882625490230e-06
2.425232802731140065e-06
2.086730844060487830e-06
2.169409333419025728e-06
2.330105739171509878e-06
2.256723852648671434e-06
2.212668979003259200e-06
2.286675415537805282e-06
2.507122451333998554e-06
2.502313755788539586e-06
2.081250014877393179e-06
1.863976168200073009e-06
2.486579118491742330e-06
2.479051355900689042e-06
2.740908738966633601e-06
1.799848094681995864e-06
1.968513026895379796e-06
2.507664783024665582e-06
2.801234143134934299e-06
1.875023929187591463e-06
2.463753219217323931e-06
1.780637095786611691e-06
2.255117044569488001e-06
1.615019114827494567e-05
1.637071401849728657e-04
5.036916835100176408e-05
3.535263609440638267e-06
1.875266173101408555e-06
1.788936860217897130e-06
1.758248655884623584e-06
1.740514922706400517e-06
1.733615617164711291e-06
1.730244408311894806e-06
1.728454291575568785e-06
1.727543155993771591e-06
1.727056409587627735e-06
1.726357735757725603e-06
1.724834839933464452e-06
1.722512066256361682e-06
1.720401473903621124e-06
1.719359462034238679e-06
1.719207970533413170e-06
1.719840959898040912e-06
1.721455343310178018e-06
1.724119870990155907e-06
1.727759577837180904e-06
1.731468413860663130e-06
1.733387963061735210e-06
1.731380549093349505e-06
1.725077754599624356e-06
1.718081955459638181e-06
1.713908867865636006e-06
1.711762449000767954e-06
1.710477071507436174e-06
1.709853476465165439e-06
1.709796996844185467e-06
1.710091532913793259e-06
1.710057999086226626e-06
1.709576436799883045e-06
1.710475044092163401e-06
1.713069718789483844e-06
1.717773564754073325e-06
1.725212916880991627e-06
1.732827274736337173e-06
1.733595619649956229e-06
1.725253902880770786e-06
1.718520021161869726e-06
1.722214252216266179e-06
1.732287660161091523e-06
1.747086859419747863e-06
1.754135257669986501e-06
1.744416340443422129e-06
1.733158001115953084e-06
1.741816345202096230e-06
1.770219807895045918e-06
1.801817768409819025e-06
1.813654337941746637e-06
1.817449651753122368e-06
1.819760126409164471e-06
1.823156725322405734e-06
1.827525017006337378e-06
1.831854247787608433e-06
1.833644284943147711e-06
1.830720221581335314e-06
1.815744913831925492e-06
1.791683678220579253e-06
1.813802701159753861e-06
1.879682872640842149e-06
1.920412417651580844e-06
1.907874472332574907e-06
1.955677464593463641e-06
1.974018645493439730e-06
1.973794068514204619e-06
1.994544186345592522e-06
1.998222736195505879e-06
1.997469416892272505e-06
2.005174242943515754e-06
2.008222005163891756e-06
2.014857989252050259e-06
2.019550830330747991e-06
2.021915209600895841e-06
2.026996279861729373e-06
2.030612533114132740e-06
2.033948669577512107e-06
2.078979438617049604e-06
2.066844149339885747e-06
2.061621436647935023e-06
2.074032787883576485e-06
2.065027812629220344e-06
2.061035983539720101e-06
2.068384067873315406e-06
2.073324823944252065e-06
2.075156188160084089e-06
2.080591139019816098e-06
2.073956420645117929e-06
2.052205210626804453e-06
2.118149495800025761e-06
2.202610960466699738e-06
2.060789639320622332e-06
2.395030219304317312e-06
1.860180429957836126e-06
4.198401957940707710e-06
4.076388427165511191e-06
2.651905451026929662e-06
3.328581681216746971e-06
2.017610374120219498e-06
1.845720449485573628e-06
1.733583925063915875e-06
1.731809804065657413e-06
1.731253083410895902e-06
1.744330811940623557e-06
1.770401996736836778e-06
1.790568027596843147e-06
1.806693042757008973e-06
1.848370266088750298e-06
1.853522564942977666e-06
1.833976762100064577e-06
2.325626038176172293e-06
1.841552871913639497e-06
1.836198155539629307e-06
1.964300971242967810e-06
2.237449060279080461e-06
2.081273502578066210e-06
1.981612198657482432e-06
2.217986767997596596e-06
2.530952129594273534e-06
1.793561170870816610e-06
2.235349253017678271e-06
3.300292989176038286e-06
2.141930845785585112e-06
1.906991716775034230e-06
1.876982594239962054e-06
1.867443302216997836e-06
1.986672183799479636e-06
1.896857448476415177e-06
1.864143522804321714e-06
2.547006757443644706e-06
2.464160377257939957e-06
5.119085513645889837e-06
2.045312754902776572e-02
3.174952710202584572e-02
5.041734629776329149e-03
4.866858580498956144e-04
1.304975058398364697e-04
8.251539438788312877e-05
4.189246174064464596e-05
3.181800432988287350e-05
2.699209398997481845e-05
2.359314312343485586e-05
2.104928341092697079e-05
1.902133596255832019e-05
1.765751955341935756e-05
1.622050761701151198e-05
1.476364501892627883e-05
1.364719658643783437e-05
1.270990063252005094e-05
1.188400789639369319e-05
1.115287668653763797e-05
1.048615546703028227e-05
9.901711261287951898e-06
9.364246792150272508e-06
8.872575229664410323e-06
8.436007844162910979e-06
1.791320413152182876e-05
9.515922450494447582e-06
7.552828689464756090e-06
7.128022707547642883e-06
6.848762147152834797e-06
6.591970122826751152e-06
6.389546418480070336e-06
1.322054523977082389e-05
1.063218443656902859e-05
6.252707074357507525e-06
5.777356136604794301e-06
5.629859257775630604e-06
1.988577846532279956e-05
8.511170957111365698e-06
5.939446161088804940e-06
5.596631399384932423e-06
5.413555436462047849e-06
5.280719157478112022e-06
5.142942230425736133e-06
5.033947036281460727e-06
4.930534244825442689e-06
1.632823471785134969e-05
5.659274635642456455e-06
4.800378443784818025e-06
4.628645986789099900e-06
4.526470759932029428e-06
4.448449340088700749e-06
4.383231907922891138e-06
5.810063339595217427e-06
5.533461611169817632e-06
