8.667911757402180619e-04
2.148929333088744952e-05
1.267672992980806238e-05
9.829403916228330102e-06
8.558774056837137933e-06
7.674438033973274693e-06
7.207335352177324578e-06
6.995106837166531206e-06
6.643246906605781750e-06
6.742469552136754224e-06
6.545343176185269569e-06
6.390220250978017920e-06
6.626014460380247599e-06
6.171488712425343353e-06
6.213178062353108883e-06
6.103209666434850180e-06
6.076001322981028759e-06
5.972571109396085647e-06
5.901326824186981296e-06
5.802983073408541007e-06
5.784366478565061393e-06
5.716922780720778770e-06
5.672858426351013098e-06
5.625821243029349344e-06
5.461713399199652181e-06
5.462725091547327154e-06
5.365678111957094759e-06
5.399692045102711208e-06
5.359498138659546351e-06
5.517738366052071526e-06
4.986497815480106578e-06
5.249928256034763424e-06
4.932572664984036237e-06
4.976220382104657197e-06
5.357877428195933807e-06
5.213488238950958848e-06
4.820943290724244502e-06
5.081715485175663766e-06
4.434352606494940492e-06
4.877637400113598803e-06
4.645636718123569018e-06
4.786363283528771683e-06
5.070783959126856474e-06
4.804817374406411342e-06
4.221126580432610625e-06
6.206879074852622444e-06
3.853137845908350049e-06
4.075221868333756060e-06
4.920340777516685160e-06
3.897833623796032111e-06
4.540776142221148300e-06
4.797388646693434227e-06
4.255160908996913315e-06
4.135345300255721397e-06
4.287840963570488011e-06
4.079132390870654591e-06
4.304463877815578565e-06
4.655051179724978622e-06
3.775065058562177204e-06
4.728473082877826934e-06
4.239210719561014936e-06
4.040724402329942542e-06
4.124619169942888960e-06
4.168322088844434299e-06
3.906104979023439228e-06
4.018618121790495968e-06
4.012399493831253223e-06
3.920775254755426363e-06
3.896301359418430704e-06
3.869695838147891025e-06
3.856945132838518678e-06
3.778381490064930251e-06
3.798906219572017831e-06
3.706224756570008914e-06
3.784910641115857085e-06
3.671811914500722213e-06
3.649508071248419634e-06
3.784995820979020006e-06
3.475005436257561121e-06
3.739735889212170336e-06
3.517775402315237646e-06
3.606481677707051892e-06
3.360495641118177632e-06
3.537693337420932915e-06
3.529022150132732282e-06
3.333006326329268784e-06
3.343480232160800437e-06
3.545805265048329517e-06
3.225157721544746688e-06
3.352960302436258508e-06
3.364605061051406834e-06
3.305616465922867030e-06
3.253677190286907767e-06
3.253017434872163096e-06
3.267143825951279909e-06
3.183921148774970958e-06
3.286679976781669968e-06
3.179546462206417261e-06
3.093355250030072192e-06
3.207383456356182974e-06
3.074113935781497343e-06
3.208163959698140507e-06
3.109722947556292672e-06
3.071661618605503260e-06
3.108725934453104855e-06
3.069624614226995449e-06
2.997497324486175870e-06
3.007694431289564818e-06
2.954795944560828316e-06
3.101118991253315590e-06
2.959036942229431503e-06
2.920381270996585988e-06
3.080736452147903054e-06
2.987608726243706718e-06
2.944299824321206028e-06
2.913526542442923342e-06
2.880621287886242346e-06
2.900560165244314839e-06
2.887618963995919279e-06
2.810348483990310495e-06
2.901054513131384670e-06
4.509864970032140236e-05
5.516021215044020074e-06
4.494289228205161330e-06
3.933610009880794949e-06
3.769879876927006786e-06
3.608825893479661504e-06
3.580561931357806350e-06
3.529228996512756651e-06
3.510616068069793982e-06
3.509143205064901697e-06
3.524550486417865766e-06
3.410357328448299170e-06
3.307022311673790564e-06
3.354283970793403365e-06
3.365647722830544723e-06
3.401543189056610420e-06
3.387860659813668649e-06
3.374268683273839862e-06
3.358149047016922681e-06
3.375757457888539766e-06
3.398554888462968090e-06
3.319663253478211253e-06
3.390199010482319796e-06
3.293707818556867938e-06
3.236669801935931917e-06
3.368204635307847537e-06
3.198299375526403344e-06
3.249315839184418901e-06
3.298656203014615887e-06
3.161551946959661968e-06
3.167464584521439856e-06
3.233153406654310066e-06
3.173704816390454551e-06
3.183307161407356051e-06
3.173489113805771837e-06
3.178199235662759866e-06
3.142081563964893440e-06
3.053874041825110738e-06
3.156642436579204700e-06
3.112524257176118966e-06
3.105810634451700025e-06
3.143979322430823028e-06
2.995057668613298961e-06
3.129779582877745439e-06
2.942179195315475294e-06
3.121559145711216961e-06
3.041534009753376974e-06
3.013543874885726837e-06
2.971148026063019846e-06
3.061461043216695662e-06
3.010574486097539244e-06
2.902928431467444119e-06
3.037094319324751099e-06
2.874826315064638191e-06
2.987000291341246542e-06
2.899459714171825840e-06
2.925906214841233846e-06
2.842805350837806902e-06
2.877055349017609893e-06
2.831040519595262781e-06
2.891192293645872201e-06
2.922270002727600649e-06
2.777592201255174468e-06
2.856337415551024538e-06
3.073716670769499801e-06
2.800537141638415152e-06
2.727180644797044874e-06
2.718024987871103685e-06
2.836523085534281766e-06
2.775050415948499164e-06
2.770167398011835876e-06
2.757689995860346295e-06
2.858890636616706666e-06
2.707180321976920975e-06
2.669090258677897424e-06
2.726383786466612777e-06
2.742770814165851199e-06
2.877615315810544416e-06
2.697673794500588042e-06
2.694862585030932729e-06
2.726198224536346936e-06
2.734847112151328644e-06
2.696440380987042066e-06
2.722052106491901112e-06
2.624078574626764562e-06
2.628565991926734619e-06
2.595304413262056085e-06
2.701916668002013636e-06
2.581775341923275880e-06
2.605047731094600952e-06
2.605895972465077529e-06
2.685169851019963870e-06
2.606356289334144213e-06
2.640218332317090329e-06
2.566263017342862305e-06
2.528524112221930494e-06
2.518804384408213285e-06
2.621254332098033199e-06
2.520184158356641900e-06
2.679768260804848809e-06
2.579644190063845785e-06
2.492690833832966661e-06
2.589612200836199765e-06
2.460518356883767580e-06
2.459891480839360054e-06
2.427831157092441487e-06
2.492395416311410338e-06
2.443858520564390228e-06
2.485436500592186365e-06
2.458803522813468776e-06
2.632398488913168017e-06
2.591691270481533138e-06
2.542647190466596032e-06
2.548708669110055678e-06
2.582898572427438854e-06
2.488425867568366829e-06
3.199922181238435063e-06
2.354773819206456967e-06
2.328681724748094018e-06
2.470298788921354724e-06
2.452995521480261130e-06
2.415835724605131149e-06
2.454776328022489872e-06
2.475349722317332838e-06
2.396019797288317881e-06
2.338025766448481472e-06
2.468335100047624850e-06
2.523733545558570903e-06
2.471465585358601100e-06
2.341382064514618985e-06
2.353845853804159543e-06
2.340107242844169191e-06
2.352002895804617042e-06
2.451652316040053644e-06
2.590126375707768501e-06
2.458579156154883196e-06
2.370238449884709621e-06
2.394128682681184897e-06
2.347142386724954071e-06
2.411248491398510077e-06
2.389291572626461823e-06
2.332418193873308895e-06
2.319776060630829255e-06
2.505539069943552073e-06
2.262826416199459176e-06
2.412291424889190188e-06
2.293770526193839235e-06
2.374113366840901967e-06
2.354122252654633519e-06
2.386407786616473340e-06
2.321772064988181075e-06
2.312602198344393248e-06
2.270996894822019538e-06
2.256405819025530996e-06
2.386316025422274647e-06
2.367815161505859781e-06
2.260168405427975711e-06
2.296746419006012560e-06
2.468040237317836913e-06
2.373795726953176335e-06
2.184045324611361122e-06
2.426393702990026078e-06
2.266302933549013891e-06
2.332239195084184774e-06
2.284252592517077472e-06
2.323901269392081117e-06
2.232817892036109578e-06
2.214457236959788303e-06
2.238296345922208393e-06
2.341371900911326419e-06
2.347036720493633800e-06
2.322895049928774977e-06
2.286859897822068956e-06
2.179954880148216051e-06
2.203711727588597738e-06
2.193289785736851678e-06
2.277023409078537817e-06
2.315056083261879411e-06
2.698355763186555208e-06
2.400885955466946968e-06
2.266132094064232576e-06
2.198905815475882433e-06
2.219296488874533612e-06
2.242408697838982334e-06
2.193363518472324257e-06
2.188088220691497690e-06
2.256019845390255999e-06
2.210138219425061953e-06
2.263910744204622461e-06
2.272816673212218911e-06
2.178310770659664034e-06
2.088214740751936848e-06
2.109548123598870142e-06
2.177441483581787890e-06
2.287064305619423858e-06
2.209109320574498066e-06
2.090481923460174686e-06
2.309080990698930843e-06
2.074376324117110858e-06
2.263297309355039236e-06
2.198923065179769561e-06
2.105782176613502105e-06
2.208058538144541756e-06
2.085301042598075498e-06
2.153506038666819375e-06
2.104197764083437454e-06
2.152122632423925216e-06
2.134519040737359217e-06
2.111142755438777233e-06
2.242494969095787552e-06
2.353220373834119375e-06
2.057175111076503594e-06
2.066026503371176507e-06
2.112152549216261917e-06
2.016659152559441281e-06
2.187072034303127868e-06
2.132220074599899936e-06
2.046418783265835424e-06
2.160123472094710451e-06
2.196161252641104714e-06
2.120670339991192829e-06
2.023367876518022815e-06
2.147900095224031146e-06
2.130115565250889648e-06
2.335355433160657294e-06
2.061439744238668936e-06
2.053306824336686783e-06
2.109554761773324775e-06
2.133668609758387936e-06
2.059607588762446692e-06
2.054999099527776521e-06
2.088734577228024204e-06
2.019414803271502125e-06
2.159189825761131790e-06
2.018762060060908089e-06
2.013898345012421453e-06
2.189498734423977920e-06
2.113866411264098116e-06
2.066528440991532819e-06
2.283843614350189336e-06
2.075400270769023320e-06
2.049878221441758746e-06
2.050884829714050097e-06
2.010297276910933020e-06
2.053268538020347325e-06
1.988272628068443551e-06
2.188081333542868294e-06
2.074488132848273364e-06
2.032316981512849316e-06
2.000695035349053864e-06
1.985542205602541951e-06
2.112506267621938673e-06
2.028108386866733917e-06
2.058057965541592996e-06
2.044934559535249651e-06
2.194887712221315992e-06
2.128849282598821480e-06
2.109773423626393095e-06
1.961156231118366190e-06
1.934173196787014536e-06
1.990467097812143038e-06
2.068482599497656270e-06
1.964680175206012588e-06
2.055044615190127103e-06
1.957598043418329139e-06
2.069042299126522402e-06
2.171541424331735589e-06
1.968623231505262117e-06
2.045116856379536262e-06
1.957522404154588020e-06
1.981120843765893420e-06
1.994346355331799561e-06
2.130508976279088597e-06
2.019642755612949343e-06
1.983116042083565810e-06
1.966483963542487009e-06
2.052394949032532235e-06
2.064217353563435541e-06
2.049648529691694302e-06
2.121613963481650125e-06
2.077451179047784569e-06
2.032003732210796612e-06
2.004458308419998316e-06
1.993548147538604014e-06
1.984018193752490316e-06
1.963323602467425997e-06
1.987054266692212171e-06
2.120291095479842726e-06
1.962870492207002979e-06
1.921671611171404948e-06
1.997926154899687237e-06
1.980976102231579750e-06
2.006754434660251684e-06
2.028786165055862308e-06
2.020522815655567751e-06
2.033563490613232597e-06
2.009495207175859781e-06
1.968666140328423353e-06
1.961454314596267000e-06
1.962174715117726043e-06
1.958318932793190470e-06
2.025119331392488624e-06
1.987361354167660449e-06
1.980746399112831365e-06
1.984761889843866913e-06
1.927507485106616582e-06
1.925386025050101831e-06
1.900841924680207807e-06
4.661679173523225303e-06
2.138184271416321280e-06
1.923549931461820842e-06
1.936847140768804939e-06
1.891928038730838984e-06
1.913319904360832812e-06
2.081904327724259810e-06
1.907382852550654206e-06
1.913278456413536468e-06
1.867576057748010549e-06
1.862719727796502411e-06
1.870797807441704106e-06
1.892399315011061861e-06
1.875145321719173774e-06
1.924790024077083386e-06
1.832113437103544205e-06
1.978564334876864603e-06
1.852988448263204165e-06
1.922467489521295766e-06
1.934486008394742266e-06
1.904950779589853457e-06
2.034493858218411384e-06
1.918559095201999247e-06
1.864757578005082812e-06
1.886015760419468313e-06
1.897165706168379908e-06
2.113936997147902594e-06
2.057393649010919238e-06
2.002388083610640193e-06
1.961933785423752648e-06
1.945030663819124869e-06
1.904137812971384855e-06
1.895009833106087121e-06
1.940363896437702148e-06
1.943043918117837250e-06
2.230831386214049484e-06
1.960851225248916443e-06
1.942951971614093190e-06
1.898901318782009252e-06
1.927436721871344986e-06
1.905115274212221257e-06
1.909296535131943495e-06
1.866788411462039170e-06
1.850479798122250881e-06
1.822059471123793586e-06
1.773082966565198250e-06
1.824363883997648338e-06
1.840566430928447415e-06
1.963786091891961473e-06
1.836280289353453580e-06
1.817787242544000003e-06
1.839633169993248910e-06
1.855031077866442493e-06
1.795982606154211714e-06
1.949033976416103559e-06
2.011680501254886655e-06
1.967536803704206250e-06
1.956659654069880868e-06
1.930252967667911451e-06
1.949109948782279592e-06
1.899307135317940290e-06
1.856592654121413884e-06
1.873214965826264216e-06
1.840513402839860604e-06
1.880791666053482829e-06
1.914147053412307185e-06
1.830862032647928572e-06
1.811506513149652249e-06
1.784449557362677381e-06
1.812578399267295128e-06
1.812262019029731248e-06
1.827030507683957779e-06
1.799242069182582714e-06
1.835016497579999909e-06
2.230229325732579969e-06
2.055816631809648039e-06
2.031289250226109204e-06
1.912953854343868528e-06
1.874545131386184906e-06
1.887250338086232583e-06
1.833645292208530068e-06
1.836104935364346661e-06
1.870961043550778506e-06
1.811119134345062869e-06
1.823922985977333155e-06
1.823762299864029029e-06
1.794540065702676614e-06
1.779635431375936690e-06
1.787577992899969163e-06
1.814227382510580389e-06
1.819233800688380168e-06
1.765067621590787920e-06
1.765895771086434328e-06
1.846643563112593315e-06
2.047390720463226949e-06
1.808096961894989397e-06
1.731034634531170005e-06
1.708938436877360902e-06
1.762159934060036819e-06
1.788907110267245983e-06
1.974631170469365417e-06
1.860395092307953644e-06
1.857039769674884215e-06
1.946825457252998637e-06
1.870551120646268845e-06
1.925557621689222389e-06
1.839360437543291457e-06
1.866352292836381914e-06
1.894247885729782798e-06
1.797720649392431428e-06
1.762793809803042686e-06
1.749017616248238525e-06
1.733911046812863720e-06
5.048223964649878732e-06
2.204026186518603868e-06
1.857024030869069882e-06
1.775868985305350987e-06
1.747761713204454214e-06
1.708885168909546354e-06
1.715337439236463945e-06
1.783759686304620211e-06
1.785585850484494611e-06
1.757436060643158305e-06
1.923547144997428523e-06
1.824673767032436385e-06
1.807075240094491181e-06
1.794754322190783645e-06
1.768292512451807818e-06
1.785089483519186657e-06
1.805200037097165393e-06
1.778446770686059659e-06
1.795418459096254006e-06
1.799465742351458234e-06
1.765196034284599540e-06
1.751794369511117162e-06
1.826731344181098402e-06
1.912471497007573059e-06
1.827900916850921931e-06
1.751074092908311218e-06
1.707500414340756884e-06
1.694665637614889403e-06
1.710665422933743625e-06
1.681623089098138642e-06
1.715739576866326380e-06
1.719311479746466022e-06
1.708547634962087580e-06
1.854352190093777540e-06
2.000208658046176628e-06
1.802041650762475936e-06
1.772847869006000059e-06
1.850520499147023572e-06
1.777335145334291105e-06
1.725370465237574468e-06
1.730621113438246624e-06
1.754744644131278526e-06
3.701252111341091341e-06
2.099007358538074237e-06
1.784048967010676270e-06
1.706021491827414164e-06
1.691842688842370981e-06
1.724342872648776452e-06
1.735576465762278429e-06
1.748715426401759091e-06
1.753420277736949990e-06
1.710437924202778942e-06
1.786639348893004370e-06
1.759604818971638443e-06
1.723069610761740486e-06
1.686013680455289423e-06
1.659164259990575366e-06
1.688142650664303699e-06
1.739853377102917918e-06
1.861498886910339841e-06
1.759230573270542613e-06
1.702546376236568988e-06
1.703565434354459209e-06
1.687769320142251613e-06
1.692444175205309918e-06
1.748401095937879257e-06
1.804471570494570086e-06
1.859881857626533028e-06
1.920143046163502901e-06
1.798479150920684350e-06
1.709738952513362071e-06
1.719927251997432862e-06
1.702694713685559674e-06
1.754601843231284798e-06
1.741307314659934398e-06
1.725046149658737747e-06
1.687768781266640787e-06
1.665360634888202244e-06
1.700247108828989490e-06
1.874586099575026412e-06
1.782887045465031491e-06
1.774801573901640975e-06
1.728749435869758557e-06
1.819745843931741623e-06
1.767423415230950872e-06
1.781949268888638395e-06
1.698961160627732187e-06
1.718088036568587936e-06
1.722258105019136565e-06
1.723772694504077739e-06
1.712315454369672756e-06
1.744649035799739169e-06
1.820853267417987885e-06
1.749438290516991342e-06
1.742597584097893475e-06
1.699183696928230279e-06
1.767639462286752018e-06
1.827135970415838630e-06
1.748603259557057720e-06
1.752708943740799458e-06
1.704879749695464759e-06
1.670683020620344880e-06
1.664700022274701041e-06
1.851372968530995380e-06
1.742744449302335750e-06
1.705937315819028333e-06
1.684275396200973833e-06
1.637225145714182838e-06
1.655188571021426537e-06
1.688745655883394741e-06
1.647221167786483327e-06
1.683081425198906724e-06
1.638196458770835247e-06
1.668817491236041019e-06
1.749738108856035970e-06
1.723242957041293224e-06
1.675046088394083301e-06
1.727213697222396107e-06
1.811016851434032956e-06
1.774463614765409097e-06
1.801829283749611957e-06
1.817504038399420080e-06
1.794777492705179535e-06
1.722492445423995301e-06
1.664868476609626694e-06
1.710643863361838242e-06
1.712385404744054599e-06
1.678211590387945736e-06
1.682385218373383489e-06
1.647417129788664203e-06
1.622066098434515778e-06
6.426682761002666734e-06
3.187703291587240494e-06
2.834291353792650456e-06
2.609875346024637144e-06
2.523753829564156974e-06
2.492200374035746824e-06
2.478751110857047194e-06
2.344684489798964814e-06
2.278637003882977381e-06
2.279931923112599315e-06
2.272860392622533407e-06
2.216880270680121409e-06
2.409502918453654423e-05
1.146861417055333711e-05
4.877861958902940285e-06
4.351675424913992581e-06
4.100528844901418372e-06
3.811032520388834957e-06
3.710293860876845581e-06
3.601165358304570014e-06
3.491191130251536531e-06
3.412661826587282003e-06
3.322067248063831256e-06
3.276991569691745065e-06
3.190361871929781130e-06
3.176360703491809410e-06
3.105473822415660953e-06
